1.0 0.0 -0.0 8.257375717163086 -0.0 -0.9649129606021821 -0.26256994965519526 -27.301435470581055 0.0 0.26256994965519526 -0.9649129606021821 -3.229445695877075
0.9997937373096345 0.019451689841646913 0.00584077038905245 8.150029182434082 0.020307828165378586 -0.9535937421456239 -0.3004106640182915 -27.264999389648438 -0.0002737729692971276 0.30046731386793096 -0.9537920729096837 -3.1241137981414795
0.9990869803174579 0.040684164334825995 0.013038578623464442 8.035955429077148 0.04269338539083603 -0.9395232063860183 -0.3398138012294448 -27.225908279418945 -0.0015749933374271195 0.34006020560264316 -0.9404023479136335 -3.013025999069214
0.9977639267587306 0.06322950587304785 0.02166047197196936 7.914939880371094 0.06671346808305328 -0.9225015916153911 -0.38018433245387856 -27.184003829956055 -0.004057047612450985 0.3807792576468944 -0.9246570701133205 -2.8963146209716797
0.9957364518030494 0.08661628235496711 0.031725985905536026 7.78603982925415 0.09191095711027693 -0.9024246735221082 -0.4209300233786959 -27.138484954833984 -0.007829081283681677 0.4220513336663222 -0.9065381278450082 -2.7751219272613525
0.9929503935507316 0.11037714832027305 0.04320186426685724 7.648814678192139 0.1178212188912469 -0.8792951447679396 -0.46147395242473765 -27.08902359008789 -0.012948989397956783 0.46331083897985015 -0.8861012301974076 -2.649977922439575
0.9893900776507056 0.13405671728332974 0.05600063211739844 7.502609729766846 0.14398005548902837 -0.8532293026420494 -0.5012678931812192 -27.035057067871094 -0.0194169479503632 0.5040124538780558 -0.8634780995880056 -2.521782159805298
0.985080842409067 0.1572220076374094 0.0699783840418274 7.346512317657471 0.1699330406024216 -0.8244581628489299 -0.5398069093883322 -26.97579002380371 -0.027175276084316843 0.5436450846151648 -0.8388751553976977 -2.391965389251709
0.9800897064886636 0.1794704920599578 0.08493827002430235 7.179455280303955 0.19524464305835348 -0.7933240129071732 -0.5766424714689988 -26.910200119018555 -0.0361067388721388 0.5817450928238377 -0.812569351122354 -2.2625083923339844
0.974524137898834 0.2004376669547906 0.1006352141064692 7.0002946853637695 0.2195071192865985 -0.7602724522233187 -0.6113938362241156 -26.83707046508789 -0.046036173114556996 0.6179081971102682 -0.7849013509409349 -2.136049747467041
0.9685288127075218 0.2198057072724515 0.11677923619297861 6.807950973510742 0.24234825797239115 -0.7258399562823283 -0.6437574696435103 -26.755033493041992 -0.056738530233920226 0.6517989022041423 -0.7562664413236708 -2.0160155296325684
0.962281133304921 0.23730569008832236 0.13304521764085125 6.599474906921387 0.263436893772681 -0.6906410020783902 -0.6735102146571782 -26.666337966918945 -0.06794132383754077 0.6831551915193664 -0.7271058800582899 -1.9080859422683716
0.9559851855482113 0.2527197263822211 0.14908073285856635 6.370777606964111 0.2824862924773595 -0.6553492011151898 -0.7005133254693149 -26.579612731933594 -0.07933359675917659 0.7117936249328015 -0.6978939861685833 -1.8179724216461182
0.9498647557854614 0.2658803939971768 0.16451310526682106 6.139701843261719 0.2992541099325381 -0.6206811249468973 -0.7247081611401508 -26.505170822143555 -0.09057551217139492 0.7376059633859805 -0.6691289258224675 -1.7497717142105103
0.9441558159235284 0.27666356659567126 0.17896107447246426 5.910547256469727 0.3135397448426852 -0.5873754968820177 -0.746111824103188 -26.44154167175293 -0.10130460829478663 0.7605572276832068 -0.6413190155898034 -1.6961302757263184
0.9390982161669109 0.28498369805377566 0.1920386217293814 5.684411525726318 0.3251778699222484 -0.5561804759981454 -0.7648023476894577 -26.39022445678711 -0.11114806928127602 0.7806712303921999 -0.6149784847724135 -1.6561925411224365
0.9349274225382779 0.2907810802308667 0.2033643969963842 5.4647650718688965 0.334029063948569 -0.5278346234527006 -0.7809066491727349 -26.345970153808594 -0.11973010909364229 0.7980206599232355 -0.590616396074566 -1.6222949028015137
0.9321221059623144 0.2936286240869887 0.21196841909388703 5.251664161682129 0.3392646178412268 -0.5032752470848181 -0.7947411809845779 -26.308841705322266 -0.1266803009841158 0.8127092080126181 -0.5687317861295222 -1.5942809581756592
0.9315148125819526 0.29262929937313564 0.21598205270067494 5.04644250869751 0.3390435830846694 -0.48372405563766385 -0.8068831927649496 -26.275922775268555 -0.13164194889744785 0.8248509751135884 -0.5498102092037249 -1.5685460567474365
0.9311820047662817 0.29068775426564214 0.22000159890202245 4.848206520080566 0.33892245244173463 -0.46800854050647656 -0.816149237115295 -26.250263214111328 -0.13428196167143538 0.834546964246468 -0.534321737567054 -1.5483825206756592
0.9311801955280925 0.2876267319161271 0.2239962199313006 4.658301830291748 0.3389217768711814 -0.45666507301301534 -0.8225503268812785 -26.226181030273438 -0.13429621222783739 0.8418597710885497 -0.522720435035775 -1.5291112661361694
0.9341561458365808 0.27983466302532467 0.22146073368714428 4.4767069816589355 0.3317500975854618 -0.4522796340899134 -0.827879825421257 -26.20547866821289 -0.13150729237491662 0.8468386469434407 -0.5153349765882587 -1.510836124420166
0.9385671555360383 0.2693417775004461 0.2157468457287161 4.302931308746338 0.3212233593203545 -0.4533727432483795 -0.8314257087114792 -26.190439224243164 -0.126123938948705 0.8496517890126162 -0.512039636602211 -1.4957091808319092
0.9441283598053676 0.25637167631344954 0.20711157330158525 4.137679100036621 0.30754292187466253 -0.4593946912374254 -0.8332909869113344 -26.17677116394043 -0.11848624990276842 0.8504293511204223 -0.5125728507606273 -1.4808801412582397
0.9505338161277547 0.24110967076697262 0.19583562255179648 3.9809539318084717 0.2908792688511958 -0.4697507227266077 -0.8335007555188078 -26.164413452148438 -0.10897116751784108 0.8492351765915443 -0.5166477518477429 -1.4663708209991455
0.9574688281168257 0.22371896568831054 0.1822176379386611 3.8327512741088867 0.2713913288190122 -0.4838154837242715 -0.8320272377455558 -26.153270721435547 -0.09798055841055028 0.8460924311799518 -0.5239536316064192 -1.4522008895874023
0.9646205100572322 0.2043595269043465 0.16656666935601622 3.6927177906036377 0.24924365945901567 -0.5009447088466289 -0.8288136080555409 -26.146284103393555 -0.0859352651500126 0.8410062915591044 -0.5341568568890595 -1.4401135444641113
0.97168804788184 0.18320075232921545 0.14919725851901144 3.561160087585449 0.22462114864064991 -0.5204879198592925 -0.8237946739715559 -26.140634536743164 -0.07326443330112042 0.8339842981894542 -0.5469026542141749 -1.4285632371902466
0.9783921476658605 0.16043250031865997 0.13042322733044226 3.4381299018859863 0.19773982923800765 -0.5417993080333047 -0.8169164398808215 -26.135751724243164 -0.06039673268239444 0.8250544967795372 -0.5618160838078204 -1.417299747467041
0.9844836051275062 0.13627349995734458 0.11055118472691253 3.323622465133667 0.1688546035068663 -0.564251314895693 -0.8081513326803466 -26.13155174255371 -0.04775095925410614 0.8142788139500233 -0.5785065764902381 -1.4063513278961182
0.989750900215712 0.11097566824894725 0.0898752278377486 3.217639923095703 0.13826364435044702 -0.5872455882441828 -0.7975122467640712 -26.127952575683594 -0.03572562348120348 0.8017649407054683 -0.5965707499387108 -1.3957568407058716
0.9940265238004167 0.08482935440912534 0.06866768244080294 3.120190143585205 0.10630851337790428 -0.6102259817860374 -0.7850622594015375 -26.124906539916992 -0.024693520701590903 0.787672667917199 -0.6155988939655126 -1.3855578899383545
0.9971920050254837 0.058159941167722426 0.04717548469939709 3.0312883853912354 0.07337183263489634 -0.6326898425000018 -0.770921615583011 -26.12232780456543 -0.014989305822910637 0.772218223328542 -0.6351805540712478 -1.3758032321929932
0.9991809624398217 0.031326323204218715 0.025613780906698923 2.9509570598602295 0.03987163725567393 -0.6541981029684899 -0.7552715370083669 -26.12017059326172 -0.006903393396258176 0.7556742046324818 -0.654911321945714 -1.3665454387664795
0.9999802151840599 0.004718518550687933 0.004159906624932368 2.8791513442993164 0.006253701185877167 -0.6743828988924919 -0.7383553324130848 -26.119091033935547 -0.0006785734441465234 0.738366739001728 -0.6743990645560202 -1.3584448099136353
0.9996288557092092 -0.02124744089618988 -0.01704984131480276 2.8159866333007812 -0.027017512877999625 -0.6929529714821845 -0.7204763933064688 -26.118330001831055 0.003493541381486963 0.7206696369137342 -0.6932698389510699 -1.3509349822998047
0.9982150646835043 -0.04613738751207781 -0.0379213147513041 2.7615158557891846 -0.05947020180500738 -0.7096979581769597 -0.7019915264849896 -26.117773056030273 0.005475375437246657 0.7029937052584572 -0.711174992973464 -1.3440099954605103
0.9958708760520687 -0.06950093032504515 -0.058402216697988875 2.715790271759033 -0.09063317396280868 -0.7244811454954869 -0.6833101035393627 -26.1174259185791 0.005179383043654 0.6857818096927772 -0.7277887629565236 -1.3377282619476318
0.9927648384146123 -0.09087790867813217 -0.07848045184565533 2.678865909576416 -0.12004749545118479 -0.7372396257026493 -0.6648806908985369 -26.117265701293945 0.0025640677656649305 0.6694915533508298 -0.742815243212191 -1.3321484327316284
0.9890929203996661 -0.10980009192539494 -0.09817909466089902 2.6508028507232666 -0.1472737560444947 -0.747970629473065 -0.6471865096138925 -26.117300033569336 -0.002373940986127379 0.6545867988730303 -0.7559831262305745 -1.3273229598999023
0.9850674437464778 -0.12579481471777687 -0.11754912105541124 2.6316652297973633 -0.1719006037024624 -0.7567172555384084 -0.6307370114533853 -26.117528915405273 -0.009608002784580044 0.6415252604227982 -0.7670417371446957 -1.323305606842041
0.9808878464435891 -0.1384972806905479 -0.13666578189357184 2.621506929397583 -0.1936392765773035 -0.7636036645370354 -0.6159653188875402 -26.11796760559082 -0.019048970205140202 0.6306567582662808 -0.7758280672850071 -1.3201305866241455
0.9766655977403753 -0.14800564339064823 -0.15562339064213979 2.604746103286743 -0.21259914226089613 -0.7689454028425526 -0.6029299894326339 -26.11786651611328 -0.030428849803550373 0.6219463778910728 -0.7824683943315591 -1.3169299364089966
0.9724559244515781 -0.15454273032593718 -0.17448787780941177 2.581374406814575 -0.22899828909739978 -0.7730510214886829 -0.5915673264859787 -26.117265701293945 -0.04346560237119999 0.615230576839862 -0.7871480665870939 -1.3136730194091797
0.9682801679485188 -0.15833797303989378 -0.19329408333212433 2.5513808727264404 -0.24306342175029 -0.7761737646443897 -0.5817855791310025 -26.116201400756836 -0.05791104699993767 0.6103141595697852 -0.7900398327071855 -1.3103320598602295
0.9641342166978855 -0.15962679494741816 -0.21204834007171508 2.5147507190704346 -0.25502288316471733 -0.7785208898925151 -0.5734706209243164 -26.114686965942383 -0.07354278519820788 0.6069798269594971 -0.7913071138372945 -1.3068798780441284
0.9599945787580564 -0.15865245643058623 -0.23073752799161856 2.4714674949645996 -0.2651065065587529 -0.7802616111825333 -0.5664895041349408 -26.112762451171875 -0.09016068397786209 0.6049968728707432 -0.7911067152295359 -1.3032872676849365
0.9558255824340209 -0.15566448159958532 -0.2493311555602246 2.4215126037597656 -0.273539275685779 -0.7815361986100668 -0.560693708649763 -26.110424041748047 -0.10758122801847889 0.6041272543350931 -0.7895926417764907 -1.299526333808899
0.9515841941533184 -0.15091972482878196 -0.2677886444477893 2.3763859272003174 -0.2805411228047669 -0.7824628904796543 -0.5559213104726831 -26.108285903930664 -0.12563518556925246 0.6041316592265541 -0.7869185081488111 -1.2962024211883545
0.9472249734147947 -0.1446851845352927 -0.2860612646188393 2.3360650539398193 -0.2863257956449423 -0.783143818413831 -0.5519993645181989 -26.106346130371094 -0.1441609811552072 0.604774302575922 -0.7832404831571048 -1.2932885885238647
0.9427041256361046 -0.13723478968767633 -0.3040979184539857 2.300527811050415 -0.2910979711927498 -0.7836712072780292 -0.5487453052654406 -26.104637145996094 -0.16300583632536814 0.605826750303068 -0.7787188490983712 -1.2907605171203613
0.9379822174237741 -0.12885263561876753 -0.32184834641625365 2.2697501182556152 -0.2950549262636526 -0.7841310058194858 -0.5459680908258944 -26.103153228759766 -0.18202184013005213 0.6070713005954231 -0.7735195444906683 -1.2885912656784058
0.9330277633045048 -0.11983134273292141 -0.3392633817579167 2.2437071800231934 -0.29838347974456336 -0.7846063456112202 -0.543470497306093 -26.10190773010254 -0.20106340273286571 0.6083036509223262 -0.7678151967472706 -1.2867614030838013
0.9278176775346508 -0.11047264466862627 -0.3563006483773589 2.2223732471466064 -0.3012624673051868 -0.7851803406816348 -0.541047833745098 -26.10091781616211 -0.21998927939196983 0.6093337569731315 -0.7617854616396998 -1.2852452993392944
0.922339367092292 -0.10108460273449602 -0.37292357796443953 2.2057228088378906 -0.3038597861484933 -0.7859373947592331 -0.5384901502171249 -26.10018539428711 -0.2386615223985262 0.6099871429867016 -0.7556165450262052 -1.2840222120285034
0.9165910521282621 -0.09198370294828453 -0.3891013255571449 2.193727970123291 -0.3063347702258755 -0.786962558284592 -0.535582804437213 -26.099721908569336 -0.25694328500481495 0.6101056713800418 -0.7495006457908111 -1.2830724716186523
0.9105804518741277 -0.08349234946470789 -0.4048113983641921 2.1863622665405273 -0.30883863885673923 -0.7883424115514558 -0.5321042541629899 -26.099544525146484 -0.27470335966971016 0.6095451334643713 -0.7436348529056959 -1.282379150390625
0.904325341821568 -0.07593791910782847 -0.42003465164302456 2.18359637260437 -0.3115134641461258 -0.7901623206382129 -0.5278284462771161 -26.09965705871582 -0.2918133612345132 0.60817508949743 -0.7382194949470033 -1.28192138671875
0.8978509543232018 -0.06965074567150648 -0.4347556065749106 2.1787397861480713 -0.31449359214243267 -0.7925045137952684 -0.5225230866817986 -26.099735260009766 -0.308151657990452 0.6058757044489639 -0.7334556472181579 -1.2813183069229126
0.8911874247333158 -0.0649664287038412 -0.44895917090384596 2.171762704849243 -0.31790901892008205 -0.7954446041391616 -0.5159474173161089 -26.099788665771484 -0.32360288887225797 0.6025340196929638 -0.729543641892771 -1.2805529832839966
0.884367765941798 -0.062220978197448484 -0.46262533916255183 2.1626336574554443 -0.3218835502283933 -0.7990467119523362 -0.5078536523552096 -26.09983253479004 -0.3380601050929832 0.598040886554016 -0.7266790648933049 -1.279610514640808
0.8797433823528645 -0.05589497766180199 -0.4721518110507765 2.1517562866210938 -0.3202003996966488 -0.8037422082532136 -0.5014680116481547 -26.099910736083984 -0.3514587959355234 0.5923463633250685 -0.724984483016787 -1.279266357421875
0.8752741745819578 -0.05097513821490038 -0.4809331082321579 2.138787031173706 -0.3185737239614037 -0.8089694024321253 -0.4940438121563445 -26.099950790405273 -0.3638762175675075 0.5856364411583196 -0.7243093655864062 -1.2788074016571045
0.8709596234464686 -0.04727316087431446 -0.4890752320317774 2.1237528324127197 -0.31700337657451216 -0.8145626428564631 -0.4857947715888393 -26.09994125366211 -0.37541735917022234 0.5781461312883152 -0.724436924314333 -1.2782336473464966
0.8667941379546564 -0.04459134617162386 -0.49666843492821877 2.1066808700561523 -0.315487283122177 -0.8203628730790973 -0.47694080414826734 -26.099857330322266 -0.3861809117442643 0.5701020683351455 -0.7251537320350476 -1.2775450944900513
0.8627694568498864 -0.042726990593604075 -0.5037889127419997 2.087599992752075 -0.3140223850703755 -0.8262187064010854 -0.4677099430925432 -26.099681854248047 -0.39625598544585405 0.5617268495164988 -0.7262534960539632 -1.2767431735992432
0.8588752491065763 -0.04147319232508617 -0.5105029684443407 2.0665395259857178 -0.31260500840941136 -0.8319875489693 -0.4583392052589534 -26.09939956665039 -0.40572332344772716 0.5532419838356663 -0.7275382410101259 -1.275826334953308
0.8551007115430563 -0.04062080465817672 -0.5168681875947495 2.0435304641723633 -0.3112311830287866 -0.8375361102811162 -0.4490750657581429 -26.09897804260254 -0.4146539808431373 0.5448699057610915 -0.7288201849337316 -1.2747961282730103
0.8514342339812726 -0.039958133687013175 -0.5229369873674792 2.0186047554016113 -0.30989668999139813 -0.8427410832878512 -0.44017213459190563 -26.098426818847656 -0.4231120262260334 0.536834065695416 -0.7299215020615784 -1.273653507232666
0.8478641885594678 -0.039271536840249976 -0.5287570937137396 1.9917948246002197 -0.30859733964255437 -0.8474881385112183 -0.4318929694360952 -26.097713470458984 -0.4311542644158044 0.5293596145126627 -0.7306739346651636 -1.2723987102508545
0.8443785123801508 -0.03834466353794794 -0.5343731043090074 1.963134527206421 -0.3073286346663091 -0.8516711006889042 -0.42450612076328526 -26.096830368041992 -0.43883258555493126 0.5226720032960558 -0.730917190128719 -1.271032691001892
0.8409636604102121 -0.036957633382983385 -0.5398279866811155 1.9326578378677368 -0.3060857396622574 -0.85519025795359 -0.4182835673041449 -26.095766067504883 -0.44619686444983725 0.5169949284432115 -0.7304961342260013 -1.2695543766021729
0.837604212760672 -0.03488560237325364 -0.5451625239436683 1.9003952741622925 -0.30486298679544743 -0.8579491207551277 -0.4134995350392336 -26.094526290893555 -0.4532965277252124 0.5125488278618523 -0.7292571268144779 -1.2680212259292603
0.8342805034382795 -0.03189676135058378 -0.5504167858978456 1.8663723468780518 -0.30365325700555973 -0.8598517188361278 -0.4104262675858749 -26.093143463134766 -0.460185550721322 0.5095464828942504 -0.7270430803449085 -1.2665563821792603
0.8309673610815593 -0.027750630556706374 -0.555628605563874 1.8306336402893066 -0.3024473781465242 -0.8607981338190815 -0.409331352654399 -26.091543197631836 -0.4669248636230921 0.508189408899174 -0.7236882591373617 -1.2649962902069092
0.8276319601590595 -0.02219585326485063 -0.5608321340839151 1.7902767658233643 -0.3012333786717301 -0.8606798375497665 -0.4104737126897674 -26.089574813842773 -0.47358609576009236 0.5086625220449732 -0.719012272892167 -1.2632031440734863
0.8242303812138655 -0.014965912168382112 -0.5660567994088713 1.74533212184906 -0.29999531136850893 -0.8593743561168846 -0.41409966095808637 -26.08722686767578 -0.48025731836272756 0.5111279072029418 -0.7128121566285072 -1.261175513267517
0.8207050459035734 -0.005776542842416493 -0.5713229027276983 1.6958285570144653 -0.298712194427154 -0.8567399128577751 -0.4204375656586436 -26.08447265625 -0.4870464582859908 0.515716349623746 -0.7048562932980245 -1.258919596672058
0.8169800529225634 0.005679440409226355 -0.5766379601476855 1.6417917013168335 -0.2973564055510991 -0.8526101856099112 -0.42969179590953716 -26.0812931060791 -0.4940878071804403 0.5225166172963986 -0.6948766965762724 -1.2564380168914795
0.81295832064804 0.01973594692045169 -0.5819873377387792 1.5832430124282837 -0.29589255521587465 -0.8467880856707266 -0.44203793246047013 -26.077665328979492 -0.5015439807802895 0.5315641357026071 -0.6825637003077452 -1.2537341117858887
0.8085144720329998 0.036760266387112384 -0.5873270224741478 1.5202000141143799 -0.29427517654935376 -0.8390419697971259 -0.4576141315407615 -26.073558807373047 -0.5096140392297352 0.5428234111883047 -0.6675599413429827 -1.2508130073547363
0.8095961682739754 0.07480338748831127 -0.582201423509399 1.4542351961135864 -0.27517055945796626 -0.8277453490410986 -0.4889977508623325 -26.06877899169922 -0.5184932087536797 0.5560953968170421 -0.6495557729057682 -1.2498449087142944
0.8102775827302249 0.11758590383621242 -0.5741287261092973 1.3839035034179688 -0.2538066085096815 -0.8126156047795117 -0.5246313794900582 -26.06328582763672 -0.5282352169267748 0.5708147108194123 -0.628600128468388 -1.2489209175109863
0.8102244416299671 0.16414616004697838 -0.5626654355185148 1.3090797662734985 -0.23062483966627065 -0.7932628728731259 -0.5635123759510362 -26.05702018737793 -0.5388399924971374 0.5863361260087142 -0.6048647863967436 -1.2479907274246216
0.8091489620771875 0.2134712523706873 -0.5474559174771068 1.2296347618103027 -0.20608314085418436 -0.7694007016999105 -0.6046092120364688 -26.04996109008789 -0.5502796527449336 0.6020403513345061 -0.5785669530313147 -1.2469946146011353
0.8068261230851239 0.26450373185985987 -0.5282701798697662 1.1454379558563232 -0.18065440808817276 -0.7408892953355828 -0.6468748232041922 -26.04207992553711 -0.5624905260942088 0.6173498423822187 -0.549985072674622 -1.2458752393722534
0.8031066157137515 0.3161728421899761 -0.5050292047578211 1.0563608407974243 -0.15481625601947685 -0.7077580470214005 -0.6892825790258773 -26.033388137817383 -0.5753709157308149 0.6317541299730184 -0.5194564742046422 -1.244570255279541
0.7979279934254484 0.3674200980249694 -0.47782150315296573 0.9622811079025269 -0.12903829528031535 -0.6702254383282706 -0.7308535969459462 -26.02390480041504 -0.5887784266251507 0.6448258163139868 -0.48738037604710005 -1.2430224418640137
0.791319622530803 0.4172330983156094 -0.44691139688719544 0.8630869388580322 -0.10377104510581292 -0.6287013100720351 -0.7706920480395227 -26.013694763183594 -0.6025320117598356 0.6562402032668098 -0.45420696870587696 -1.241176724433899
0.7834040446842476 0.46468119978597633 -0.4127341581912348 0.7586755752563477 -0.07942968428456165 -0.583778928607271 -0.8080179996563206 -26.002513885498047 -0.6164162781974666 0.6657879129870206 -0.42042529288040137 -1.2394262552261353
0.7743931416159666 0.5089457234354985 -0.37588497285056544 0.6489708423614502 -0.05638161873428271 -0.5362190877681261 -0.8421936849573383 -25.990657806396484 -0.6301875715110979 0.6733820167704477 -0.3865492002360229 -1.237429141998291
0.7645821778554684 0.5493456776609142 -0.33709556470096047 0.5339149236679077 -0.03493457546599793 -0.4869221917778761 -0.8727464434709773 -25.978334426879883 -0.6435787976175094 0.6790626669089532 -0.3531008718025217 -1.235021948814392
0.7543360643008972 0.5853571172012209 -0.2972106112454752 0.4134708344936371 -0.015330545792387962 -0.43689753735254594 -0.8993806292226825 -25.965667724609375 -0.6563094365166025 0.6829916450419851 -0.32059372473912 -1.2321728467941284
0.744076945433874 0.616621163340983 -0.25715333984571964 0.28762441873550415 0.002258599262081662 -0.38722543654216524 -0.9219822991923993 -25.95279312133789 -0.6680901121878461 0.6854449665835632 -0.2895182201210986 -1.2288634777069092
0.7342676276259688 0.6429409120663994 -0.21789454929336496 0.15638311207294464 0.017728426060049263 -0.33902254093550266 -0.940611194727699 -25.939842224121094 -0.678628583195525 0.6867974230651003 -0.26033160726498916 -1.2250792980194092
0.7253961046853686 0.6642654511394513 -0.18042145584656727 0.01977386511862278 0.031033518307156616 -0.29340871554828973 -0.9554832528002687 -25.92696762084961 -0.6876317415948547 0.687504717120402 -0.23345203337821452 -1.2208154201507568
0.7179577931762356 0.680665195779302 -0.14571032383545873 -0.12216020375490189 0.042175084981303346 -0.2514797888334317 -0.9669432134386758 -25.914297103881836 -0.6948077931516958 0.6880790703567558 -0.20925898669508392 -1.216070532798767
0.7124391511443733 0.6922959163466649 -0.11470318272138846 -0.26936429738998413 0.05118209485206077 -0.21428547909639023 -0.9754292012314297 -25.901962280273438 -0.6998648791611417 0.6890632029488745 -0.18809852008614697 -1.2108495235443115
0.7093053552613338 0.6993502345657063 -0.08829021695796441 -0.4217575490474701 0.05808830972572543 -0.18281679483047747 -0.981429451260313 -25.889530181884766 -0.7025038514277349 0.6910045361217265 -0.17029700463718184 -1.2054345607757568
0.7089819565331672 0.7020082895578164 -0.06729744945027072 -0.5792719125747681 0.06290461371232065 -0.15799730861934846 -0.9854338435647247 -25.87693214416504 -0.7024155428833464 0.6944214943830238 -0.1561768012694016 -1.199920654296875
0.7118431031145521 0.7003751770163509 -0.0524786429660693 -0.7418780326843262 0.06558880476636081 -0.1406839126614381 -0.9878796209091414 -25.864980697631836 -0.6992692651887149 0.6997732833836856 -0.14608164369574556 -1.1939513683319092
0.7180879750747107 0.6945398929811031 -0.04431700701649033 -0.9095315337181091 0.06607551629554831 -0.13142933472400492 -0.9891210017587748 -25.85373878479004 -0.6928085494560373 0.7073476281375399 -0.14026990685395835 -1.1875170469284058
0.7274279294041246 0.684869244207279 -0.0424585193074149 -1.0821967124938965 0.06444706963061958 -0.12979258228071783 -0.9894445213355466 -25.843158721923828 -0.683150922372834 0.7170132522651539 -0.13855256524977339 -1.1806286573410034
0.7394005267571786 0.6716722976556547 -0.04629455252165687 -1.2598578929901123 0.06075750444680583 -0.13504838689312887 -0.988974448027329 -25.833139419555664 -0.670518744469238 0.7284354863400997 -0.14066398101809646 -1.1732946634292603
0.7534975428374656 0.655131954414782 -0.05516860740103946 -1.442517638206482 0.0550015925246779 -0.14643319261131443 -0.9876903082046555 -25.823593139648438 -0.6551459972843087 0.741187859052161 -0.14637035162908835 -1.1655101776123047
0.7691793162654401 0.6353625792040991 -0.06839278014926181 -1.6301909685134888 0.04714532045995218 -0.16315482579590057 -0.9854733997314378 -25.814422607421875 -0.6372915331213485 0.754781356265922 -0.15544968975593676 -1.1572753190994263
0.7858938235057709 0.6124558928547285 -0.08525653923892207 -1.822792649269104 0.03715410051265766 -0.184395094210636 -0.9821496943165773 -25.803617477416992 -0.6172442555346918 0.7686977484932347 -0.16767021342759753 -1.149105191230774
0.8030936423943789 0.5865213738296006 -0.1050394192042566 -2.020425319671631 0.025017121946069976 -0.20931888203047505 -0.9775273649545815 -25.7924747467041 -0.5953274268461558 0.7824182281021768 -0.18277574012484515 -1.1406152248382568
0.8202515689360519 0.5577209833551116 -0.1270223145095101 -2.2231357097625732 0.010767353349756759 -0.23708134715566492 -0.9714301307519222 -25.78133201599121 -0.5719015892264918 0.7954493947173904 -0.20047152586826517 -1.1316882371902466
0.836878192538827 0.5262930291177949 -0.1505009579868583 -2.430940866470337 -0.005503271310382307 -0.26683992224265707 -0.9637251526770572 -25.77008819580078 -0.5473614937660765 0.8073488114808547 -0.22041617849563788 -1.1223326921463013
0.8525379927642285 0.49256820501314547 -0.17480141390637688 -2.6438488960266113 -0.02363457665365043 -0.2977689973326431 -0.9543453415896761 -25.758636474609375 -0.522130613620714 0.8177470193388912 -0.24221774229485432 -1.1125744581222534
0.8668633434373338 0.45697903460290745 -0.19929401831977234 -2.8618578910827637 -0.04339116557300404 -0.3290763757426008 -0.9433058600890438 -25.74687385559082 -0.4966539545346067 0.826364871507441 -0.2654353943686248 -1.1024401187896729
0.8795682860438705 0.4200561816253936 -0.2234109094564145 -3.0849320888519287 -0.06446588931352626 -0.3600220273378057 -0.9307138598659592 -25.734418869018555 -0.4713849587130078 0.8330287774800282 -0.289584662213428 -1.092018961906433
0.8904552732182935 0.38242635089762783 -0.24665662881191452 -3.312824249267578 -0.08648116765224456 -0.3899328825422594 -0.9167733388105203 -25.718183517456055 -0.44677781283232776 0.8376768071585897 -0.3141451140943505 -1.081887125968933
0.8994209985376629 0.3447961543110622 -0.26862144248331277 -3.5457355976104736 -0.10900125478725604 -0.4182185384064027 -0.9017826681568104 -25.70132827758789 -0.4232736630648276 0.840362342151 -0.33857132195472256 -1.0715320110321045
0.9064560806929777 0.3079371045920609 -0.28898462483354515 -3.7836174964904785 -0.13154079361456525 -0.4443809344252144 -0.8861278715482458 -25.68376922607422 -0.4012909086809432 0.8412492643294448 -0.3623055090323518 -1.0610156059265137
0.9116387362377969 0.27266774982524616 -0.3075176625756476 -4.026412487030029 -0.15358147834925168 -0.46801688427703564 -0.8702717538445531 -25.665462493896484 -0.3812184991560761 0.8406024590951736 -0.3847856048039427 -1.0504015684127808
0.915125383549558 0.23983384886465875 -0.3240760054709981 -4.274055004119873 -0.17458292874808207 -0.4888176245907111 -0.8547386330798654 -25.64637565612793 -0.363409319326041 0.8387711576039432 -0.4054585204416413 -1.0397595167160034
0.9171338787167718 0.21029208211741754 -0.33858926254187616 -4.526473522186279 -0.1939994687189818 -0.5065561859593046 -0.8400982303297131 -25.626468658447266 -0.3481804914791795 0.8361686855324613 -0.42378328741024385 -1.0291540622711182
0.9179232407511168 0.18489636632252465 -0.35104167531746777 -4.783144950866699 -0.21129108113976247 -0.5210702096106302 -0.8269473475905976 -25.600961685180664 -0.3358169190492909 0.8332461643338426 -0.43923550232555353 -1.0192456245422363
0.9177692716669449 0.16448648635388027 -0.3614467592756647 -5.044416904449463 -0.22593412866612275 -0.5322365877142673 -0.8158909144010325 -25.574331283569336 -0.3265782195551403 0.8304627688856543 -0.4513072744893071 -1.0095410346984863
0.916944242404747 0.1497024872657441 -0.36986811382874646 -5.302582263946533 -0.2375230447444992 -0.5400426853380725 -0.8074259725994367 -25.547582626342773 -0.3206182457941023 0.8282167972936153 -0.45963124039236003 -1.0003026723861694
0.9156988473809862 0.14043672546743047 -0.3765277506972345 -5.557634353637695 -0.24605876791732817 -0.5448480965350144 -0.8016206299947488 -25.520761489868164 -0.3177274046035999 0.826691041346256 -0.464361086355977 -0.99153071641922
0.9142070408566675 0.1363664147740898 -0.38161457960847944 -5.809582233428955 -0.25167041117932076 -0.5470308817814397 -0.7983853822022622 -25.49390983581543 -0.3176279121628438 0.8259306358884393 -0.46578009201337844 -0.9832091927528381
0.912568600248564 0.13713854819982477 -0.38524222047696355 -6.0584282875061035 -0.25451353161465784 -0.5468920256686176 -0.797578820233531 -25.4669132232666 -0.3200646998114782 0.8258947456290788 -0.46417287412866753 -0.9753307700157166
0.9108239935230057 0.14237871855683254 -0.38746348644087514 -6.303567409515381 -0.25476122530407297 -0.5446666084121682 -0.7990212786668158 -25.43446159362793 -0.32480204879952856 0.8264784245114329 -0.4598228386158397 -0.9683629870414734
0.9089676112074173 0.15169356318045843 -0.3882871935378472 -6.5578742027282715 -0.2525994575993501 -0.5405405353945677 -0.8025019897893513 -25.400541305541992 -0.3316193537723567 0.8275294511284599 -0.45301612743768216 -0.9614318609237671
0.9069604633130721 0.16467729684337845 -0.38769073485356254 -6.821374893188477 -0.24821890880196107 -0.534664577139984 -0.8077878206960575 -25.36515998840332 -0.3403088175468001 0.8288637872751349 -0.4440436136730476 -0.9545104503631592
0.9047416350104793 0.1809090120322793 -0.38563519450909756 -7.094101905822754 -0.24181600513760423 -0.5271652371700528 -0.8146298744698308 -25.328338623046875 -0.3506673545368246 0.8302823267328692 -0.43320164401488404 -0.9475768804550171
0.9022392173172913 0.19995788310894433 -0.3820749137502639 -7.3760881423950195 -0.2335851631074796 -0.5181585799108059 -0.8227695045642305 -25.290102005004883 -0.3624946431476388 0.8315819448781983 -0.42079579684433543 -0.9406054615974426
0.899378136194434 0.2213856128560162 -0.3769713232538946 -7.667158603668213 -0.2237191920243281 -0.5077596106031339 -0.8319434481742949 -25.24897003173828 -0.3755911224395593 0.8325674676928712 -0.4071396817850994 -0.9337072372436523
0.8960898481483612 0.24474597997815062 -0.3703004041720471 -7.9594292640686035 -0.21240655162653932 -0.49609148347512083 -0.8418887675041021 -25.202674865722656 -0.38975176827253655 0.8330622097466603 -0.39255689246329933 -0.9273742437362671
0.8923182139416728 0.2695915266574986 -0.3620616160578496 -8.253588676452637 -0.19982866117105552 -0.4832927628684753 -0.8523477057712648 -25.155941009521484 -0.40476747799511503 0.8329156704693664 -0.3773788211387054 -0.9211474657058716
0.8880264610618888 0.2954775427770545 -0.3522811748707724 -8.541360855102539 -0.1861555618793362 -0.46952228446007827 -0.8630729582003933 -25.110057830810547 -0.42042253892398107 0.8320107247564921 -0.36194342466038865 -0.9152233600616455
0.8832011097173762 0.3219642515696101 -0.34102026406830405 -8.82277774810791 -0.17154800568053652 -0.4549644766342688 -0.8738298499982341 -25.06504249572754 -0.43649407961738224 0.8302688394201764 -0.3465928053881783 -0.9095849394798279
0.8778558220510195 0.34862594909954747 -0.32837342052238117 -9.097865104675293 -0.1561510412011429 -0.4398295507177082 -0.8844019553615075 -25.020936965942383 -0.4527538050893971 0.8276532570647557 -0.33166862686599324 -0.9042126536369324
0.8720334878516325 0.37505292670031776 -0.3144724125242826 -9.365920066833496 -0.14009553394678265 -0.4243571720561514 -0.8945916565074099 -24.973241806030273 -0.4689678426432695 0.8241700629712485 -0.3175104248185965 -0.8995105028152466
0.8658076662988032 0.40085822900135515 -0.29948249568233054 -9.627545356750488 -0.12349473812639078 -0.4088139394770218 -0.9042235412465062 -24.92558479309082 -0.484898066229712 0.8198681864368046 -0.3044503608726894 -0.895129382610321
0.8592827676458246 0.42568036633777917 -0.28360068924716314 -9.882925987243652 -0.10644477957811924 -0.393492969532995 -0.9131444528817284 -24.879056930541992 -0.5003025425954755 0.8148371055877607 -0.29281027514392793 -0.890960693359375
0.8525928104672191 0.4491872152760234 -0.26705120327791204 -10.132081031799316 -0.08902350164839196 -0.37871263795763926 -0.9212228579477528 -24.83370018005371 -0.5149371958733104 0.8092018187595342 -0.28289945355619633 -0.886993408203125
0.8458993108435606 0.4710778042631316 -0.25008010365684014 -10.37502384185791 -0.0712924175202706 -0.3648124665514016 -0.9283475940900575 -24.789554595947266 -0.5285562856673873 0.8031174052274731 -0.27501033853691065 -0.8832201957702637
0.8393547316835315 0.4911488655793226 -0.23293008874040133 -10.611763954162598 -0.05329568270650262 -0.3520871679964111 -0.9344486055086788 -24.746654510498047 -0.5409650678235283 0.7967480266510932 -0.26934991632126787 -0.8796362280845642
0.8329858967463211 0.5094874924345982 -0.21577069048977068 -10.84166145324707 -0.035063056791382 -0.3405826466917121 -0.9395605583574231 -24.701547622680664 -0.5521821057134788 0.7902062742253908 -0.2658363524889982 -0.8765624761581421
0.8267817407918615 0.5262462264803242 -0.1987381750152659 -11.065103530883789 -0.016630631743656532 -0.33027657499151986 -0.943737678647874 -24.6563720703125 -0.5622769559398517 0.7835702222054448 -0.26431483441517944 -0.8737902641296387
0.8207251530785467 0.5415743177368848 -0.1819546137695429 -11.282350540161133 0.0019550047713172147 -0.3211396203233818 -0.9470298423042951 -24.612577438354492 -0.5713198763044569 0.7768954901570619 -0.2646261444246924 -0.8711816072463989
0.814796416608311 0.5556145774372556 -0.16552716037398582 -11.49339485168457 0.020641010385107905 -0.31313711279953543 -0.9494835950546237 -24.570165634155273 -0.5793796235392967 0.7702191830425873 -0.26661144367913375 -0.8687292337417603
0.8089719946877401 0.5685052191725839 -0.1495530928616037 -11.698230743408203 0.03936656123842869 -0.3062291979923033 -0.9511434971408109 -24.529125213623047 -0.5865275659908921 0.7635610611277418 -0.2701109406563842 -0.8664233088493347
0.8032271726786081 0.5803774366108703 -0.13411987229238068 -11.896855354309082 0.05806501719517526 -0.30037121166135805 -0.9520533540633168 -24.489452362060547 -0.5928360336963782 0.7569274511325922 -0.2749659449333025 -0.8642578125
0.7975353943334056 0.591356888586408 -0.11930769089569171 -12.089259147644043 0.07666506620047392 -0.29551476777384106 -0.952257050198133 -24.45113754272461 -0.5983809509083124 0.7503119700157898 -0.2810199018594384 -0.8622229099273682
0.7918707148780461 0.601561207058275 -0.10518975749151349 -12.27489948272705 0.09509127675948537 -0.29160721566279457 -0.9517998113351585 -24.41156768798828 -0.6032399356829612 0.7436997686808726 -0.2881184375586422 -0.8605554103851318
0.7862055705678559 0.6111033152144234 -0.09183430155455663 -12.453985214233398 0.11326527973883352 -0.2885916865965983 -0.9507290964480968 -24.371761322021484 -0.6074963186832953 0.7370668738732409 -0.2961091795689088 -0.859149158000946
0.78051345053105 0.6200881537391563 -0.07930595899728382 -12.626866340637207 0.1311065263582393 -0.28640970424795587 -0.9490946001631634 -24.333446502685547 -0.6112363146004911 0.730383572450095 -0.3048442304007841 -0.8578307628631592
0.774766938688173 0.6286156428746774 -0.06766508884951195 -12.80683422088623 0.14853334004084767 -0.28499794572813203 -0.9469498496895462 -24.293676376342773 -0.6145518998522959 0.7236149144842167 -0.3141773669823034 -0.8563159108161926
0.768938957742642 0.6367788634695892 -0.0569698016850837 -12.993889808654785 0.1654634709062612 -0.28429153236291554 -0.9443517164819463 -24.252450942993164 -0.6175392449563933 0.7167224034904475 -0.3239664755396214 -0.8545935153961182
0.7630025694099973 0.6446642896412743 -0.04727613282676235 -13.18802261352539 0.1818147608919349 -0.28422394497382714 -0.9413607925898145 -24.20975112915039 -0.6202986956261887 0.7096652047020667 -0.3340730839795732 -0.8526562452316284
0.7569297872211105 0.6523529702483754 -0.03863805669966158 -13.38922119140625 0.19750608880347917 -0.2847267572343442 -0.9380415868181787 -24.16558074951172 -0.6229355039672697 0.7024003672571199 -0.34436184744263804 -0.8504919409751892
0.750691274271639 0.6599203710595535 -0.03110811137057712 -13.597301483154297 0.2124568414815273 -0.28572972789915657 -0.9344627403499656 -24.119165420532227 -0.6255595105504481 0.6948838942264349 -0.3546994111985368 -0.8481615781784058
0.7442558175110998 0.6674363783952049 -0.024737802965861866 -13.811246871948242 0.2265881444509866 -0.28716283500410206 -0.9306961475082327 -24.066146850585938 -0.6282842437107139 0.6870707292463418 -0.3649557810444389 -0.8460729718208313
0.7375902167712758 0.6749647639868392 -0.019576503760701247 -14.032188415527344 0.23982302541928524 -0.28895575211359265 -0.9268168588233648 -24.01143455505371 -0.6312254657426641 0.6789161514477752 -0.3750030275895094 -0.8437451124191284
0.7306573629359681 0.6825644151328061 -0.015672816653918342 -14.26011848449707 0.252085550701552 -0.29103868269256783 -0.9229026819248441 -23.95502471923828 -0.6345019252255679 0.6703747492044917 -0.3847141828865458 -0.841170608997345
0.7234157324428037 0.6902889034858969 -0.013073170177120341 -14.495022773742676 0.2633017607770166 -0.29334285031382074 -0.9190332719447571 -23.89689826965332 -0.6382333905601967 0.6614009388366495 -0.393963116649305 -0.8383386135101318
0.7200772668100133 0.6933978998975522 -0.02623132175634546 -14.736934661865234 0.26208661024156366 -0.3067846356693608 -0.9149829485019401 -23.83842658996582 -0.6424946214214617 0.6519835425337679 -0.40263894708486764 -0.8338268995285034
0.7163615373541776 0.6966111562500377 -0.03948474119891082 -14.984728813171387 0.2607341554094095 -0.31975843873508714 -0.9109183503808898 -23.77401351928711 -0.6471814645078313 0.6422518492349285 -0.4106929682278644 -0.8295714855194092
0.7123716654836669 0.699823164786916 -0.05267018363031578 -15.238273620605469 0.2592820436353421 -0.3321847260002069 -0.9068771304098739 -23.70317268371582 -0.6521498539939319 0.6323771389288138 -0.4180905668583075 -0.8256250023841858
0.7082113118283979 0.702945627414654 -0.06560627025611049 -15.498727798461914 0.2577678172908905 -0.3439675455060691 -0.9029075700245404 -23.630273818969727 -0.6572613560581435 0.6225381695423571 -0.4247984666820983 -0.8215686082839966
0.7039851243074663 0.7059080752819672 -0.07809439163928572 -15.766083717346191 0.2562295956234779 -0.35499530922537137 -0.8990688097996795 -23.5552921295166 -0.6623830757804963 0.6129209734375973 -0.43078595757043636 -0.8174071907997131
0.6997990776777524 0.7086576449597787 -0.08991992616449279 -16.040014266967773 0.2547059939477474 -0.3651412140134038 -0.8954310417200804 -23.477191925048828 -0.6673875242529317 0.6037186729503059 -0.43602483461686514 -0.8132445812225342
0.6957608817854274 0.7111574576128322 -0.10085566845158833 -16.317054748535156 0.25323629145799864 -0.3742667778762452 -0.8920738532580879 -23.38483428955078 -0.6721518995478355 0.5951297753093736 -0.4404910606067398 -0.8101818561553955
