0.9999999999999999 0.0 -0.0 89.24871826171875 -0.0 0.9990192582806284 -0.044277777546109044 15.009843826293945 0.0 0.044277777546109044 0.9990192582806284 -3.2742040157318115
0.9998181005672642 -0.018705797776929455 -0.0037227553769879893 89.29659271240234 0.018462734693570633 0.998196071713555 -0.05712906303504756 14.875547409057617 0.004784684493578981 0.05704993904603436 0.9983598605959381 -3.266826629638672
0.9992594841716124 -0.03794932759818726 -0.006350734440102361 89.34410095214844 0.03741163176790833 0.9968364318528834 -0.07012487389845634 14.74969482421875 0.008991835271270947 0.06983535398104196 0.9975180049667259 -3.253821849822998
0.998306565522503 -0.05761642375830181 -0.008021779601071005 89.38934326171875 0.05675189330863846 0.9949137608895859 -0.08322157772131279 14.631135940551758 0.012775908599754526 0.08262539625226244 0.9964987807587158 -3.241007089614868
0.9969453890602867 -0.07759570004014005 -0.008876855677202401 89.43199157714844 0.07638447000739773 0.9924093372008258 -0.0963800818546353 14.519561767578125 0.01628815438047625 0.0954076242859964 0.9953050192051578 -3.2297961711883545
0.9951668918260276 -0.097779137276869 -0.009060779586463445 89.47188568115234 0.09620636731095474 0.9893127163753647 -0.10956588933982433 14.414905548095703 0.01967720259978353 0.10816464085544858 0.9939382365954429 -3.2204370498657227
0.9929678960369088 -0.1180622722865847 -0.008721083795200807 89.5090103149414 0.1161107874970369 0.9856221292664848 -0.12274894430103407 14.31712818145752 0.023087712464696764 0.1208731490560611 0.9923994353940446 -3.2132139205932617
0.990351689758925 -0.13834517665568902 -0.008008913019150342 89.54328155517578 0.13598783438843426 0.9813442858565622 -0.1359069590382252 14.226204872131348 0.026661573284146173 0.13350657179622372 0.9906892327048044 -3.2084312438964844
0.9873284081308099 -0.1585323810431483 -0.007078040595451288 89.57422637939453 0.15572456744194865 0.9764949574754205 -0.14902166661292857 14.142007827758789 0.030536430585430305 0.14603110006387984 0.9888085983754563 -3.2061901092529297
0.9839149965828069 -0.1785336498179833 -0.006084026801792486 89.60062408447266 0.17520578146302462 0.971098261569129 -0.1620836219960131 14.06419849395752 0.034845568461227244 0.15841054971208615 0.986758270347165 -3.206643581390381
0.9801349037151498 -0.19826418520535966 -0.005184918914424581 89.62169647216797 0.19431429488328233 0.9651871263200947 -0.17508788076269158 13.992724418640137 0.03971807300596438 0.17060223929014692 0.9845391564716359 -3.209667921066284
0.9760174060794069 -0.2176451329722538 -0.004540828505501915 89.63736724853516 0.2129315440435401 0.9588026643520154 -0.1880361890241095 13.927817344665527 0.04527891983318897 0.18255970783545494 0.9821516036202218 -3.2148218154907227
0.9715967511121844 -0.23660336343020624 -0.004312962063569105 89.64845275878906 0.2309376475495208 0.9519936674432873 -0.20093745318425052 13.868791580200195 0.051648389834934194 0.19423415137764347 0.9795945785201474 -3.2214770317077637
0.9669108144524347 -0.25507199900168415 -0.004663927552476955 89.6561279296875 0.2482122178609303 0.9448165518868832 -0.21380453265807764 13.815940856933594 0.05894210548909823 0.20557227100430098 0.976865328279516 -3.2288389205932617
0.9619996901507953 -0.2729898414611334 -0.005756961768093188 89.65970611572266 0.2646340924941544 0.9373343886765793 -0.22665621741769895 13.76947021484375 0.06727104309856788 0.21651972257355476 0.9739578104297444 -3.237061023712158
0.9569037705852506 -0.29030157992649014 -0.007756708832622888 89.66214752197266 0.2800817825892848 0.929616568730004 -0.23951457200818244 13.729537963867188 0.07674222371901306 0.22701988422787517 0.9708617838105604 -3.2446556091308594
0.951661762447933 -0.30695708055304405 -0.01082776952312943 89.66261291503906 0.29443342154780106 0.9217380024658374 -0.2524044672464081 13.696208000183105 0.08745770503591364 0.23701562292102227 0.9675612354374327 -3.2519712448120117
0.946308222468929 -0.32291123347520584 -0.015135500758715136 89.66331481933594 0.30756675922172366 0.9137780786743874 -0.26535318267545116 13.669347763061523 0.099516012327375 0.24645072170652327 0.9640324709576911 -3.258028507232666
0.9408711285233834 -0.33812271426040835 -0.0208458535999304 89.66365814208984 0.3193587277191621 0.905820823871477 -0.27838577203297815 13.649057388305664 0.11301116113346296 0.2552678302136277 0.960243100635091 -3.2630443572998047
0.9353688464646898 -0.35255376899154695 -0.028124029461850712 89.66386413574219 0.329685568941862 0.8979525495867297 -0.2915281192649742 13.635316848754883 0.12803338117380497 0.2634142339748314 0.9561487303995422 -3.2669224739074707
0.9298072328886526 -0.3661686099891957 -0.037135679965872276 89.66480255126953 0.3384220780390987 0.890262663180794 -0.3047997500686948 13.628008842468262 0.14466861015315532 0.2708374782130805 0.9516922053014483 -3.2693023681640625
0.9271346063832686 -0.37127859521611734 -0.05073092134870305 89.66476440429688 0.33744931129239036 0.8860802988761027 -0.31778871322299673 13.612680435180664 0.16293981697189064 0.27751379907670015 0.9468034153757494 -3.272184371948242
0.923888264706721 -0.37698008964667323 -0.0656999722008339 89.66374969482422 0.33626775385346536 0.8817616088419057 -0.33078764017248247 13.588871955871582 0.18263206743490967 0.28351803678517645 0.9414154506709195 -3.2767558097839355
0.9200345451348823 -0.3832154152471077 -0.08174583338273164 89.66110229492188 0.33486512903549276 0.8772969605588542 -0.34382464767703813 13.556724548339844 0.20347427629676765 0.28895672428788255 0.9354689895310927 -3.283167600631714
0.9155543601167151 -0.38992733967078086 -0.09857425347696219 89.65552520751953 0.3332344896707996 0.872671420584771 -0.3569304786487139 13.5164794921875 0.22519988580173528 0.2939409149333005 0.9289153621095196 -3.2916979789733887
0.910445588763286 -0.39706148583948553 -0.11589221873971534 89.6480484008789 0.331375044167342 0.8678636607085466 -0.3701394960344726 13.467948913574219 0.24754678346641096 0.29858808228812683 0.921718908947263 -3.302053213119507
0.9047250524736287 -0.4045675182473256 -0.1334080305146203 89.6361312866211 0.32929291457792864 0.8628466354409527 -0.38348645362906997 13.411688804626465 0.270256833096525 0.30301948268622547 0.913860184753231 -3.3143229484558105
0.8984290603791234 -0.4124005125441787 -0.15083448120235676 89.62065887451172 0.3270012954635441 0.8575877020325671 -0.39700564994426074 13.347529411315918 0.29307912964155153 0.30735834229088316 0.9053372151815869 -3.3281822204589844
0.8916147968522938 -0.4205200732318785 -0.16788663449809835 89.60607147216797 0.3245211958470689 0.8520491811366196 -0.4107288477455704 13.292652130126953 0.3157673945803 0.31172914674998087 0.8961673345901968 -3.3397862911224365
0.8843595709131076 -0.42889055307563073 -0.1842852213739992 89.59288024902344 0.3218805356189187 0.8461874658290349 -0.4246877599643223 13.246950149536133 0.338084412719756 0.31625885941158305 0.8863855051384936 -3.348954439163208
0.8767608543396088 -0.4374784853474353 -0.19975730063202435 89.58196258544922 0.3191148342643254 0.8399555836688137 -0.43890812252228206 13.210197448730469 0.35980012069221323 0.3210719425949522 0.8760460494906489 -3.356001615524292
0.8689348256176542 -0.44625133937433326 -0.21403740545855637 89.57416534423828 0.31626636872208336 0.8333020873749968 -0.4534128529186402 13.182168006896973 0.38069390964942434 0.32629338528858787 0.8652194946213065 -3.361234664916992
0.8610147096677622 -0.455174502967426 -0.2268696576981955 89.56940460205078 0.3133836497254394 0.8261726384069163 -0.4682194567000801 13.162887573242188 0.40055506215812925 0.3320465982299951 0.8539910413952748 -3.364596366882324
0.8531489758156754 -0.4642076425313628 -0.23800859160992272 89.5674819946289 0.31052076063761136 0.8185112820619144 -0.4833385338977234 13.15240478515625 0.4191821588256158 0.338453166262093 0.8424581722373287 -3.3659844398498535
0.845498368496442 -0.4733010418333568 -0.2472218288689608 89.56906127929688 0.3077361766359589 0.8102620215487879 -0.49877239501114484 13.150519371032715 0.43638395302684607 0.34563214583590257 0.8307270702857424 -3.3657922744750977
0.8382330449896018 -0.4823915248917848 -0.2542907371495048 89.5704345703125 0.30509179553020155 0.8013702131757664 -0.5145141181102655 13.14792537689209 0.4519782722516843 0.35370071833006655 0.8189086904320757 -3.365734100341797
0.8315285404100592 -0.49139868188532565 -0.2590127833232968 89.57158660888672 0.3026515528038838 0.7917842836264637 -0.5305465915332278 13.14461612701416 0.4657921468519134 0.36277401180830515 0.8071138038019132 -3.3658158779144287
0.8255624283377075 -0.5002199431792839 -0.26120238391496575 89.57252502441406 0.3004800270295172 0.7814583818727064 -0.5468405167480108 13.140583992004395 0.4776593244913029 0.3729648855409915 0.795448781430902 -3.3660459518432617
0.820509255142365 -0.5087272732275708 -0.26069354364878644 89.57322692871094 0.2986408661234837 0.7703544605366768 -0.5633539191416538 13.13582706451416 0.48741993732995453 0.3843833589083767 0.784009718107867 -3.366434335708618
0.8165361856897085 -0.5167635028140536 -0.25734051297580673 89.5737075805664 0.297194765777551 0.7584440270642223 -0.5800326964965266 13.130340576171875 0.4949181029763695 0.39713743209367053 0.7728764010993717 -3.366985321044922
0.8137977238760242 -0.5241403449197999 -0.2510182532039356 89.5739517211914 0.2961980593971119 0.7457088674334529 -0.5968123613335281 13.124120712280273 0.4999999742235863 0.4113334217620419 0.7621055320084895 -3.367709159851074
0.8145531395229362 -0.5275820488479562 -0.24116460069156237 89.57376861572266 0.29411421052470244 0.7339485036810013 -0.61222252907897 13.117392539978027 0.5000000140607588 0.42775784700904323 0.7530094357054425 -3.368412494659424
0.8151220320842554 -0.5315636168728451 -0.2302524571592959 89.57343292236328 0.2925338781777369 0.7207844165724236 -0.6284057247866572 13.109859466552734 0.5000000029291273 0.44487070710871723 0.7430276246731764 -3.369293689727783
0.8155127860010829 -0.5359504704908163 -0.21839411404482573 89.5728988647461 0.2914427556044056 0.7063355402157316 -0.6450978412875532 13.10153865814209 0.5000000160744622 0.4624361553866902 0.7322245462402324 -3.3703508377075195
0.8179064785133614 -0.5385171063300519 -0.20255448303056614 89.57200622558594 0.29159987260379966 0.6914818763979296 -0.6609253580478254 13.092535972595215 0.49598236531485684 0.4815102707140378 0.722599026081252 -3.371680736541748
0.8214899381992324 -0.5396817638479541 -0.18411375616010406 89.57078552246094 0.29269025326429066 0.6761795032104818 -0.6761018378041221 13.08284854888916 0.4893737805415269 0.5015225550341551 0.7134342504467432 -3.373241424560547
0.8259278365198555 -0.5394814167114367 -0.16371624807774068 89.5692138671875 0.2945678683347852 0.6605454643436547 -0.6905863164585051 13.072490692138672 0.48070050947167897 0.5221489160747603 0.7044767772152758 -3.3750157356262207
0.8311191809256223 -0.5377489031731518 -0.14165812448848436 89.56729125976562 0.297162820950414 0.6447937879823444 -0.7042266885202318 13.06148910522461 0.47003740802441984 0.5432007806653555 0.6956994659637403 -3.376995086669922
0.8369597613536227 -0.5343386035488423 -0.11823964915526608 89.56499481201172 0.3003932924099223 0.6291547407432323 -0.7168878448372825 13.049872398376465 0.45745188572134476 0.5644878820291802 0.6870889340487129 -3.3791704177856445
0.843344238456024 -0.5291299456466221 -0.09376564447084049 89.56230926513672 0.304163244747424 0.6138724326957672 -0.7284540870369935 13.037670135498047 0.4430070157545454 0.5858174946143073 0.6786476604218632 -3.3815269470214844
0.8501695677749713 -0.5220285493955965 -0.06854122588083514 89.55916595458984 0.30836144036127006 0.5992007792026252 -0.7388312718755817 13.024932861328125 0.4267609730606131 0.6069963919323541 0.6703957428664524 -3.3840062618255615
0.8575994469588145 -0.5124754807292375 -0.04349793359772547 89.55519104003906 0.3121406120973149 0.585831290780872 -0.7479103803408071 13.011849403381348 0.4087681822933982 0.6278300569368704 0.6623730012245344 -3.3862359523773193
0.8656485589622533 -0.5002843390821734 -0.01918729881164488 89.5489730834961 0.31507023950711005 0.5741532778314671 -0.7556975305850314 12.99429988861084 0.3890800901402006 0.6481231315301864 0.6546396641145403 -3.389078378677368
0.8738448034927767 -0.48617888621718547 0.0050348788751554685 89.5405044555664 0.31805348596787325 0.5637669818691476 -0.762239312957444 12.97223949432373 0.36774616173707964 0.6676802234234359 0.647275737052515 -3.3926470279693604
0.8820621054920498 -0.47023906646590485 0.02901141885889419 89.52979278564453 0.32104428753325776 0.5548551010571869 -0.7675066008009844 12.945687294006348 0.34481445372431074 0.6863024385794451 0.6403842247453571 -3.396937131881714
0.8901755264075925 -0.45256963901186364 0.05261419988593541 89.5168228149414 0.3239973644246036 0.5475935417140312 -0.7714706870121472 12.914665222167969 0.32033301426933253 0.7037911870134174 0.6340857395111237 -3.4019415378570557
0.8980618365694868 -0.43329903664347036 0.07574221109316216 89.50066375732422 0.32686771972921647 0.5421560574961084 -0.7740957971202911 12.879505157470703 0.2943508646096746 0.7199435770698404 0.6285211327707447 -3.406726598739624
0.9055995006614759 -0.41257967671076035 0.09832372433411012 89.48170471191406 0.32961118031278624 0.5387125179355216 -0.7753356001322153 12.840096473693848 0.2669194901360661 0.7345521311553148 0.6238486614561962 -3.4116766452789307
0.9126688054131522 -0.39058878317331286 0.12031647470284576 89.46031188964844 0.33218422080489524 0.537428171045601 -0.7751287663445506 12.796340942382812 0.2380951387029445 0.7474030796202081 0.620241357457123 -3.41715145111084
0.9191521167509088 -0.36753033559357734 0.14170687594748568 89.43521118164062 0.33454395389814745 0.5384632963877102 -0.773393574678168 12.748737335205078 0.2079416485038961 0.7582735198210163 0.6178847303144241 -3.4216058254241943
0.9249344363208063 -0.34363808338761503 0.1625089417650564 89.40708923339844 0.3366485130569684 0.5419724216256769 -0.7700218651789904 12.697044372558594 0.17653347321243104 0.7669281334276933 0.6169742060999551 -3.4258618354797363
0.9318579196413213 -0.315976884973996 0.17832393491586868 89.37522888183594 0.3330396551522724 0.5499051431828026 -0.7659562138902961 12.64199447631836 0.1439632095287 0.7731513058019314 0.6176662955342183 -3.4288182258605957
0.9384103328619705 -0.2869304275699296 0.1925018880749559 89.3384780883789 0.32742454193311843 0.5605129382742847 -0.7606697150320993 12.58395004272461 0.11035948766541573 0.7768501630054956 0.6199391967931708 -3.4300944805145264
0.9444280108785553 -0.2567137997218534 0.20531380202106048 89.29761505126953 0.31984151013588824 0.5734678238007028 -0.7542122138094027 12.52261734008789 0.0758758239623768 0.7779670173584827 0.6237068055107113 -3.4305102825164795
0.9497535572859076 -0.2255392762184515 0.2170258401795085 89.25006866455078 0.31034327321021626 0.5884361354731448 -0.7466123272774166 12.459643363952637 0.040684557216879816 0.7764502233577424 0.6288639101202887 -3.4285247325897217
0.9542401993204948 -0.19361859471877318 0.22789796352734334 89.19864654541016 0.29899986678713875 0.6050801611015528 -0.7378869007528135 12.39321517944336 0.004972088299309896 0.7722628039860826 0.6352837475628489 -3.425816535949707
0.9577550965380741 -0.1611692506800683 0.23817986415851672 89.14229583740234 0.28590243989302 0.6230674616225459 -0.7280430846663233 12.324109077453613 -0.031063964952372958 0.7653831791347798 0.6428247188611955 -3.4217216968536377
0.9601829577229866 -0.12841348276613967 0.2481101875018592 89.07640075683594 0.2711642685713563 0.6420712957990419 -0.7170874357852749 12.257134437561035 -0.0672207345132343 0.7558137525573411 0.6513270639983354 -3.414304733276367
0.9614287448287118 -0.0955831492990441 0.25791205901850445 88.99983215332031 0.254922797338342 0.6617773210285667 -0.7050284708928058 12.193333625793457 -0.1032915098848036 0.743582301391265 0.660618062910323 -3.4030566215515137
0.9614199032614725 -0.06291622622444376 0.2677934242851669 88.91927337646484 0.23733955526304362 0.681887543382704 -0.6918809967668152 12.12617301940918 -0.13907445890687997 0.7287461332022117 0.6705127651451409 -3.3911662101745605
0.9601079575129069 -0.03065857042622 0.2779438108320001 88.83472442626953 0.21860013161999295 0.7021256287299783 -0.6776677533542927 12.055620193481445 -0.17437514839023333 0.7113927561761879 0.6808183708478576 -3.3786566257476807
0.9574695304981277 0.0009379264428643203 0.28853287241089637 88.7383804321289 0.19891289313330163 0.7222403483368968 -0.662421723813114 11.992921829223633 -0.20901138512778328 0.6916415253064159 0.6913365615666365 -3.3621599674224854
0.9535068584032458 0.03161692877113742 0.29970825946752483 88.63362121582031 0.17850737314030735 0.7420078270583343 -0.6461884418021696 11.933151245117188 -0.24281636829612502 0.6696452451852769 0.7018656971873114 -3.3431811332702637
0.9482464986602392 0.061122541718188726 0.3115968752611383 88.52294921875 0.15763188859279956 0.7612349329043459 -0.6290258854966014 11.873286247253418 -0.275646087360703 0.6455891974158371 0.7122034980977777 -3.3228936195373535
0.9417387192629477 0.08919807622745855 0.3243021551551937 88.40650177001953 0.1365508542194375 0.7797643946770821 -0.6110002888754027 11.813041687011719 -0.3073793240491702 0.6196863658264591 0.7221542488664532 -3.301384925842285
0.9340553321250209 0.11559220317952987 0.33790394950772473 88.2835464477539 0.11554173460244688 0.7974707458880154 -0.5921912841454778 11.754315376281738 -0.3379212098905223 0.5921814350491871 0.731526078748537 -3.2783563137054443
0.925286065421298 0.14006083190892984 0.35246086378795594 88.15364074707031 0.0948920132019396 0.8142652029611497 -0.5726846296847162 11.698057174682617 -0.36720730244326083 0.5633428286679579 0.74013759154682 -3.25365948677063
0.9155363675883014 0.1623681371002946 0.3680078092619756 88.01827239990234 0.07489616342211289 0.8300931620692397 -0.5525720830720089 11.641432762145996 -0.39520086579847835 0.5334622107895468 0.7478197278299512 -3.227975368499756
0.9049215934061892 0.18229093081804684 0.3845606926464187 87.87611389160156 0.05585250279574924 0.8449336935591792 -0.5319469441776064 11.587722778320312 -0.4218973900353664 0.5028489534939222 0.7544173395749947 -3.200883626937866
0.8935637495554072 0.1996187104821198 0.40211465517428857 87.72904968261719 0.03806082138166908 0.858795590870503 -0.510902639430583 11.532294273376465 -0.4473200189531361 0.47182889221288604 0.7597909561957991 -3.1730875968933105
0.8815849938187181 0.21415620022098109 0.42064833362389753 87.57523345947266 0.021820163655258476 0.8717142553161673 -0.4895284849083223 11.480268478393555 -0.4715207091228427 0.44073958182297496 0.7638172830479818 -3.144235134124756
0.8691107634145232 0.22577697495486282 0.44008094539215853 87.41658782958984 0.0073519568510960615 0.883744798459811 -0.46791140179064633 11.426427841186523 -0.49456286723477777 0.40990229174214105 0.7664122138751811 -3.1147515773773193
0.8562845071636818 0.23458825675718326 0.4601577909620534 87.25172424316406 -0.005422917716547543 0.8949418805621411 -0.44614977572485504 11.374870300292969 -0.5164759769388025 0.3795357429907291 0.7675970199509539 -3.084650754928589
0.8432449950279983 0.2407712883218041 0.4805903297821227 87.0817642211914 -0.01665581495464119 0.9053469029027205 -0.4243460489183897 11.322365760803223 -0.5372713115255899 0.34982305830849725 0.7674394866614969 -3.053894281387329
0.8301199036063213 0.24452601777565106 0.5011067473776559 86.90596771240234 -0.026492358718654047 0.9149910637035094 -0.40260341314032927 11.271201133728027 -0.556955205170177 0.3209336067997593 0.766030364581159 -3.022799253463745
0.8170298973819107 0.24606840556835835 0.5214522859909146 86.72489166259766 -0.03507194268274921 0.9238984722067908 -0.38102699627508807 11.219719886779785 -0.5755276758076563 0.29302210298031095 0.7634827709545472 -2.9911608695983887
0.8040903931791719 0.24563154618464011 0.541390601244525 86.53813171386719 -0.042527987713818896 0.9320872769376348 -0.3597286177551054 11.169269561767578 -0.592983987859688 0.2662300728503985 0.759928640368353 -2.9594786167144775
0.7914144528123187 0.24345905407460314 0.5607056740116672 86.34606170654297 -0.04898636685197458 0.9395743934346267 -0.33882192234948055 11.118680953979492 -0.6093139582698088 0.24068163243391286 0.7555189289928644 -2.927438497543335
0.7791132769088429 0.23980660013469762 0.5792022930515742 86.14822387695312 -0.0545664031507605 0.946375560112509 -0.3184270824991542 11.069405555725098 -0.6245038105500663 0.21648578187394138 0.7504191474468618 -2.8959004878997803
0.7672983765900899 0.23493758530415493 0.5967055658309764 85.94518280029297 -0.05937987431882008 0.9525075209745065 -0.2986694711765522 11.019753456115723 -0.6385352236236416 0.1937362988664053 0.7448080388217176 -2.864107370376587
0.7560811932200188 0.2291231819639452 0.6130610057292093 85.7360610961914 -0.06353314517847831 0.9579887061948619 -0.2796804931825334 10.972365379333496 -0.6513868042282734 0.17251146712555537 0.7388741604545834 -2.8340446949005127
0.745575320888673 0.22263728554695011 0.628132215354409 85.52151489257812 -0.06712656605953188 0.9628406044411457 -0.26159509660630853 10.925293922424316 -0.663032024121616 0.1528744894470441 0.7328150690764335 -2.804777145385742
0.7358933510196977 0.21575591706376185 0.641802430797029 85.30117797851562 -0.07025524447889403 0.9670874861445651 -0.24455264211575475 10.879647254943848 -0.6734427789710206 0.13487467662448985 0.7268312356092219 -2.777383327484131
0.7271494038161563 0.20875437232515537 0.653968926299208 85.08743286132812 -0.07301117985259335 0.970756327251745 -0.22869525731251072 10.839313507080078 -0.6825856079249993 0.11854857711433575 0.721126287634715 -2.7551684379577637
0.7194571302612076 0.20190792269837893 0.6645409155709925 84.88082885742188 -0.07548471683660578 0.9738752592201169 -0.21417057921910654 10.802775382995605 -0.6904226931673125 0.10392386747314392 0.7159024616028494 -2.7368385791778564
0.7129293626458315 0.19548402632034811 0.6734372423106654 84.68150329589844 -0.07776490062000048 0.9764741961310006 -0.2011237542456818 10.7698335647583 -0.696910571098595 0.09101724970521469 0.7113589221673744 -2.722337245941162
0.7076754479182049 0.18974845561276982 0.6805813573749554 84.48944091796875 -0.07994413118777148 0.9785810719531399 -0.1897050908744305 10.740741729736328 -0.7020002822666102 0.07984114983899136 0.7076870738468997 -2.7125072479248047
0.7038011797461722 0.184956222935563 0.6858972918632256 84.30496978759766 -0.0821172751008302 0.980221669568933 -0.18006174395886654 10.714723587036133 -0.705634928640803 0.07040365121855652 0.7050692684957875 -2.706906795501709
0.7020441060541691 0.1812982054621066 0.6886690307040257 84.12832641601562 -0.08446341184532405 0.9814228968529557 -0.17226441766133838 10.690780639648438 -0.7071067848734374 0.06276988313652207 0.7043152252769904 -2.7039546966552734
0.7017333257397497 0.17908923959667838 0.6895631833319658 83.9595947265625 -0.08700745515489021 0.9821876160056725 -0.16654485795894042 10.668858528137207 -0.7071068110927092 0.05687293931016213 0.7048158812629881 -2.703900098800659
0.7013975954378551 0.17866135383061202 0.690015603998495 83.79894256591797 -0.08967363200962045 0.9825025392198553 -0.16324031410389983 10.648391723632812 -0.7071068185473806 0.05262015843713849 0.7051461310181403 -2.7064831256866455
0.7038967848607907 0.17994147780780675 0.6871319966549255 83.64639282226562 -0.09290053527404277 0.9823923175171104 -0.16209511105877764 10.629015922546387 -0.7042008284633287 0.05026329722276201 0.7082194533785824 -2.709674119949341
0.7079677854131635 0.18290305610894428 0.6821496074052885 83.50203704833984 -0.09642698454593199 0.9818710943159457 -0.16319004503395995 10.610466003417969 -0.6996309394734909 0.04975566513288375 0.7127698943688804 -2.7151544094085693
0.7134626523441137 0.18734721748738545 0.6751829854267929 83.36576080322266 -0.10009586793030747 0.9809609417151659 -0.16642249863697378 10.59286880493164 -0.6935069292612591 0.05115321034919897 0.7186316776608095 -2.7202963829040527
0.7202284652277758 0.1930597294082459 0.6663324236118616 83.23772430419922 -0.10376160201447426 0.9796713049411899 -0.171690606097759 10.575613021850586 -0.6859332969196293 0.05451674197566149 0.7256193471933661 -2.7267236709594727
0.7281103029380354 0.19981208173407386 0.6556908713323516 83.11772155761719 -0.10728727090071319 0.978001128991427 -0.17889447502416472 10.55932331085205 -0.6770116898977149 0.05990762626402666 0.7335299912459273 -2.7328011989593506
0.736954770264882 0.20736521805584257 0.6433485314543648 83.00582885742188 -0.11054396852573961 0.9759400873937526 -0.1879387582178159 10.543733596801758 -0.6668415835911969 0.06738406457410559 0.74214667703565 -2.738858699798584
0.7466136774118524 0.2154676472453974 0.629397894572331 82.90200805664062 -0.11340540030363327 0.9734705351494974 -0.19873181018076447 10.528827667236328 -0.6555205808237624 0.0769987674335356 0.7512416108883967 -2.744926929473877
0.7569450150611653 0.22386008767890253 0.6139388449336352 82.80619812011719 -0.1157485800060009 0.9705679620361912 -0.21118735117309625 10.514949798583984 -0.643145792492376 0.08879466320285431 0.7605780679102212 -2.7505834102630615
0.7678147883415336 0.23227658642731389 0.5970829408061502 82.71841430664062 -0.11745088662346523 0.9672017137047347 -0.22522463062015746 10.50197982788086 -0.629814051951374 0.10280288130348793 0.7699128701095295 -2.7558882236480713
0.7790988887178728 0.2404477124146659 0.5789558007250032 82.63868713378906 -0.11838891661682045 0.9633348523961174 -0.24076965461047242 10.4896240234375 -0.6156208135052542 0.11904142032714823 0.7789994571407762 -2.7609639167785645
0.7906839271898207 0.24810081136103088 0.5597007367206879 82.56690979003906 -0.11843631963811932 0.9589246403671128 -0.25775254079713983 10.47833251953125 -0.6006594421752312 0.1375118958446947 0.7875904475213868 -2.765655517578125
0.8024669593670518 0.254964636156215 0.5394810593838558 82.50310516357422 -0.11746391832971906 0.9539215306947545 -0.2761085677185796 10.468100547790527 -0.5850205184562568 0.15819844369242475 0.7954396554098037 -2.76997971534729
0.8143555029047804 0.2607721711226519 0.5184814265300932 82.44725036621094 -0.11533851486586423 0.9482681172266068 -0.2957779654403673 10.458918571472168 -0.568790068370782 0.1810675360728274 0.8023044344282764 -2.7739522457122803
0.8262670544411479 0.2652629796488694 0.4969087505497891 82.39935302734375 -0.11192245610744143 0.9418981341205401 -0.3167037555178699 10.450724601745605 -0.5520472068256725 0.2060666313793875 0.8079482810600717 -2.7775795459747314
0.8381279953722676 0.26818472149484823 0.47499307208631475 82.35942840576172 -0.10707201103475818 0.9347353255775361 -0.3388295376298091 10.443315505981445 -0.534861709067154 0.2331240576907246 0.812142922089194 -2.7808330059051514
0.8498704311313369 0.26929889630279047 0.45298825011111954 82.32743072509766 -0.10063883205003124 0.9266907569548762 -0.36209952562521225 10.436982154846191 -0.5172930269897719 0.26214947153198126 0.8146689995349411 -2.783801794052124
0.8614306347575242 0.26838175432830164 0.4311710744529508 82.3033447265625 -0.09246887914324992 0.917661353652691 -0.3864545851743797 10.431714057922363 -0.49938639137569607 0.29303391263806644 0.8153185623747237 -2.786505699157715
0.8727460668375936 0.26522695404011154 0.4098401708838645 82.28715515136719 -0.08240254853410592 0.907527566586896 -0.4118294985548649 10.427495002746582 -0.4811695364573645 0.3256507004989729 0.8138964912382491 -2.788963556289673
0.8837502371598045 0.2596509869247585 0.3893159171020222 82.27888488769531 -0.07027732859073581 0.896150493894136 -0.43814996220409075 10.424308776855469 -0.46265172149916345 0.359855050377642 0.8102207892368386 -2.79119610786438
0.8943695191105147 0.25149327632579954 0.36993823166704776 82.27850341796875 -0.055926628101828885 0.8833698718583253 -0.46532771437145903 10.422133445739746 -0.44381907975568946 0.3954855262281054 0.8041242584258306 -2.793224811553955
0.9045260979415728 0.24066863242618608 0.35201015256481155 82.2787094116211 -0.039265596214309154 0.8690061702737231 -0.49324080222557837 10.41983699798584 -0.4246065839062407 0.4323272896687261 0.7954887576271372 -2.7955105304718018
0.9141587057430686 0.22730657074853217 0.3356271496895034 82.27951049804688 -0.02054135322527803 0.8528934476814611 -0.5216807641745141 10.417401313781738 -0.40483566236416496 0.4700047763550635 0.7843491548294004 -2.798022985458374
0.9232003380863109 0.21160153579437932 0.32082070663656004 82.28083038330078 -8.998051592520873e-05 0.8348959838364801 -0.5504077471086531 10.414807319641113 -0.38431904410376083 0.5081077506033306 0.7707952945601028 -2.800719738006592
0.9315768244693757 0.19376319556809446 0.30760436302951644 82.28265380859375 0.021743061653763232 0.814915192125562 -0.5791722273321462 10.412040710449219 -0.36289373014902704 0.5462316849892535 0.7549431017847148 -2.803558349609375
0.9392115593454629 0.17401489329134567 0.2959737550943757 82.28498077392578 0.04460644204564908 0.7928945803998321 -0.6077239913814513 10.409096717834473 -0.34042901186575164 0.583983733750672 0.7369335700012125 -2.8064937591552734
0.9460317917919868 0.1525894436272699 0.2859026243537529 82.2877426147461 0.06814452453700853 0.7688261034231291 -0.6358165981404016 10.405972480773926 -0.31682830159956976 0.6209854139903193 0.7169358011124872 -2.8094823360443115
0.9519725368065036 0.1297277753281403 0.27734273647348595 82.29092407226562 0.0920006769431303 0.7427529826105747 -0.6632148085387577 10.402677536010742 -0.29203452639747185 0.6568780032331016 0.6951453979278704 -2.812479257583618
0.9569814126229992 0.10567381228939018 0.27022143010930144 82.28678894042969 0.11582157361115356 0.7147719901778058 -0.6897001994660397 10.398041725158691 -0.26602995880224745 0.6913277424300905 0.6717842016348622 -2.8159189224243164
0.9610216723566769 0.08067227942220412 0.2644415409756984 82.27531433105469 0.13926159723165496 0.6850319220199375 -0.7150786483668484 10.39208984375 -0.23883792160639913 0.7240326298907366 0.6470959728326544 -2.8197576999664307
0.9640754538983256 0.0549628798373462 0.2598799742779787 82.2564697265625 0.16198777968674943 0.6537317802964883 -0.7391851721067876 10.384840965270996 -0.210519544040202 0.7547276603321026 0.6213434479470561 -2.823953866958618
0.9661444174174585 0.028778585322612238 0.2563918050950722 82.23023223876953 0.183684649718249 0.6211217188607958 -0.7618843480590052 10.376331329345703 -0.18117647239905219 0.7831855485044654 0.594807096849723 -2.8284683227539062
0.9672519083750921 0.0023400671075088364 0.2538075448655432 82.19660949707031 0.20405870441176446 0.5874945597738618 -0.7830773827597809 10.366594314575195 -0.15094300546409725 0.809224731654964 0.5677777230390576 -2.833264112472534
0.9674423952524424 -0.024145569346833998 0.2519369035078699 82.15560150146484 0.22284258826218778 0.5531809229639175 -0.8027029633216741 10.355670928955078 -0.11998496874536231 0.8327111491686089 0.5405513382884819 -2.8383076190948486
0.96678111586581 -0.0504896687916902 0.25056948607235696 82.107177734375 0.2397984572351206 0.5185447557716838 -0.8207362768693369 10.343554496765137 -0.08849279017476888 0.853558509773636 0.5134266222938719 -2.8435354232788086
0.9653525124199404 -0.07652253532443037 0.24947710987589733 82.05140686035156 0.2547199672977425 0.48397503912430595 -0.8371892855050547 10.329947471618652 -0.05667684733951102 0.871729581402483 0.48669833766256687 -2.848689556121826
0.9632579370058623 -0.10209445655490815 0.2484167239458091 81.98822784423828 0.2674340174215596 0.449881532645874 -0.8521065971520021 10.3152437210083 -0.02476273654052187 0.8872335253612531 0.46065548770645 -2.8539769649505615
0.9606133433878223 -0.1270768016227125 0.24713051409045395 81.91767883300781 0.2777998532335173 0.41668486999413873 -0.8655639552692825 10.2994966506958 0.007017552900159554 0.9001251055310645 0.4355749629443639 -2.8593804836273193
0.9575456328583694 -0.15136093091060793 0.24534919928081952 81.83976745605469 0.2857086927594194 0.38481163650737643 -0.87766197780821 10.282758712768555 0.038430507094869365 0.9104997929721836 0.41171983571603915 -2.8648860454559326
0.954189166333172 -0.17485543318845365 0.24279335315630873 81.75448608398438 0.29108058487356864 0.35468758270176015 -0.8885205747684423 10.265085220336914 0.06924686247092388 0.9184891377483241 0.3893360706077368 -2.8704843521118164
0.9506817588068193 -0.1974839125613021 0.2391741995940463 81.66197204589844 0.2938606637003929 0.32673413213267366 -0.8982709598050429 10.245729446411133 0.09924768914960841 0.9242537049852646 0.36865293301352453 -2.875380754470825
0.9471407905967344 -0.21919874171554246 0.23425677027167308 81.56214141845703 0.29407146358079694 0.3012987199774631 -0.9070507459053159 10.22546100616455 0.12824311714567976 0.9279929918756202 0.34983240263659715 -2.880295991897583
0.9436002406471287 -0.240022589846232 0.2280520603155956 81.45500946044922 0.2919698836055269 0.2784596811855455 -0.9149938759474946 10.204299926757812 0.15611589578917207 0.9299727750410501 0.332833989797305 -2.885270595550537
0.9400666665334574 -0.25998357827744 0.22064270098675762 81.34064483642578 0.287858702124726 0.2581992114267089 -0.9222095937636379 10.181897163391113 0.18278957870661497 0.9304524201938991 0.31756300740415955 -2.8899123668670654
0.9365412192392633 -0.27909624198418903 0.2121222109448636 81.2190933227539 0.28202685856725473 0.24047144751962135 -0.9287811012151914 10.157792091369629 0.20820997985812278 0.9296659457235814 0.30392405901698394 -2.8936970233917236
0.9330219456277353 -0.2973650739287628 0.20259334091814785 81.09029388427734 0.2747489051169209 0.22520658186455395 -0.9347700437123224 10.132710456848145 0.23234260933821121 0.9278232635002345 0.29182341166137776 -2.897566556930542
0.9295061357911165 -0.31478479565691136 0.19216887351988943 80.9639892578125 0.26628552770971964 0.21231281554477743 -0.9402208709063024 10.108105659484863 0.2551673201235277 0.9251128584009013 0.281168700182455 -2.9008028507232666
0.9259918752915771 -0.3313441318669557 0.18096992338872564 80.84029388427734 0.25688383851353064 0.2016817815917491 -0.9451640875977736 10.08323860168457 0.2766762375133471 0.9217025145085105 0.2718726436112072 -2.902397632598877
0.9224797073421942 -0.34702678190123437 0.1691259950011623 80.71906280517578 0.24677757107149645 0.19318917655408735 -0.9496203306998047 10.059118270874023 0.2968703756825739 0.9177419870015903 0.2638515213836385 -2.903848171234131
0.9189737885837386 -0.36181338217652215 0.1567745271848584 80.60028839111328 0.2361881272645937 0.186698530332276 -0.9536030763955263 10.035726547241211 0.31575678050565137 0.9133645138988891 0.2570270808980093 -2.905182361602783
0.9154825766975621 -0.37568373954191814 0.14406033321838657 80.48420715332031 0.22532527923905055 0.1820630432854815 -0.9571215005449794 10.01180362701416 0.3333469218382498 0.9086884923412584 0.2513265875062458 -2.9044430255889893
0.9120195233879029 -0.3886180887953326 0.13113493058817402 80.37059020996094 0.21438747776075845 0.179127089810935 -0.9601830528994175 9.988548278808594 0.3496546844226208 0.9038193772855991 0.24668225494426882 -2.903599977493286
0.9086031569346471 -0.40059873190543177 0.11815650301254235 80.25944519042969 0.20356316316838768 0.17772798700353193 -0.9627953059900908 9.965991020202637 0.36469486123233663 0.8988511660066044 0.2430313550949637 -2.902759552001953
0.9052572010680799 -0.41161097175733263 0.10528916299111699 80.15083312988281 0.1930308698900026 0.17769673976811534 -0.9649678502133071 9.943710327148438 0.37848181354444843 0.8938681539269463 0.24031487721599437 -2.9013307094573975
0.902010044859251 -0.4216447511165815 0.09270157943017177 80.04481506347656 0.18296052526162834 0.1788624831553418 -0.9667128106710361 9.921515464782715 0.39102854776729723 0.8889453953845206 0.23848010159268518 -2.899068832397461
0.8988943853830312 -0.43069447157935165 0.08056771113694366 79.9412612915039 0.1735135889067158 0.1810496870198146 -0.9680465098820092 9.89997673034668 0.40234552115262096 0.8841511652319476 0.23747589062348118 -2.8969085216522217
0.8959460416357858 -0.4387603427080958 0.06906556409558273 79.84017181396484 0.1648444592876756 0.18408216876095201 -0.9689891946695888 9.879072189331055 0.4124402923082571 0.8795471089208007 0.23725490188769688 -2.894869327545166
0.8932033244512019 -0.4458474716658035 0.058376820729904105 79.74163818359375 0.15710058270964808 0.18778310318788555 -0.9695653217135074 9.85838794708252 0.4213160667499044 0.8751900011805085 0.23777138964150352 -2.892404794692993
0.8907049545080101 -0.451967233393167 0.0486857674665839 79.64566040039062 0.15042351023243372 0.19197712535314848 -0.9698028412571778 9.83795166015625 0.4289725534159927 0.8711316796443969 0.23898147446129647 -2.889603614807129
0.8884890991233545 -0.45713527733902914 0.04018033040106769 79.55216217041016 0.14495000539743028 0.19648958951324302 -0.969732611160521 9.818103790283203 0.4354039695205534 0.8674209931890547 0.240840619291387 -2.8870046138763428
0.8865909215544922 -0.46137210404799484 0.03305025602748354 79.46112823486328 0.14081219723745647 0.20114854322593645 -0.9693870169685805 9.798821449279785 0.4406001168024307 0.8641036078876245 0.2433032920230932 -2.8846240043640137
0.8850363825193323 -0.46471289887640305 0.027432156951000236 79.37261199951172 0.13808926105767066 0.2057995015967452 -0.968802312715591 9.779929161071777 0.4445694069519863 0.8612133805047512 0.24631190722727547 -2.8822669982910156
0.8838254666741304 -0.4672390322007447 0.02324287517427348 79.28669738769531 0.1366578675023411 0.21034616515619742 -0.968028469650451 9.761173248291016 0.4474116356421321 0.8587445356985935 0.24976118733670127 -2.879608631134033
0.8829421414271634 -0.4690407797709758 0.020345068293084828 79.2032699584961 0.1363443600189136 0.21471092869988206 -0.9671139708368748 9.74295711517334 0.44924758250106167 0.856679615730799 0.25352839211473466 -2.877162218093872
0.8823610582882638 -0.47020521748875677 0.018601512378464413 79.12232208251953 0.13697553005183005 0.218821257937171 -0.9661029765205231 9.725273132324219 0.45019625385317835 0.8549995967958963 0.2574859656280698 -2.874905824661255
0.8820502278498881 -0.4708161684859892 0.017875431243284168 79.04389190673828 0.13837940240807398 0.22260731747483486 -0.965037368807987 9.708113670349121 0.45037599463020345 0.8536850225339736 0.2615020951388807 -2.872818946838379
0.8819732114686698 -0.4709545488370392 0.01802961955620369 78.968017578125 0.140385282079787 0.22600112523703092 -0.9639582272935762 9.691219329833984 0.44990579772550077 0.8527164266749504 0.2654420254060839 -2.8706142902374268
0.8820908474083274 -0.4706990021684785 0.018925809786056264 78.8837661743164 0.14282436142634383 0.22893669554136742 -0.9629066368126024 9.672147750854492 0.4489063807762331 0.8520741979383007 0.26917024818167723 -2.8679890632629395
0.8823634362905423 -0.4701250545465988 0.020425459238514132 78.79109191894531 0.14552958908040728 0.23134744591410838 -0.9619248920633602 9.6510648727417 0.4474996145245652 0.8517398619041948 0.27254963335838356 -2.8651037216186523
0.8827513745248897 -0.46930670023393023 0.022388208725972858 78.68999481201172 0.1483354813527608 0.23316738705322793 -0.9610564783542198 9.627958297729492 0.4458100444654231 0.8516948929812308 0.2754436666968898 -2.8619372844696045
0.883216371043644 -0.4683162239312231 0.024672987725385176 78.58056640625 0.15107843326880974 0.2343295579903794 -0.9603462736185712 9.602496147155762 0.4439641302194788 0.8519211070602924 0.27771618322241814 -2.8582451343536377
0.883722287940295 -0.4672242369890527 0.02713724686787472 78.46279907226562 0.15359603041795547 0.23476697720728945 -0.9598399480396711 9.574753761291504 0.44208955793754834 0.8524001283334897 0.2792325983470294 -2.8540639877319336
