0.9999999999999998 -0.0 0.0 10.209184646606445 0.0 0.8290226061872219 0.5592150913830438 -10.692091941833496 -0.0 -0.5592150913830438 0.8290226061872219 -0.05341026186943054
0.9999952465212032 0.002356483323524435 0.001988446967842138 10.14787769317627 -0.003066891392083844 0.826694751811486 0.5626423211104322 -10.687121391296387 -0.0003179814257647444 -0.5626457449529779 0.8266980492139323 -0.018114928156137466
0.9999780628122453 0.004913309871553139 0.004442215705667059 10.092805862426758 -0.006565175515859982 0.8241813055735054 0.5662879779878771 -10.681196212768555 -0.0008788428275461036 -0.5663047191479678 0.8241954820951316 0.010294494219124317
0.999944367303842 0.0076294381549046955 0.007283815673100349 10.04449462890625 -0.0104207469435319 0.8215056930621608 0.5701050818047474 -10.674762725830078 -0.0016341145792411293 -0.570149268121866 0.8215394949298802 0.032418135553598404
0.9998907987249166 0.010464822034713182 0.010434468123960445 10.003350257873535 -0.014558940371650012 0.8186929538991436 0.5740469357910982 -10.66841983795166 -0.002535326508145366 -0.5741361639329787 0.8187559083046795 0.04925292730331421
0.9998150355657541 0.013380876131132017 0.013814731651864452 9.969879150390625 -0.018905070437961698 0.8157682819690134 0.5780698127778858 -10.662773132324219 -0.003534539345576848 -0.5782240588969707 0.815870360256044 0.061741940677165985
0.9997160704909026 0.016339185869264326 0.017343857914495792 9.944053649902344 -0.02338284114504982 0.8127601353501728 0.5821290279015076 -10.657746315002441 -0.004584881919302877 -0.582369292966841 0.8129114253515494 0.06974517554044724
0.9995943499557695 0.019302027509960074 0.020941997767825286 9.926395416259766 -0.02791597671843346 0.809697139109502 0.5861836240989199 -10.654467582702637 -0.005642143241600264 -0.5865304550080009 0.8099075203797954 0.07535476237535477
0.9994518525479654 0.02223509262111499 0.024527435548186836 9.91690731048584 -0.03242876585117359 0.8066097823441358 0.5901940648397911 -10.652934074401855 -0.006661049752837701 -0.5906659459312652 0.806888697859447 0.07856086641550064
0.9992921349452327 0.02510332947728317 0.02801877737792758 9.915595054626465 -0.03684394458247367 0.8035309824505841 0.5941216070718206 -10.653141975402832 -0.007599525261653466 -0.5947333714288733 0.8038870966277811 0.07935424894094467
0.9991203068059267 0.027872722688955562 0.03133247289850069 9.913384437561035 -0.04108274642062075 0.8004940070500666 0.5979310600926054 -10.653151512145996 -0.008415490156234016 -0.598692288247337 0.8009349059184508 0.08039413392543793
0.9989427237492533 0.03051161553413379 0.03438714855756671 9.9102783203125 -0.045068594264989374 0.7975345741441248 0.6015874207924625 -10.6529541015625 -0.009069535787498941 -0.6025011571459815 0.79806647540061 0.08167091012001038
0.9987669807309858 0.03298879622610404 0.03709794502480561 9.906282424926758 -0.04872232665950614 0.7946890879133612 0.6050581694649818 -10.65255069732666 -0.009521191437802978 -0.606119619279052 0.7953165118609208 0.08317489176988602
0.9986014527744588 0.03527326245707947 0.03938191808907681 9.90140151977539 -0.05196541107398524 0.7919954204626637 0.6083114745079863 -10.651933670043945 -0.009733168479611358 -0.609507219745429 0.7927207670482369 0.0848960131406784
0.9984549567398509 0.03733694022574395 0.04115400656316742 9.895635604858398 -0.05471989288109155 0.7894919412943839 0.6113167819995672 -10.651093482971191 -0.00966605838508489 -0.6126242139564871 0.7903152154612056 0.08682472258806229
0.9983363532979808 0.0391486272219999 0.04233096585624057 9.888993263244629 -0.056906237255377086 0.7872177261329389 0.6140439168524674 -10.650033950805664 -0.009284710287566826 -0.6154312607015653 0.7881358750280042 0.08895095437765121
0.9982539577092 0.040680407595575604 0.04282686488381407 9.881474494934082 -0.05844595179650991 0.7852122652840132 0.6164623014963271 -10.64874267578125 -0.008550241898254804 -0.6178889891278256 0.7862188566029659 0.09126503020524979
0.9982148639308073 0.041903072382500274 0.042558406367097804 9.873085975646973 -0.05926156993461049 0.7835151998724748 0.6185402152630671 -10.647221565246582 -0.007426422859315034 -0.619958114789784 0.7845997604828922 0.09375709295272827
0.9982244672467889 0.042785757001661845 0.041440221858233484 9.863748550415039 -0.05927387511521569 0.782165178120759 0.6202453078130842 -10.645148277282715 -0.00587543348959739 -0.6216003644892082 0.7833124958458108 0.09580009430646896
0.9982854787461636 0.0432981406784155 0.03938748453931737 9.85351276397705 -0.058405649991692926 0.7811998558899212 0.6215428908825311 -10.642695426940918 -0.0038578457188803393 -0.6227776940219987 0.7823893281832587 0.09771674871444702
0.9983971463770963 0.04340734756080634 0.03631721745682094 9.8424072265625 -0.056580530923770696 0.7806561583216938 0.6223942528613182 -10.639945983886719 -0.0013347758069757708 -0.6234514934236262 0.781860891541069 0.0996994748711586
0.9985524074396585 0.0430914852069587 0.03219027025547699 9.830437660217285 -0.05376025768606259 0.7805526295276017 0.6227739776444378 -10.636914253234863 0.0017100555518274052 -0.6236030118915438 0.7817393166969439 0.10174361616373062
0.998732497639551 0.04238174323802259 0.027151169381276798 9.817598342895508 -0.050064456155935674 0.7808416534373368 0.6227197302856692 -10.633590698242188 0.005191183725784537 -0.6232897400867051 0.7819737537246201 0.10386420786380768
0.9989169392019984 0.04132087190307472 0.021390047229498957 9.80388069152832 -0.04565069729118132 0.7814586799260032 0.6222847783813589 -10.629989624023438 0.008997911543210259 -0.6225872767038191 0.7824986392795724 0.10608077794313431
0.9990875333343631 0.03995177110692625 0.01509823570082591 9.78927993774414 -0.04067682960737903 0.7823380918008727 0.6215243403523804 -10.626120567321777 0.013019073275397672 -0.6215713684709013 0.7832493457566758 0.10841315984725952
0.9992297262208603 0.038318125754706556 0.00846613697214494 9.773788452148438 -0.03529939103211531 0.783415178015451 0.6204954567503141 -10.621992111206055 0.017143722738846498 -0.6203163548494152 0.7841643403502788 0.11088096350431442
0.999333470619512 0.03646606268728415 0.0016854588836625727 9.757399559020996 -0.02967572213860701 0.7846256022489299 0.6192592476588921 -10.617609977722168 0.021259492353150014 -0.618896510385696 0.7851847829761445 0.11350371688604355
0.9993938935103979 0.03444287896196388 -0.005053088455502624 9.740102767944336 -0.023961171930414284 0.7859058495139986 0.617881750773885 -10.612982749938965 0.025252878130002418 -0.6173861707136723 0.786254798622978 0.11630096286535263
0.9994114605885228 0.032297306990475276 -0.011559256268398264 9.721846580505371 -0.018309554180142372 0.7871949733782097 0.6164323435007318 -10.607539176940918 0.029008493067374914 -0.6158579039431441 0.7873230274040746 0.11805480718612671
0.9993917282383411 0.030081653866679936 -0.0176427783930756 9.702657699584961 -0.012875118766138366 0.7884325869835561 0.6149864121256462 -10.60177230834961 0.03240994979230524 -0.6143851803901706 0.7883403105711377 0.11982948333024979
0.9993448612387776 0.027849213613721592 -0.023114273009228373 9.68253231048584 -0.0078103511035537785 0.7895612867513868 0.6136220114037088 -10.595756530761719 0.0353390256131526 -0.6130394732515936 0.7892615266843566 0.12176772952079773
0.9992846502031748 0.02565374036457902 -0.02778621013426699 9.661459922790527 -0.0032653733819458484 0.7905245906777517 0.6124215940595579 -10.589489936828613 0.03767658696054291 -0.6118927660457183 0.7900428581133587 0.12388839572668076
0.9992271699425265 0.02355197189080801 -0.031470104364364114 9.639429092407227 0.0006075741180010408 0.7912675844680352 0.6114697381095912 -10.582983016967773 0.039302591547384184 -0.6110162963376472 0.790641759526705 0.12621048092842102
0.9991891298188187 0.0215990968579765 -0.03397884440105972 9.616430282592773 0.00365821817450138 0.7917363990066856 0.610851939448271 -10.576242446899414 0.0400961381145295 -0.6104809198515921 0.7910153893606966 0.128752663731575
0.9991857363553797 0.019850604406098878 -0.035125742250802255 9.596802711486816 0.005735037346329053 0.7918779091197248 0.6106525087108123 -10.570534706115723 0.03993712070985386 -0.6103567240170988 0.7911192677697346 0.13098296523094177
0.9992282856567786 0.018359961126779362 -0.0347238386535571 9.580536842346191 0.00668532579734845 0.7916388319022821 0.6109527528732263 -10.565863609313965 0.03870580786391652 -0.6107134120451371 0.790905170539293 0.13292014598846436
0.9993213135765714 0.017177858244613018 -0.03258578551644385 9.567635536193848 0.006354213584393062 0.7909637074824518 0.611830072336542 -10.562091827392578 0.036284103975702864 -0.6116218886139886 0.79031773937255 0.1342453807592392
0.999459389508352 0.016350609466067253 -0.028523434114431968 9.558084487915039 0.004583732241871627 0.7897963568497024 0.6133520229897936 -10.559282302856445 0.0325563837415493 -0.6131511822356911 0.7892944378371403 0.13511428236961365
0.9996235099025268 0.01591899256073356 -0.022347799131100014 9.551862716674805 0.0012118601797783063 0.7880761328088903 0.6155765917348457 -10.557621955871582 0.02741112630041591 -0.6153719156516939 0.7877601383556463 0.13594695925712585
0.9997771562216133 0.015915732434549475 -0.013868213961996846 9.548964500427246 -0.003928372699982943 0.7857392925653394 0.618545335449917 -10.557113647460938 0.020741402685303688 -0.618353016957136 0.7856267183813532 0.13676437735557556
0.999861900914041 0.01636482858254795 -0.002893352039483938 9.543485641479492 -0.011010029057076518 0.7827147638949256 0.6222831972993274 -10.555910110473633 0.012448227212052927 -0.6221654046685455 0.782786848939673 0.13799628615379333
0.9997938335818363 0.017261108432748702 0.010693197249096797 9.535429000854492 -0.020151778713481117 0.7789480588455395 0.6267645709797648 -10.5540132522583 0.0024892059814505306 -0.6268508401178375 0.779135307951798 0.139657661318779
0.9994717067506123 0.018524098593690478 0.02670515261723011 9.524812698364258 -0.031236264798468933 0.77446665870193 0.6318430899523302 -10.551423072814941 -0.008977926623572295 -0.6323434607318714 0.7746361368430872 0.14173370599746704
0.9987912316243984 0.02005428043981857 0.044876513526100635 9.511659622192383 -0.04408307762831736 0.7693201479004842 0.6373407191614174 -10.548131942749023 -0.021742996505379107 -0.6385486166850712 0.7692742724363976 0.1442021131515503
0.9976521738944576 0.021753449885122657 0.06493787293835934 9.495991706848145 -0.058507765318360584 0.7635594013278968 0.643081551625636 -10.544130325317383 -0.03559468107898551 -0.6453710778008875 0.7630394423730703 0.14703956246376038
0.9959640233332585 0.023526935446146265 0.08661493828631249 9.477828979492188 -0.07431962872256123 0.7572377319302097 0.6488972261673899 -10.539416313171387 -0.05032153626797879 -0.6527154821587312 0.7559300512203003 0.1502223163843155
0.9936508732294341 0.02528712926923983 0.10962893424504076 9.457191467285156 -0.09132182902081877 0.7504148200605321 0.6546280786659028 -10.533981323242188 -0.06571351211642139 -0.6604832767957413 0.7479596081330093 0.15372581779956818
0.9906558504194174 0.02695301984430009 0.13369562726975792 9.434098243713379 -0.10930832740572824 0.7431542280518721 0.660131413347667 -10.527814865112305 -0.08156393559376224 -0.6685770920768217 0.7391562733012268 0.15752418339252472
0.9869442898705577 0.02845283004749724 0.15852887798186457 9.408563613891602 -0.1280661211005135 0.7355268844497256 0.6652813471591915 -10.52090835571289 -0.09767311461282105 -0.6768978052217102 0.7295679022324533 0.16159102320671082
0.9825062279488946 0.02972665975905752 0.18384188244576868 9.38060188293457 -0.1473769241702037 0.7276085531180073 0.66997450373253 -10.513254165649414 -0.11384882196915622 -0.6853481736526983 0.7192609586284704 0.16589874029159546
0.9773584388557067 0.03072566661516385 0.2093475947045717 9.350262641906738 -0.16701548149481577 0.7194825322327564 0.6741295978912331 -10.504657745361328 -0.12990885627466153 -0.6938305407107664 0.7083239864909382 0.16997870802879333
0.9715451555413379 0.03141312385587629 0.2347620633615507 9.31760311126709 -0.1867524528299887 0.7112366972861034 0.677691583093326 -10.49487018585205 -0.14568298495754473 -0.7022503656696598 0.6968650456226719 0.17325332760810852
0.9651382377385224 0.031766817194973845 0.2598057955094162 9.282546043395996 -0.2063562330714728 0.7029663122578081 0.6806287305890119 -10.484254837036133 -0.1610133135101923 -0.7105133588863469 0.6850149485350737 0.17657333612442017
0.9582364968587083 0.031775494870553686 0.2842061470371149 9.245092391967773 -0.22559325623299203 0.6947689673442999 0.6829375994609835 -10.47280216217041 -0.17575693110129786 -0.7185307230321237 0.6729213187504072 0.17990951240062714
0.9509638744902265 0.03144131016070792 0.3076997780790801 9.205239295959473 -0.24423124269709193 0.6867477294850015 0.6846376093509831 -10.460494995117188 -0.1897862205355573 -0.7262155327880101 0.6607512318809974 0.18323279917240143
0.9434673591421572 0.030778701936243782 0.3300333524667529 9.162982940673828 -0.26204065659346243 0.6790070308462137 0.6857726637548891 -10.447319030761719 -0.20298777432493612 -0.7334862804228373 0.6486862414959023 0.18651458621025085
0.9359145331582879 0.029811442421415674 0.35096333786288597 9.118314743041992 -0.2787933900716071 0.6716540932243877 0.6864073314784057 -10.433263778686523 -0.21526316980729504 -0.7402648559506791 0.6369220601995471 0.18972641229629517
0.9284891153053546 0.028572731093874593 0.3702587767998444 9.071381568908691 -0.2942669741479341 0.6647963284359645 0.6866241982510377 -10.417826652526855 -0.2265279468085537 -0.74647802428196 0.6256641659698937 0.19163833558559418
0.9213880777080447 0.0271029219852974 0.38769761654843 9.022078514099121 -0.30824195894529255 0.6585420186844319 0.6865197042857563 -10.401288986206055 -0.23670848105431957 -0.7520557434438571 0.6151270224515133 0.19294624030590057
0.9148160251758038 0.025447174581686216 0.40306833339689707 8.970337867736816 -0.3205044183819212 0.6529977006047075 0.6862003503370069 -10.383795738220215 -0.2457408347817054 -0.7569322587330876 0.6055286928049047 0.19401809573173523
0.9089819512445828 0.02365299667668097 0.416163847612697 8.916146278381348 -0.33084232899749466 0.6482678223489003 0.6857785239058806 -10.365334510803223 -0.25356491408533766 -0.7610449173703401 0.597089162596063 0.19482749700546265
0.9073355742619039 0.015459443621368918 0.42012279309951556 8.858973503112793 -0.33024308839317607 0.6446123037069692 0.6895030677800721 -10.345873832702637 -0.2601569876965782 -0.7643533106571277 0.5899850491666129 0.19424773752689362
0.9059392794823944 0.008714108351421168 0.4233179493082708 8.796331405639648 -0.3297348954345188 0.641703432508037 0.6924533222103784 -10.324318885803223 -0.2656104678353378 -0.766903363549178 0.5842176908937713 0.19354644417762756
0.9047832349514728 0.0033297273982453857 0.4258593789811389 8.728416442871094 -0.32931416155933546 0.6395282639168585 0.6946623515406323 -10.300175666809082 -0.2700360730480649 -0.7687603739572835 0.5797309778559688 0.1916409283876419
0.9038552448466763 -0.0007847051708398944 0.42783768020237545 8.655028343200684 -0.3289763716235033 0.6380611550081874 0.696169885432466 -10.273932456970215 -0.27353289249483304 -0.7699852899292383 0.5764567720271812 0.1895935833454132
0.9031416639914849 -0.0037223442027572995 0.4293265411272963 8.576162338256836 -0.32871664337306616 0.6372648144476902 0.6970214664101066 -10.245600700378418 -0.2761892523836442 -0.7706359065217421 0.5743168084317023 0.18740355968475342
0.9026284589930952 -0.005577126679870509 0.4303844335867024 8.491808891296387 -0.3285298365078284 0.6370908564490328 0.6972685186878703 -10.215180397033691 -0.2780827422546921 -0.7707685361293845 0.5732240854788606 0.18507033586502075
0.9022999559561499 -0.006446529137438928 0.43106058941129166 8.40209674835205 -0.32841029702032815 0.6374844448670046 0.6969650345344641 -10.18237018585205 -0.27928742594780365 -0.7704362561657435 0.5730850799774524 0.18207870423793793
0.9021405660606181 -0.0064279586811171185 0.4313943444402369 8.306990623474121 -0.3283522882792635 0.6383833731227964 0.6961691200434936 -10.147229194641113 -0.2798699230885651 -0.7696917241776442 0.5738009026507769 0.17852096259593964
0.9021343837700495 -0.005618242856381489 0.4314185774477495 8.206392288208008 -0.3283500851798281 0.6397223204482028 0.6949399789066438 -10.109992027282715 -0.2798924350214431 -0.7685855762812451 0.5752707508210317 0.17476333677768707
0.902264288676772 -0.004118025732214425 0.43116376847164173 8.100295066833496 -0.3283973059568038 0.6414331000894189 0.6933388692046557 -10.070671081542969 -0.2794178999615309 -0.7671679216271664 0.5773898312295962 0.1708049774169922
0.9025129575177463 -0.0020272263232462007 0.4306579290643621 7.988861560821533 -0.328487830417401 0.6434462817172468 0.6914279628507356 -10.02884292602539 -0.27850692411543315 -0.765488584433291 0.5800526875397412 0.1662723571062088
0.9028625851523724 0.0005535370916540938 0.4299288847340492 7.871958255767822 -0.32861509958017565 0.6456931827228054 0.6892694901946589 -9.98482608795166 -0.2772206136994261 -0.7635967570530809 0.5831541168148704 0.1614353209733963
0.9056327712296305 -0.0011329021690563712 0.42406131656591267 7.74915885925293 -0.32227598426512355 0.6481144928929999 0.6899897057695827 -9.938720703125 -0.27562197597594734 -0.7615420675410682 0.5865886171111655 0.15556059777736664
0.9086457391689827 -0.003030752363091832 0.41755686466655817 7.620908260345459 -0.31529311651569714 0.6506467748535949 0.6908321250857072 -9.890260696411133 -0.2737757684088784 -0.7593744721234239 0.590251844316813 0.14941886067390442
0.9117227955748252 -0.004943008025916684 0.410776229474006 7.487216472625732 -0.308080274445862 0.6532296782534978 0.691648416427157 -9.839479446411133 -0.2717500478870019 -0.7571436812920567 0.5940415451405101 0.14305853843688965
0.9147909200297998 -0.006869178271275728 0.4038692697159684 7.348001480102539 -0.3007740946520856 0.6558040155328547 0.6924276404052639 -9.786611557006836 -0.2696154977319562 -0.7548999321770141 0.5978574878529906 0.13646064698696136
0.9177813125450229 -0.008804873436244809 0.39698858490755945 7.208227157592773 -0.29351410577456455 0.6583110575450103 0.6931637766252128 -9.733182907104492 -0.26744519448756704 -0.7526945102216049 0.601601231903464 0.13029663264751434
0.9206298752491262 -0.010744886364652706 0.39028858581284365 7.077545642852783 -0.286439640603759 0.6606939950745867 0.6938557322406235 -9.683032035827637 -0.26531672598908673 -0.7505784384655564 0.6051768688747441 0.12474853545427322
0.9232776491660716 -0.01268251157682282 0.3839238680395842 6.955896854400635 -0.2796892946201571 0.662897403882303 0.6945076892309988 -9.6363525390625 -0.26331023722075686 -0.7486028224807909 0.608491193977811 0.11956321448087692
0.925669186272731 -0.01460626652833813 0.37805186755693093 6.843347549438477 -0.2734053811553965 0.6648666047416772 0.6951272512673825 -9.592905044555664 -0.26150727550194935 -0.7468192919825902 0.6114530971237042 0.11546424776315689
0.9277666582240668 -0.016509215572536567 0.3727954850704702 6.739866733551025 -0.2676952102766518 0.6665628747150757 0.6957249517205153 -9.552807807922363 -0.25997750341652026 -0.7452659792669687 0.6139953728364403 0.11215224862098694
0.9295867523891314 -0.018391355422927677 0.3681443029958976 6.645406246185303 -0.2625399597632789 0.6680101475181545 0.6963010931632013 -9.516220092773438 -0.2587300510379953 -0.7439248623742057 0.6161449178816581 0.10913604497909546
0.9311587717252231 -0.02025854556822955 0.36405072884233325 6.559966087341309 -0.2578855135756058 0.6692452693365966 0.6968542396788819 -9.483137130737305 -0.2577564814452201 -0.7427653470659805 0.6179492175502236 0.1064092218875885
0.9325091974427996 -0.022115566624794913 0.36046844299806635 6.483621120452881 -0.2536795233161596 0.6703065508073274 0.6973778225573781 -9.453314781188965 -0.2570472643983437 -0.7417546964176553 0.6194567573347473 0.1050759106874466
0.9336629791861252 -0.023969956739827936 0.3573498040732355 6.416304588317871 -0.24986830481580602 0.6712297939281178 0.6978655988022994 -9.42696475982666 -0.25659164356183634 -0.7408616638193039 0.6207130766603263 0.10413497686386108
0.9346433036440022 -0.02582991259737999 0.35464730447112813 6.358001708984375 -0.24639790229167807 0.6720516910685563 0.698308383365225 -9.40414047241211 -0.2563785652110684 -0.7400536062658605 0.6217641764794821 0.10329894721508026
0.9354726788995408 -0.02770222486243315 0.3523115861991883 6.308710098266602 -0.24321441359623988 0.6728079714395269 0.6986960588027287 -9.384839057922363 -0.25639347895676684 -0.7392983297053364 0.622655895052272 0.10256103426218033
0.9361718040933485 -0.029596253265189484 0.3502947544758094 6.268434524536133 -0.24026377425120088 0.6735336204546154 0.6990177257408184 -9.36905288696289 -0.2566235998562345 -0.7385638252107672 0.6234322770653331 0.10191428661346436
0.9367607647036449 -0.031521580987869155 0.3485479301959309 6.2371745109558105 -0.237491091042291 0.6742634403582668 0.6992616067479869 -9.356781959533691 -0.25705495791247557 -0.7378178656879075 0.6241374413415335 0.10135200619697571
0.9372587578026437 -0.033486603060657455 0.34702257612106996 6.214932918548584 -0.23484218887277494 0.6750327321939691 0.699414009576724 -9.348012924194336 -0.257672597005754 -0.7370274471701878 0.6248162728915654 0.10086745768785477
0.9376843524512437 -0.03550169259792964 0.3456699075574472 6.201732158660889 -0.23226162213289342 0.6758757491998337 0.6994615861702204 -9.342702865600586 -0.25846197796250237 -0.7361600379443628 0.6255124335146868 0.10078132152557373
0.9380554483579193 -0.037576311528300876 0.3444415721395304 6.197539329528809 -0.2296948151387435 0.676826035774172 0.6993903124840936 -9.340925216674805 -0.25940753208879985 -0.7351833363931392 0.6262692665183651 0.10056114196777344
0.9383899254436984 -0.03972062381132113 0.3432879547403456 6.187880516052246 -0.22708558023817688 0.6779168154578783 0.6991859055840152 -9.336957931518555 -0.2604927773925039 -0.7340647542032571 0.6271303290089316 0.10046691447496414
0.9387048147618111 -0.041944742972777324 0.3421606483509491 6.172759056091309 -0.22437817417683537 0.6791815816566703 0.6988324649666854 -9.330801010131836 -0.26170155845172943 -0.7327707811282403 0.62813953595411 0.1004917100071907
0.9390164029194118 -0.04425895985695788 0.34101222781693497 6.152176380157471 -0.22151763890259651 0.6806521375435217 0.6983141150746229 -9.322453498840332 -0.26301735817870997 -0.7312686319881464 0.6293393815477283 0.10062865912914276
0.9393410477198818 -0.04667413894222673 0.3397939387665955 6.126132488250732 -0.21844710253611133 0.6823605561251227 0.6976137432979594 -9.311902046203613 -0.26442250180741583 -0.7295242259161894 0.6307734492979965 0.10087081789970398
0.9396944266841586 -0.04920147066254969 0.338457677920553 6.094632625579834 -0.2151101551336343 0.684337064629731 0.696714003829654 -9.299152374267578 -0.2658984874291584 -0.7275039499951912 0.632483989618931 0.10121078044176102
0.9400916090694734 -0.05185300689341249 0.3369555345045989 6.057676315307617 -0.21144968960413568 0.6866113531084413 0.6955960599003633 -9.284193992614746 -0.26742624277262483 -0.7251731623955114 0.63451326953643 0.1016416922211647
0.9405467760993327 -0.05464007265063432 0.335240547114881 6.015268802642822 -0.2074096840675479 0.6892120511396336 0.6942391313653377 -9.267030715942383 -0.2689851016769355 -0.722496512811399 0.6369032925422949 0.10215651988983154
0.9410732843022848 -0.05757737883343805 0.33326553830118993 5.967410564422607 -0.20293183836130224 0.6921663247838111 0.6926214318186914 -9.24765396118164 -0.27055450939101616 -0.7194377139696964 0.6396949532130484 0.10274779796600342
0.9416790956755673 -0.06067161225574666 0.3309976378071815 5.914167404174805 -0.19797873109274663 0.6954867153220676 0.6907261764588246 -9.22594928741455 -0.27211193065088435 -0.7159728935349505 0.6429136123311114 0.10381324589252472
0.9423531996841449 -0.06390932055644075 0.32846011293773325 5.853659629821777 -0.19258602809981504 0.6991365696577775 0.688562763114513 -9.200812339782715 -0.2736440549798069 -0.7121261515442119 0.6465255412286808 0.10650733858346939
0.9430801850035915 -0.06726842677211675 0.32569114727483117 5.7856950759887695 -0.18681134536587857 0.7030666484846204 0.6861478040708089 -9.172599792480469 -0.27513866666861253 -0.7079351993990743 0.6504817196167858 0.10956855863332748
0.9438455691806688 -0.07072722965323863 0.3227277498505476 5.710272312164307 -0.18071131404914786 0.7072292413657215 0.6834985158227458 -9.141315460205078 -0.27658445819071226 -0.7034376014564789 0.6547339752483494 0.11300407350063324
0.944635612928563 -0.07426394395744376 0.319606672982533 5.627814769744873 -0.17434315837785316 0.7115767457967754 0.680634261529719 -9.106203079223633 -0.2779712609496042 -0.6986725996267185 0.6592333248683127 0.11837508529424667
0.945437257198751 -0.07785633690566934 0.31636495302756557 5.538188457489014 -0.16776446530695718 0.7160639572258609 0.6775747142140941 -9.06750202178955 -0.27929102542110734 -0.6936791765403308 0.6639320169667637 0.12521027028560638
0.9462388837827561 -0.08147958987046719 0.31303841817276096 5.441461086273193 -0.16103427110849713 0.7206463935773346 0.6743417078548058 -9.025077819824219 -0.2805350928959138 -0.6884982584280964 0.6687826326956758 0.13325615227222443
0.9470295706239478 -0.08511025192205089 0.3096631030355186 5.338231086730957 -0.15421078120395204 0.7252818309511331 0.6709584939865052 -8.97781753540039 -0.28169846880004157 -0.6831709234956778 0.6737384225096376 0.14370299875736237
0.9477995722850564 -0.08872301165105884 0.30627470999060674 5.22847843170166 -0.1473534842834008 0.7299295658470197 0.6674502075600268 -8.925671577453613 -0.2827771586352153 -0.6777396669119695 0.6787532854051219 0.15552787482738495
0.9485407865381333 -0.09229152790074263 0.30290699917856956 5.112415790557861 -0.1405215021945536 0.7345503227692385 0.6638445079539287 -8.868227005004883 -0.28376765794326453 -0.6722485382634565 0.6837819967709302 0.16885916888713837
0.9492455626388168 -0.09578913791291965 0.29959523171842345 4.991354465484619 -0.13377539082636125 0.7391065184555794 0.6601709620891596 -8.802724838256836 -0.28466999599495985 -0.6667428255589796 0.6887793536001624 0.18228499591350555
0.9499079460775374 -0.09918803722553136 0.29637244684703906 4.865227699279785 -0.12717438085065808 0.7435638624885669 0.656459792566411 -8.7293062210083 -0.28548479965491363 -0.6612673556682124 0.693703044172046 0.19379501044750214
0.950522763150688 -0.10245950423702069 0.29327210355552896 4.749540328979492 -0.12077925737436235 0.7478884654575988 0.6527443712691635 -8.656708717346191 -0.28621468816341084 -0.6558695702858778 0.698510027882592 0.20032890141010284
0.9510859477439535 -0.1055738778586881 0.290326843949823 4.6437225341796875 -0.1146503816169207 0.7520493535212495 0.6490585950924349 -8.58632755279541 -0.2868637481437495 -0.6505965925073308 0.7031594867587082 0.20213951170444489
0.951594100718279 -0.10850169220861461 0.2875692095236155 4.547481060028076 -0.10884815924887889 0.7560164195707239 0.6454388054398296 -8.51894474029541 -0.28743824677015534 -0.6454971387444955 0.7076105554373598 0.19935913383960724
0.9520448376113979 -0.1112121427749648 0.28503067637867996 4.460651397705078 -0.10343307768487608 0.7597612232147158 0.6419224891993682 -8.455241203308105 -0.28794483085848466 -0.6406205920813657 0.7118237361757467 0.19349005818367004
0.952436287483728 -0.1136743886698425 0.282742376811031 4.382003307342529 -0.09846512910024102 0.7632570109367925 0.638547847547156 -8.396759986877441 -0.2883916375963185 -0.636016405933346 0.7157607105367988 0.18729574978351593
0.9527669491710904 -0.11585633570165346 0.2807355518009759 4.312461853027344 -0.09400537017932545 0.7664776934333657 0.6353541814189274 -8.342519760131836 -0.2887873455410757 -0.6317351145431549 0.7193834958549481 0.17939291894435883
0.9530353393840375 -0.11772732314630716 0.2790410709375187 4.250593185424805 -0.09011335828871095 0.7693980339117057 0.6323814102823803 -8.294123649597168 -0.2891422219999749 -0.6278271599712827 0.7226547119193996 0.17225585877895355
0.9532401675475067 -0.1192546318105065 0.277689603272686 4.196902275085449 -0.08685013990128077 0.7719928496349762 0.6296698288083977 -8.251029968261719 -0.28946543174121697 -0.624343954006291 0.7255373118749037 0.165293350815773
0.9533806402251245 -0.12041385278642597 0.2767053647854709 4.15108060836792 -0.08426304896884115 0.7742434120534709 0.6272534395842512 -8.213571548461914 -0.2897673090988807 -0.6213273235171041 0.7280022414997536 0.15888771414756775
0.9534600999802897 -0.1212047740137878 0.2760855673551996 4.11271333694458 -0.08235161453200955 0.776154604822136 0.6251417767173819 -8.182194709777832 -0.29005525220127826 -0.6187838331514974 0.7300510382848534 0.15355445444583893
0.9534814606653919 -0.12163529593675321 0.275822332217261 4.081799030303955 -0.08110314891550821 0.7777354907664176 0.6233376176987141 -8.156896591186523 -0.2903366725086232 -0.6167109218950949 0.7316913662275388 0.14929191768169403
0.9534466212187224 -0.12171356652517225 0.27590822425278494 4.0586700439453125 -0.08050482973349198 0.7789941972541934 0.621841630187202 -8.137313842773438 -0.29061746829153967 -0.6151047458506703 0.7329308553716364 0.14586074650287628
0.9533567524700026 -0.12144787744849311 0.2763355127071186 4.04293155670166 -0.08054378940667795 0.7799369797612021 0.6206536921577016 -8.123881340026855 -0.29090135872467665 -0.6139614977050517 0.7337763138913024 0.1435420960187912
0.9532118548507267 -0.12084803785941953 0.2770972961209937 4.034521579742432 -0.08120653724130109 0.780568839605173 0.619772365426784 -8.11666202545166 -0.29119178917221306 -0.6132764779306005 0.734233820751757 0.14237891137599945
0.9530111886682266 -0.11992322266239662 0.27818715811381206 4.033441543579102 -0.08248060266360331 0.7808932026518585 0.6191952488806519 -8.115653991699219 -0.29149035053912614 -0.6130450446079708 0.73430861960363 0.1423696130514145
0.9527531371275861 -0.11868388102251978 0.2795989915557197 4.027225971221924 -0.08435232562848716 0.7809132937110009 0.6189176947434138 -8.11041259765625 -0.29179812345971096 -0.6132606004716659 0.734006329028928 0.14168959856033325
0.9524355648890559 -0.11714120732185408 0.28132620262187313 4.015877723693848 -0.08680803708835748 0.7806295226240647 0.618936113912083 -8.100939750671387 -0.2921144628931117 -0.6139181427152183 0.7333305220797547 0.14033706486225128
0.9520553249495308 -0.11530529476908447 0.2833643365588867 3.9993953704833984 -0.08983547841535736 0.7800431868243707 0.6192432587495514 -8.087228775024414 -0.292438446605653 -0.6150100126722285 0.7322857633873392 0.1383105367422104
0.9516089360958047 -0.11318901289886177 0.2857073329503332 3.977780342102051 -0.09342027563751124 0.7791525256256264 0.6198338437928502 -8.069284439086914 -0.29276797099823376 -0.6165302824437656 0.7308743571828119 0.13560836017131805
0.9510921730440635 -0.1108044737920065 0.2883505626177931 3.9510345458984375 -0.09754899556378513 0.777956299196032 0.6206997583419142 -8.047106742858887 -0.29310044667113344 -0.6184709897229542 0.7290992820132877 0.13222870230674744
0.9505005739626294 -0.10816313858956218 0.2912891936669935 3.9193203449249268 -0.10220865960934271 0.7764524622506803 0.6218319417380531 -8.0205078125 -0.2934315061433819 -0.6208238955737055 0.7269633016095897 0.12815475463867188
0.9498290487995235 -0.10527809421785315 0.29451876160008766 3.8828792572021484 -0.10738563171255523 0.7746376691370027 0.6232213151487094 -7.989211082458496 -0.29375687933780864 -0.6235807922249115 0.7244680057876012 0.12336219847202301
0.9490722411894229 -0.10216322542223104 0.2980344885663606 3.8413877487182617 -0.11306572252397314 0.772507553218169 0.6248585620850607 -7.953588485717773 -0.29407145967233483 -0.6267334007312871 0.721614315970781 0.1178797110915184
0.9482245505640433 -0.09883226121820791 0.301831717766894 3.7948484420776367 -0.119234707843716 0.7700578483736409 0.6267327936238717 -7.913644790649414 -0.2943693023279461 -0.6302722382436455 0.718403521390523 0.11170562356710434
0.9472799206418083 -0.09529879170129964 0.3059066724494937 3.7438549995422363 -0.12587920827129614 0.7672836182331746 0.6288324690376601 -7.868644714355469 -0.2946441529605521 -0.634187661099836 0.7148362285411104 0.1052386462688446
0.9462323655887737 -0.09157750537810225 0.31025452586706503 3.688035249710083 -0.13298427811346655 0.7641797662303401 0.6311453609579832 -7.819047451019287 -0.29488894873649274 -0.6384691420835203 0.7109132594910716 0.09822501987218857
0.9450752373329306 -0.08768327643575813 0.3148720991348639 3.6274969577789307 -0.14053645741241053 0.7607398804168402 0.633659481489342 -7.764707088470459 -0.2950971025240249 -0.6431068942072248 0.7066337259889759 0.09096511453390121
0.943802756239662 -0.08363086492673968 0.3197533983338126 3.562664031982422 -0.14852018065495753 0.756958087133116 0.6363616976704304 -7.705063343048096 -0.29525939993950273 -0.6480897567122773 0.7019982578268876 0.08413451910018921
0.9424095709587017 -0.07944740113832041 0.32488815155034984 3.493236541748047 -0.15690454126650705 0.7528361006396533 0.6392329548010095 -7.640514850616455 -0.2953729261380997 -0.6533956810586133 0.6970142885756131 0.07753615826368332
0.9408984030357522 -0.07520109428698508 0.3302347507195617 3.4197332859039307 -0.16559419400712883 0.748406799265071 0.642235023745156 -7.570371150970459 -0.29544670936718936 -0.6589628655939965 0.6917218976526968 0.07248229533433914
0.9392762946942542 -0.07097182415309475 0.3357425239701022 3.3422844409942627 -0.17447580430524803 0.7437143992822701 0.6453271155098388 -7.494614124298096 -0.2954965920911259 -0.66471940883097 0.686170439166492 0.06891761720180511
0.9375524820652726 -0.06683746201606477 0.3413621201078082 3.264130115509033 -0.18343865715801394 0.7388070869249511 0.648470776033533 -7.416623592376709 -0.29554289440504433 -0.6705943945342213 0.6804098438338249 0.0667986273765564
0.9357401164309412 -0.0628741230821321 0.3470407456603063 3.1859166622161865 -0.19237188538974187 0.7337356270663802 0.6516326321518143 -7.335813045501709 -0.2956069894528959 -0.6765196776296744 0.6744906475010879 0.06708831340074539
0.93385488833457 -0.05915565826012212 0.35272603480525727 3.1074626445770264 -0.20116601221312744 0.7285566526878786 0.65478045126172 -7.252463340759277 -0.2957148678438332 -0.6824264150221954 0.6684660836692156 0.06908813118934631
0.9319152763578125 -0.05575461965584157 0.3583648142298218 3.0286223888397217 -0.20971284655281297 0.7233292579936138 0.6578870013316304 -7.166748046875 -0.2958959947036435 -0.6882486519546848 0.662389125364314 0.07240448147058487
0.9299429866978911 -0.05274236356105905 0.36390147647048515 2.949481248855591 -0.21790370067897152 0.71811589499305 0.6609292992361135 -7.07861328125 -0.29618240785336186 -0.693922044933236 0.6563140839825555 0.07698684185743332
0.9279612148055676 -0.050186957750757474 0.369282077940832 2.870330810546875 -0.225633207626656 0.7129829223368338 0.6638862915229795 -6.987846374511719 -0.2966102483608437 -0.699383029339254 0.6502966544889851 0.08274474740028381
0.9259959568315663 -0.04815554487849963 0.3744496380410147 2.7905657291412354 -0.2327950549127594 0.7079982327666553 0.6667420526766393 -6.894950866699219 -0.297217008833205 -0.704570469077968 0.6443931282714728 0.08886916935443878
0.9240739366735388 -0.046714174495410474 0.3793483168038057 2.7101054191589355 -0.23928424285221045 0.7032322350486946 0.66948299060623 -6.799985408782959 -0.29804430993278935 -0.7094238574291319 0.6386606139625783 0.09521567821502686
0.9222225872481935 -0.04592512104851579 0.3839223656234778 2.6290717124938965 -0.24499780532760154 0.698757362323797 0.6720968858601776 -6.702829360961914 -0.2991347103796329 -0.7138830659533598 0.6331582686746846 0.10146301239728928
0.9204697789728019 -0.04585165340030753 0.38811468907813723 2.5471038818359375 -0.24983100945042677 0.6946457672365264 0.6745752180278773 -6.603762149810791 -0.30053261505989964 -0.7178891863935796 0.627945270978628 0.10726470500230789
0.9188422361426336 -0.04655580137470611 0.3918692415063521 2.4640753269195557 -0.2536799645281904 0.6909691458114183 0.6769107142996151 -6.502885818481445 -0.3022836758367558 -0.7213835296809861 0.6230813610016122 0.1127484142780304
0.9173652208364569 -0.04809765234462228 0.3951299374112451 2.3800225257873535 -0.2564407115542976 0.6877982302556578 0.6790962788255511 -6.400160789489746 -0.3044326083999613 -0.7243067101001627 0.6186279791980597 0.11766059696674347
0.9160612467415711 -0.05053771526003739 0.3978413396752204 2.294725179672241 -0.2580078808978241 0.6852015403579381 0.6811246453371977 -6.295766353607178 -0.3070239821461719 -0.7265980927771587 0.6146474485098777 0.12226470559835434
0.9149486178250524 -0.05393782765172393 0.3999496686937487 2.208186626434326 -0.25827477841135615 0.6832434093602747 0.6829879811550955 -6.18969202041626 -0.3101018632265715 -0.7281958214065508 0.6112018325475208 0.1265062689781189
0.9140412152214894 -0.05835937683773841 0.40140109617629804 2.1202380657196045 -0.2571326105818865 0.6819830432048999 0.6846765289947709 -6.082065105438232 -0.31370603668365504 -0.7290358783462543 0.6083545106532365 0.13024352490901947
0.9133464819335035 -0.06386616323503104 0.40214340369242507 2.03090763092041 -0.25446888302966364 0.6814742937561598 0.6861766350723251 -5.9728684425354 -0.31787386100358705 -0.729049998383636 0.6061701975084989 0.13366493582725525
0.9128642068073246 -0.07052226134495285 0.40212628686126495 1.9400054216384888 -0.25016971493986173 0.6817611122377192 0.6874713809078139 -5.862246036529541 -0.3226361009821166 -0.7281678353890553 0.6047127829373835 0.13658232986927032
0.9125797359076644 -0.07836368322155 0.4013195220303268 1.847394347190857 -0.24415618741931433 0.682863990035688 0.688537963555681 -5.750309944152832 -0.32800302095493267 -0.7263304373799107 0.6040348615601137 0.13901107013225555
0.912450454228223 -0.08730030928523078 0.39976596225468286 1.7531237602233887 -0.23650882100120144 0.684730802618393 0.6893528164403137 -5.637045860290527 -0.3339127822760475 -0.723548466893735 0.6041356386511183 0.1410266011953354
0.9124258756393687 -0.09721290790048942 0.39752820277467393 1.6567705869674683 -0.22734622950589572 0.6872901927520063 0.6898883118855998 -5.522809982299805 -0.3402832840343233 -0.7198484850886615 0.6050003678696197 0.1424575001001358
0.912455248647683 -0.10798311767122608 0.3946708318501594 1.5644958019256592 -0.2167873687531346 0.6904683227575705 0.6901135645800911 -5.415346622467041 -0.34702832155947605 -0.715257395324473 0.6066120691754024 0.1431356817483902
0.9124895508077462 -0.1194920109002633 0.39126011679915645 1.4764758348464966 -0.2049523477704125 0.694191881645893 0.6899943236000793 -5.314536094665527 -0.35405840593053867 -0.7098022899286437 0.6089526700836281 0.14318588376045227
0.9124827136483733 -0.13162339065480963 0.38736362803628355 1.392572045326233 -0.19196124351650448 0.6983884904724879 0.6894957558703005 -5.220527172088623 -0.36128406867795615 -0.7035117620964777 0.6120008352211709 0.14258712530136108
0.9123935879044045 -0.14425909488487582 0.38304993707599544 1.312292456626892 -0.17793747043712477 0.7029882587099212 0.688582431325713 -5.133822917938232 -0.3686138865606734 -0.696417131939608 0.6157328811876508 0.14126181602478027
0.9121870333424552 -0.1572815809506069 0.37838779115553955 1.2363903522491455 -0.16300575787730903 0.7079256450445305 0.6872193274254804 -5.053789138793945 -0.37595736340805275 -0.688551948208676 0.6201227906772192 0.13951797783374786
0.9118351499466869 -0.17057218554948733 0.3734458311972094 1.1650500297546387 -0.1472940510422655 0.7131397385751486 0.6853730194518365 -4.980263710021973 -0.38322463627650805 -0.6799535592831617 0.6251416122518947 0.13743194937705994
