0.862167018566773 0.30172013185781016 0.40698033629081787 -12.90169620513916 0.2247621227811972 0.49213858550567435 -0.8410003572052535 -12.419839859008789 -0.4540374656992213 0.8165565349001743 0.3564903996649121 -0.11794067174196243
0.8749930988387296 0.29926026599886807 0.38056585524569075 -12.898500442504883 0.2098806242943187 0.4738937240893851 -0.8552045730785827 -12.1437349319458 -0.4362765184265873 0.8281714988231486 0.3518448067068706 -0.1193554624915123
0.8880851234114943 0.29540482744224517 0.35219426670377313 -12.895326614379883 0.1934099063859424 0.4549281824004947 -0.8692715093511136 -11.869240760803223 -0.41701009782374826 0.840104955813022 0.34688073098895 -0.12055236846208572
0.9011510783654778 0.29015672759857175 0.3220804362112431 -12.89220905303955 0.1753947705528504 0.43540211883203794 -0.8829845238617067 -11.59633731842041 -0.39643840432461813 0.8521936800668379 0.34147111624658755 -0.12153991311788559
0.9139156791475829 0.2835391129627791 0.2904543042003214 -12.889166831970215 0.15590354304810763 0.41548184897237084 -0.8961411264078594 -11.325003623962402 -0.37476955142228313 0.8642802812715216 0.33551062387346287 -0.12232421338558197
0.9261245454335482 0.27560022200333634 0.2575613402225103 -12.886225700378418 0.13502925618667075 0.3953377113832346 -0.9085566542224767 -11.055215835571289 -0.35222212639068884 0.8762149345851041 0.32891786526554556 -0.12291748076677322
0.9375509698949624 0.26641078930973994 0.2236592725293911 -12.883405685424805 0.11289019744323157 0.3751404531870683 -0.9200681734001176 -10.786958694458008 -0.32901972915046185 0.8878597477766194 0.3216381291261879 -0.1233355700969696
0.947998549494599 0.2560683658335313 0.18901783560151422 -12.880724906921387 0.0896289070151238 0.35506114718002535 -0.930536533828994 -10.520203590393066 -0.3053938591121481 0.8990887463329463 0.3136463247577441 -0.1235949695110321
0.957305649473368 0.24469578365764078 0.1539151290372271 -12.878192901611328 0.0654113218131475 0.33526711232807227 -0.9398496275308368 -10.254935264587402 -0.28157992198491366 0.9097911501280769 0.3049472260631356 -0.12371642887592316
0.9653485102266741 0.23243981387153376 0.11863383467842444 -12.878156661987305 0.04042454940194881 0.3159189919323686 -0.9479245995025584 -9.991156578063965 -0.2578140989333019 0.9198733192477119 0.29557565347539516 -0.12348999083042145
0.9720441115962435 0.2194685327005124 0.08344943538067676 -12.88512897491455 0.014865166883068603 0.2971734793375247 -0.9547077825135649 -9.728900909423828 -0.23432727524683963 0.9292585680706494 0.28560329434843357 -0.1224835142493248
0.9773511289311283 0.20596760300493416 0.048601618177289974 -12.892223358154297 -0.011090151597149753 0.2791935529475931 -0.9601708017483409 -9.468067169189453 -0.21133333696935153 0.9378850177419945 0.27515434610504913 -0.1214153990149498
0.9812631829492475 0.1921397473616523 0.014313744168179765 -12.916254997253418 -0.037262087777780326 0.26213638296692654 -0.9643111808640704 -9.21091365814209 -0.18903465979219963 0.9457096986966017 0.26438430964871973 -0.11858886480331421
0.983806125342335 0.17820462614436924 -0.01919945206633171 -12.99557876586914 -0.06346066810481946 0.2461450236297571 -0.967153230334261 -8.966387748718262 -0.1676253302534904 0.9527096822028481 0.2534679666039802 -0.1111907958984375
0.9850369438098481 0.16439450490457183 -0.05173650632711032 -13.14993667602539 -0.08949110764178511 0.23134903140204904 -0.968746079900394 -8.761664390563965 -0.14728734155656706 0.9588806351295842 0.24259918917977602 -0.10649535804986954
0.9850411773292229 0.15095317772790162 -0.08310846587266119 -13.283268928527832 -0.11515536192017965 0.21786372012747363 -0.9691618245026217 -8.544402122497559 -0.1281917375921365 0.9642346900967973 0.23198780318594864 -0.11899718642234802
0.9839303193141558 0.13813078441747814 -0.11314156234803865 -13.392434120178223 -0.14025656210670004 0.20578952305053205 -0.9684930402375865 -8.316483497619629 -0.1104953551980912 0.9687985129008231 0.2218563000701151 -0.1427050679922104
0.9818379840725394 0.12618297434409648 -0.1416757919266697 -13.479174613952637 -0.16460117850412576 0.19521234212122773 -0.9668498298694569 -8.080950736999512 -0.0943431241131268 0.9726098901765404 0.21243675873857926 -0.1697058081626892
0.9789159318785425 0.1153667875298407 -0.16856483218456 -13.539323806762695 -0.18800220225514946 0.1862042543662527 -0.9643563384989604 -7.838533878326416 -0.07986720391736621 0.9757143434381561 0.20396752130540147 -0.19440123438835144
0.9753296659255623 0.10593818458698454 -0.1936727750922796 -13.56728744506836 -0.21028023099282286 0.1788266563492803 -0.9611468417638073 -7.5912184715271 -0.0671882967423329 0.9781605839663291 0.19669164892164037 -0.21319641172885895
0.9712528162829304 0.0981515338502106 -0.21687379570922638 -13.55984115600586 -0.23126796313396258 0.17313089622928707 -0.9573613852661448 -7.343289852142334 -0.05641893379304884 0.9799959026310746 0.1908531758602952 -0.22355712950229645
0.9668622601368195 0.0922547946347448 -0.23804710204079826 -13.50653076171875 -0.2508097717118269 0.16916061244895192 -0.9531417237797098 -7.102327346801758 -0.04766370041218419 0.981261300603869 0.18669341606018403 -0.22121581435203552
0.9623320923936463 0.08849009860747928 -0.25707284259078234 -13.41268539428711 -0.268763778241482 0.1669563350560601 -0.9486261717294184 -6.875618934631348 -0.041024083836571384 0.9819852771977222 0.18445037249158047 -0.2066168189048767
0.957827662043071 0.08709040987947018 -0.273827373233814 -13.297612190246582 -0.28500273484368344 0.16655698979806938 -0.9439450250311332 -6.660699844360352 -0.03660069612351165 0.9821782066694575 0.18435389712952283 -0.18572509288787842
0.9534992067676825 0.08827775875084697 -0.2881775494436154 -13.173568725585938 -0.29941478494492374 0.16800318790412672 -0.9392154786897603 -6.452524185180664 -0.034497090453909446 0.981825832907231 0.18662257255283143 -0.16253356635570526
0.9494752009108075 0.09226315853585387 -0.29997391958696973 -13.04779052734375 -0.31190393432112595 0.1713424938362338 -0.9345360803954994 -6.246943950653076 -0.03482497107514418 0.9808818784048201 0.1914626908999435 -0.13941894471645355
0.9458552106200966 0.09923996632250966 -0.30904586977845194 -12.923876762390137 -0.32239156739481883 0.17663144807361814 -0.9299811873495768 -6.041667938232422 -0.037704082213000756 0.9792613341880317 0.1990619038107277 -0.11752624064683914
0.9427023048043843 0.10938431476655987 -0.31519428325963034 -12.804931640625 -0.330817307501161 0.18393689751516312 -0.9255955524904919 -5.834742069244385 -0.043269776682855976 0.9768327847771833 0.20958396172004484 -0.09795287996530533
0.940035640525253 0.12284831379590766 -0.3181843590432742 -12.692597389221191 -0.3371393372204977 0.19334178718657885 -0.9213880944672679 -5.625414848327637 -0.051672641124685614 0.9734101114766589 0.22316516985004092 -0.08114074170589447
0.9378211902820617 0.13975405494901877 -0.3177423786391167 -12.584848403930664 -0.34133896293126065 0.2049445966484308 -0.9173251466571837 -5.414988994598389 -0.06308032532373803 0.9687448149176947 0.23990488975244484 -0.06622314453125
0.9368604542445782 0.1595013452626282 -0.3112102346197091 -12.485529899597168 -0.34098930422154167 0.21923061703371033 -0.9141467228850779 -5.201466083526611 -0.07758082030470835 0.9625472754179041 0.2597767482020245 -0.05495666339993477
0.9354532446488841 0.1825186342973439 -0.3026783362087677 -12.391862869262695 -0.34047711257077506 0.2354457544115512 -0.9102970023816643 -4.9868340492248535 -0.09488183646696093 0.9545953304221682 0.2823919124990107 -0.04558410495519638
0.9335023954044377 0.20818668037413687 -0.2919444876838304 -12.304963111877441 -0.339767046661408 0.2533681660414583 -0.9057388842485304 -4.7706146240234375 -0.11459333216711096 0.9447025344263585 0.3072547634638936 -0.03851684555411339
0.9309206540184987 0.2358659725161575 -0.27884400465274184 -12.222343444824219 -0.33882739509171783 0.2727826312661734 -0.9004363566709555 -4.5541815757751465 -0.13631849565312856 0.9327147897875911 0.3338568385616174 -0.032878417521715164
0.9277805243045034 0.2647783341530131 -0.2628987114544607 -12.144484519958496 -0.33724694456892457 0.2935951503904476 -0.8944643011580367 -4.337348461151123 -0.15964898089303675 0.9185283454691888 0.36168754674366244 -0.028908690437674522
0.9245761932035521 0.2937254632463952 -0.24266069974744267 -12.065522193908691 -0.3335309150547235 0.31612540588162946 -0.8881564369292911 -4.110940933227539 -0.18416294867314323 0.9021031426598987 0.3902485468764075 -0.02583618089556694
0.9206336683141433 0.322569140137315 -0.2199609024293127 -11.987727165222168 -0.3295069883893689 0.3397395710831228 -0.880909852619906 -3.8742549419403076 -0.20942491105170058 0.8834739235944258 0.4190644735117238 -0.02429809607565403
0.9159067966668686 0.3507457289573483 -0.19517216358285783 -11.908510208129883 -0.3254138739598466 0.36418595589476155 -0.8726250054653854 -3.6282927989959717 -0.23499053268989478 0.8627549032878324 0.4476979186895136 -0.023283081129193306
0.9104131094467468 0.3777316571933529 -0.16872096876638967 -11.830341339111328 -0.32145909676662854 0.3892010740210439 -0.863241897203124 -3.372281074523926 -0.26040741013552016 0.8401436300626394 0.4757590373410491 -0.0238195788115263
0.9042330346852754 0.4030596579000107 -0.1410869631021383 -11.751020431518555 -0.3178201271943653 0.41451053707069974 -0.8527434440718484 -3.107011556625366 -0.2852244479949348 0.8159190687996491 0.5029145925851609 -0.025018921121954918
0.8975112530940181 0.4263234833944723 -0.11279112587437327 -11.672141075134277 -0.31463651632816475 0.4398418483643759 -0.8411557590721745 -2.832033634185791 -0.3089941960012876 0.7904349662899617 0.528899944132825 -0.027632445096969604
0.8904503946071343 0.4471870856642051 -0.08439078835485397 -11.592909812927246 -0.31201100934110787 0.4649248635371169 -0.8285493354743195 -2.5476644039154053 -0.33128118690010455 0.7641129377782764 0.5535198221616908 -0.03145080432295799
0.8833047459810767 0.4653855227722784 -0.056471593932515024 -11.514101028442383 -0.3100097281545674 0.48950108342033466 -0.815035372103475 -2.2575933933258057 -0.35166275631183486 0.7374313558049262 0.5766526695497658 -0.036281127482652664
0.8763701828367059 0.4807255732115347 -0.029634876331780635 -11.438600540161133 -0.30866104246081577 0.5133299488549599 -0.8007625893331721 -1.9669861793518066 -0.36973458521182595 0.7109115886444709 0.5982483176986236 -0.043247681111097336
0.8699720811013301 0.49308052597615865 -0.0044914371080045645 -11.364870071411133 -0.3079590827604581 0.5361921870233217 -0.7859129353309335 -1.6762995719909668 -0.38511009003862484 0.6851054907663647 0.618320859321615 -0.05158691108226776
0.8644520498395784 0.5023804766457763 0.018344214709649198 -11.293441772460938 -0.3078679912743784 0.5578937412942616 -0.7706957073796186 -1.3854485750198364 -0.39741659939769797 0.6605818875127096 0.6369392564548958 -0.06201843172311783
0.8601521463984227 0.5086003451290398 0.038261912926667696 -11.22507095336914 -0.3083271346582811 0.5782712456599702 -0.7553388275974435 -1.0943760871887207 -0.4062913524548616 0.6379091278367852 0.6542165402547627 -0.07624389231204987
0.8573983300833227 0.5117427965868592 0.054657238420820015 -11.160751342773438 -0.3092559455023648 0.5971878735467341 -0.7400860786828573 -0.8030747175216675 -0.41137435960663404 0.6176454920342175 0.6702873879374737 -0.09608153998851776
0.8564825037243162 0.5118178596378625 0.06693429143453897 -11.100983619689941 -0.31056345473159475 0.6145386865506387 -0.7251844891596844 -0.5117834806442261 -0.41229608462766565 0.600320482149604 0.6852935555748089 -0.12337402254343033
0.8576420224417807 0.5088218866083916 0.07450133589573582 -11.043996810913086 -0.31215615488028575 0.630240241225887 -0.7108837973325112 -0.22134290635585785 -0.40866697482464515 0.5864277671186903 0.6993523987517737 -0.15997008979320526
0.8611571512556595 0.5024227147998087 0.07732901457038685 -10.974719047546387 -0.3134355411341979 0.6445621912292792 -0.6973505167357535 0.06615149974822998 -0.4002080988625162 0.5762907228915802 0.7125464758975025 -0.19406554102897644
0.866403591423817 0.49372195671877384 0.07472246129308632 -10.881491661071777 -0.3153450944248197 0.6570148842195245 -0.6847546373236229 0.34772032499313354 -0.3871721686667484 0.5697105154091768 0.7249328523677878 -0.21151794493198395
0.873102083529367 0.4828776556446023 0.06724523340617408 -10.766291618347168 -0.31755619168782234 0.6679144741564957 -0.6730886422552222 0.6209655404090881 -0.36993353032322573 0.5663209557233639 0.7364983083831016 -0.22044798731803894
0.8811305005300147 0.46956117031327826 0.05586902871672331 -10.63201904296875 -0.3192332999253531 0.6778402684402557 -0.6622859433051647 0.8850705027580261 -0.3488540400432466 0.5657250903176088 0.7471652969260807 -0.22594298422336578
0.8899123378609939 0.4543159588669092 0.04065760004748453 -10.482858657836914 -0.3207595317297251 0.6866838140902191 -0.6523639032557189 1.1406669616699219 -0.32429824811014285 0.5675053735299345 0.7568145725918217 -0.2305322140455246
0.899023106904655 0.4373467385983846 0.02202915088824528 -10.320058822631836 -0.322119690773754 0.694561481554 -0.6432909552895435 1.3874187469482422 -0.29664180094403736 0.5712374099959391 0.7653048172811989 -0.2354089319705963
0.908054074549693 0.41885274144496765 0.00042270289279203177 -10.147501945495605 -0.32331692242389853 0.7015775380336435 -0.6350237206600948 1.6270829439163208 -0.26627798513590883 0.576499209982708 0.772492521336792 -0.24109435081481934
0.9166262816227377 0.3990419890616087 -0.02370128275491863 -9.967277526855469 -0.32436802573422296 0.7078238256676919 -0.627511606026881 1.8606845140457153 -0.23362714679539298 0.5828815684021138 0.7782463835427287 -0.24774779379367828
0.9244057337339423 0.37813678979142795 -0.04986589662329689 -9.780370712280273 -0.32529931913782484 0.7133847906861011 -0.6206951694561635 2.0886197090148926 -0.19913410659221464 0.5899955157659942 0.7824646311289343 -0.2555682361125946
0.9311131085818659 0.35638404693722364 -0.07758086178730425 -9.58707046508789 -0.3261449778329267 0.7183365224908418 -0.6145096369383671 2.3107857704162598 -0.16327226482588453 0.5974805867510766 0.7850854195526847 -0.2648260295391083
0.9365349084237398 0.33405447352140655 -0.10634836164263817 -9.387091636657715 -0.32694125786998246 0.722750138444714 -0.6088855814359053 2.5265471935272217 -0.12653765924076157 0.605012269378467 0.7860969244917488 -0.2759283483028412
0.9405287943202147 0.3114471321541478 -0.13566971263889505 -9.179511070251465 -0.3277269868512845 0.726691821256771 -0.603749963981693 2.734510660171509 -0.08944612425332693 0.6123068518246995 0.7855442126733443 -0.2895178198814392
0.943027858450664 0.28888744098256947 -0.16505303580515351 -8.962482452392578 -0.3285414647639676 0.7302237358250482 -0.5990273796484241 2.931947946548462 -0.05252584237022272 0.6191262731303308 0.783532828797266 -0.3066748082637787
0.9440424053645894 0.26672308183848537 -0.19401735615150717 -8.730109214782715 -0.3294205272129236 0.7334056469578222 -0.5946412979781488 3.1097185611724854 -0.016311134975826647 0.6252799010243002 0.7802300893011249 -0.33035582304000854
0.9436572037391081 0.24532193204452057 -0.2220995981293784 -8.481884956359863 -0.33039782050956923 0.7362944431345237 -0.5905148374187971 3.2630436420440674 0.018664459108536938 0.6306248034030738 0.7758633870076745 -0.35978636145591736
0.942026076757087 0.2250663221177959 -0.24886145012440064 -8.2163667678833 -0.33150505311446443 0.7389445235066068 -0.5865708746086616 3.3827526569366455 0.05187745627174811 0.6350638879892027 0.7707156334880009 -0.3919915556907654
0.9393641933039958 0.20634910568592602 -0.2738885885190394 -7.939677715301514 -0.33277072626186344 0.7414073575004897 -0.5827338792169998 3.4754815101623535 0.08281639983412166 0.6385414448779025 0.7651184660506865 -0.41678160429000854
0.935937258459542 0.18956711000247334 -0.2967924511043814 -7.661640644073486 -0.33422031356680787 0.743731061296444 -0.5789308166457972 3.5665369033813477 0.11098752284171896 0.6410369874415791 0.7594427894879795 -0.42215147614479065
0.9320472664919086 0.17511843401801297 -0.31720880676935803 -7.390812873840332 -0.33587881938134123 0.745960789907911 -0.5750894874808283 3.6757969856262207 0.13591656159555188 0.6425543043097948 0.7540892880136929 -0.40779784321784973
0.9280170930927564 0.16339730414147852 -0.3347918695652087 -7.135195255279541 -0.33777058834778745 0.7481372091788632 -0.5711407408767577 3.8144192695617676 0.15714739760766025 0.643111216852388 0.7494749216510055 -0.37965208292007446
0.9253005373823984 0.15216875605444138 -0.3473666437651849 -6.904240608215332 -0.33678184420041635 0.7508182135360005 -0.5681989085167053 3.989630699157715 0.17434708181329403 0.6427415342915476 0.7459801707550516 -0.34413328766822815
0.9230049149155504 0.14384517460504187 -0.3568900289789322 -6.704509258270264 -0.3359462932746661 0.7534951533834473 -0.5651417006934346 4.199225902557373 0.18762200051366598 0.6415244497059333 0.7438039831519792 -0.30553892254829407
0.9212432439703415 0.13836165211750756 -0.36354771167250594 -6.522993087768555 -0.33530509238032696 0.7562260271172185 -0.5618653672672201 4.423404216766357 0.19718362118295246 0.6395140726628473 0.7430614849414254 -0.25978758931159973
0.9200807559610317 0.1356322002118326 -0.367498719420726 -6.345102310180664 -0.3348819768845028 0.7590695711813701 -0.5582718402932912 4.647271156311035 0.20323745734510523 0.6367238745109437 0.7438260842157044 -0.20141173899173737
0.9195420068987434 0.1355511003005727 -0.3688745000077063 -6.159089088439941 -0.3346859080335162 0.7620813245225846 -0.5542719529055063 4.858107089996338 0.20598019446639035 0.6331334409279036 0.7461328336605895 -0.12482055276632309
0.9196171405501272 0.1379937049227442 -0.3677798964164605 -5.956064224243164 -0.33471322718800317 0.7653131755763013 -0.5497843202881562 5.041107177734375 0.20560002517460918 0.6286918805671123 0.7499834324551363 -0.02519897371530533
0.9202677050866875 0.1428161893840027 -0.3642950548996157 -5.735705375671387 -0.3349500229144187 0.7688106586903943 -0.54473723319934 5.1906962394714355 0.20227662525391238 0.6233247204578641 0.7553479064259155 0.09155700355768204
0.9214321688340144 0.14985677180153228 -0.3584769255936399 -5.499094009399414 -0.3353738719021637 0.7726135287109128 -0.5390665091602544 5.307170867919922 0.19618135559526456 0.6169370172052371 0.7621690052204362 0.21338866651058197
0.9230305342536926 0.15893463863506838 -0.35036325931422 -5.242793083190918 -0.3359556605098676 0.7767543451965451 -0.5327161358450347 5.385798931121826 0.18747913752394368 0.6094197796759038 0.7703629697311855 0.3235107362270355
0.9249689818033202 0.1698519267852533 -0.3399745662091003 -4.962558269500732 -0.33666114581208306 0.7812597263697645 -0.5256353420891102 5.405062198638916 0.17632826092894 0.6006526141789259 0.7798235579140951 0.385885626077652
0.9271432986285172 0.18239246747304277 -0.3273198613242512 -4.685268402099609 -0.33745256234727233 0.7861498232409837 -0.5177781605894847 5.32861852645874 0.16288361480975394 0.5905094776777633 0.7904223458374913 0.3870190382003784
0.9294429410119934 0.19632417834081317 -0.3123982016622065 -4.434025764465332 -0.33828957205491883 0.7914396630686844 -0.5091006041644689 5.186633586883545 0.14729556966139867 0.5788610167566407 0.8020124303510464 0.3814758360385895
0.9317537070822088 0.2113981193381641 -0.2952047839701263 -4.196667194366455 -0.3391306224501701 0.7971384873978129 -0.49956045962995027 5.023313045501709 0.12971295330506422 0.5655802923099551 0.8144283164867636 0.39964598417282104
0.9339607104323991 0.22735023494448844 -0.2757340422205681 -3.9551587104797363 -0.3399338755852565 0.8032504706070828 -0.4891151620008188 4.86787748336792 0.11028305218026686 0.5505456857883692 0.8274884266632486 0.42558225989341736
0.9359507697089653 0.2439029325756142 -0.2539832989828478 -3.7048754692077637 -0.34065819006347464 0.8097756243492803 -0.47771899245519917 4.72758150100708 0.08915242130123474 0.5336429496308823 0.8409976504636494 0.4505370855331421
0.937614603070838 0.26076563644979 -0.22995681976243096 -3.447258234024048 -0.3412637744402738 0.8167085026662588 -0.46532382050290055 4.601391315460205 0.06646722773738303 0.5147703415306418 0.8547476838911782 0.4721917510032654
0.9388486267266944 0.27763669722574696 -0.20366914456288926 -3.184267520904541 -0.3417129559188939 0.8240383546170196 -0.4518772464699316 4.487048149108887 0.04237348051048252 0.4938407177153927 0.8685193340828825 0.49023619294166565
0.9395565580121008 0.2942049298767005 -0.17514831866934802 -2.9173436164855957 -0.34197060612861035 0.8317484388907475 -0.43732212263597536 4.3825836181640625 0.01701701620392243 0.4707844449841668 0.8820841385720896 0.5049071907997131
0.9396506089537802 0.31015235008268105 -0.14443771263413205 -2.647783041000366 -0.34200479978218434 0.8398154450389098 -0.42159546392252095 4.2856245040893555 -0.009457802003532245 0.4455508253973813 0.8952066867316029 0.516862154006958
0.9390524139366123 0.325155272598869 -0.11160023557760185 -2.377067804336548 -0.34178709224952086 0.8482077686393709 -0.4046296637561768 4.19285774230957 -0.03690728182132256 0.4181119825130277 0.9076454278117567 0.5273077487945557
0.9394864755644138 0.33434574532868366 -0.0746865771886977 -2.104301691055298 -0.33632750271444845 0.8586582332074468 -0.38676847009926846 4.107420921325684 -0.06518414799181582 0.3884828968251666 0.9191474668000278 0.5346215963363647
0.9391632410124678 0.3415766453777098 -0.03602501996485033 -1.8309862613677979 -0.33032613108038633 0.8694998794499296 -0.3672255529807555 4.024934768676758 -0.09411192196752224 0.3567847459870847 0.9294340165791818 0.5408605933189392
0.9379650811479566 0.346706262383742 0.004034125804050312 -1.558081030845642 -0.3239919725700736 0.8805400378775478 -0.3459457232063424 3.9425320625305176 -0.1234937579688128 0.32317798396317543 0.938245853933945 0.5470538139343262
0.9358041249488614 0.3496206413454361 0.045122576100017235 -1.2897216081619263 -0.31752817788601656 0.8915784099921393 -0.32289904782187756 3.8657989501953125 -0.15312248684331814 0.2878425715232111 0.945357158983748 0.5517498850822449
0.9326263570876877 0.35023461044135396 0.08685502699523084 -1.0266845226287842 -0.3111280181267053 0.9024120946616082 -0.29808013644823345 3.792137384414673 -0.18277700731190943 0.25097435936254914 0.9505811046621222 0.55584716796875
0.9284125323057064 0.34849857599150397 0.12883676645119604 -0.769299328327179 -0.3049743903373056 0.9128376271675445 -0.2715107505523791 3.720438241958618 -0.21222815811313742 0.21278206916707385 0.9537730337689801 0.5597479343414307
0.9231800217152433 0.344399223128762 0.17066875113549196 -0.5173681378364563 -0.2992354200765776 0.9226550397815116 -0.24324029464168045 3.6513478755950928 -0.2412401518765841 0.1734844450493549 0.9548331458681565 0.563281238079071
0.916982986176527 0.3379616361311323 0.21195314474276558 -0.27104002237319946 -0.2940622975463162 0.9316713343426603 -0.2133445333866068 3.584317445755005 -0.269572936743586 0.1333058785940639 0.9537085375038348 0.5666558742523193
0.9099109981173543 0.32925211250670927 0.2522994687171359 -0.030332030728459358 -0.2895885405108838 0.9397031292408511 -0.18192445162684517 3.519185781478882 -0.2969856102740603 0.09247202444426827 0.9503938509824874 0.5699896216392517
0.9020876948027085 0.3183760406651311 0.2913322632595476 0.2046801745891571 -0.285925460303368 0.9465805364790133 -0.14910371930106422 3.4556541442871094 -0.32324050184938563 0.05120531895709899 0.9449304700742056 0.573468029499054
0.893668171535126 0.30547886419905634 0.3286941780937396 0.43412351608276367 -0.28316200143163783 0.9521492250852338 -0.11502666697256725 3.3940625190734863 -0.3481041225413649 0.009721969823203523 0.9374054635921764 0.5767724514007568
0.8848348432589324 0.29074303900452503 0.36405464620761846 0.6585131883621216 -0.2813622924366376 0.9562734111311533 -0.07985251128417165 3.3362889289855957 -0.37135234017000757 -0.03177496552322243 0.9279481618152262 0.5776556134223938
0.8757942258762343 0.2743866114501216 0.39711013759254216 0.8767992854118347 -0.2805650628632829 0.9588372653775592 -0.04375321729663617 3.3232686519622803 -0.39276929541700417 -0.07309641564539636 0.9167274374629713 0.5421252250671387
0.8667715955439544 0.2566594485458347 0.42758967320356966 1.0402098894119263 -0.28078206903616704 0.9597466843653364 -0.006908802900117771 3.465705394744873 -0.4121509806684398 -0.11407115902756301 0.9039465359257437 0.5165667533874512
0.8580043672498948 0.23784030746943385 0.45525871097975984 1.1633275747299194 -0.28199943469093836 0.9589297019335021 0.030498288209596075 3.642932653427124 -0.42930737777738986 -0.154550363611897 0.8898367043976843 0.514752209186554
0.8497388866210204 0.2182337357520787 0.4799144310642894 1.270546793937683 -0.28417773243728295 0.9563367063973872 0.06828704404059119 3.8235855102539062 -0.4440572496321535 -0.19440715155747104 0.8746536562962723 0.5228716731071472
0.8422223062957229 0.19816334832000834 0.5013909394479689 1.366420865058899 -0.2872503558443906 0.9519408340979333 0.10628208430493934 4.003456115722656 -0.45623329541494956 -0.2335378679348048 0.8586682970712737 0.5390887260437012
0.8356972466976397 0.17797268534000837 0.5195534959316999 1.4528783559799194 -0.2911290938901778 0.9457358654134718 0.14431744025347645 4.18079137802124 -0.46567581272025343 -0.2718628259683513 0.8421618854494862 0.5624883770942688
0.8303955088013646 0.15801636638434496 0.5342977886134391 1.5280224084854126 -0.2957010862914084 0.9377360597330642 0.18224146027287008 4.3552937507629395 -0.47223316966156015 -0.3093249266240849 0.8254174236350966 0.595951497554779
0.8265317356918457 0.13865934536301538 0.5455445681497754 1.5914453268051147 -0.3008328884829329 0.9279736701522835 0.21991916858499644 4.525759696960449 -0.47575714718881545 -0.3458879203551359 0.8087129796480077 0.6401299834251404
0.8263254085725178 0.1140120621194597 0.5515320197764859 1.6418944597244263 -0.30075783691173164 0.9172960709152863 0.26098398766888814 4.691730976104736 -0.47616283211065286 -0.38153527749691324 0.7922750717659339 0.6929937601089478
0.827617464071066 0.09105610942943879 0.5538574889808316 1.6803929805755615 -0.3012281177907925 0.9046695165404878 0.3013879342220198 4.853856086730957 -0.4736147740693848 -0.4162713667524758 0.776148951558418 0.7487615942955017
0.8302672825122103 0.0701285244233777 0.5529360086411349 1.713539958000183 -0.3021925905247723 0.8902236021999722 0.34085418629970327 5.021281719207764 -0.46833308426985687 -0.45009324383765775 0.7603158514919821 0.8019158840179443
0.8341111766786531 0.05148229246066713 0.5491886001208939 1.7437474727630615 -0.30359160662016604 0.8741128802528255 0.3791553889448176 5.195579528808594 -0.4605330404319967 -0.48298679706499625 0.7447369149782741 0.8431615829467773
0.8389713602198461 0.03528957994594942 0.5430301117600199 1.7744287252426147 -0.30536059657090886 0.8565063359839209 0.4161151312813048 5.376089572906494 -0.4504242031604429 -0.5149286765821431 0.7293603329223785 0.8655059337615967
0.8446616513255157 0.021644749294821797 0.5348627857759571 1.8078662157058716 -0.3074316733336848 0.8375792220838743 0.4516047087493917 5.560410022735596 -0.4382150853305984 -0.5458869402736584 0.7141253303359012 0.8659862875938416
0.850994940523226 0.010573888567349893 0.5250674281313178 1.845434546470642 -0.30973679016816813 0.817505904977641 0.48553806868566846 5.746081352233887 -0.42411169757528683 -0.5758231396941721 0.6989685112882803 0.847412109375
0.857787584021642 0.002041390077270999 0.5140002854326706 1.8873754739761353 -0.3122091382101393 0.7964548382171305 0.5178659524419486 5.932631492614746 -0.4083208477611651 -0.6046945703469454 0.6838264120933957 0.8190270662307739
0.8648642707541572 -0.004038219899538759 0.5019895277323252 1.9342187643051147 -0.31478483941688173 0.774587915849322 0.5485654614478492 6.120266437530518 -0.39105025002698557 -0.632453360652188 0.6686422425733999 0.7855279445648193
0.8720615165521717 -0.007795051513124901 0.48933418899626735 1.986538052558899 -0.317404399554183 0.7520556628402835 0.5776389245311563 6.309292316436768 -0.37250927302870673 -0.6590535009858988 0.6533646182231287 0.7503796219825745
0.8792307868159733 -0.00939203796838245 0.4763034884795253 2.0448851585388184 -0.3200138105897683 0.7290001448124944 0.6051032555648486 6.4999589920043945 -0.3529084648273271 -0.6844491058407214 0.6379537890529821 0.716477632522583
0.8862399458573433 -0.009021012384742233 0.46313861823683744 2.1097655296325684 -0.32256494218996884 0.7055539978381502 0.6309876498035324 6.692363262176514 -0.3324614510537346 -0.7085987422160426 0.6223802745051351 0.6863580346107483
0.8929757354612744 -0.0068927170247065905 0.45005202624742563 2.1816234588623047 -0.32501657734321676 0.6818427373496257 0.6553279377347421 6.886402606964111 -0.3113816955594804 -0.7314663163643194 0.6066287725577452 0.6623370051383972
0.8993434536737248 -0.0032336609148614914 0.43723094100407045 2.259951114654541 -0.3273342421888924 0.6579878043699328 0.6781624755108904 7.0819597244262695 -0.2898855743648532 -0.7530216416129905 0.5906985365121844 0.6445501446723938
0.9052688145987479 0.0017210363865483302 0.4248357463170139 2.3437817096710205 -0.3294908800823635 0.634105473210816 0.6995327074459327 7.2790374755859375 -0.2681867507121251 -0.7732446487870727 0.574602975857791 0.6319183111190796
0.9106961770098361 0.007727937457858575 0.41300454254440905 2.432319164276123 -0.33146626705252813 0.6103099511097332 0.7194802828310842 7.477731704711914 -0.24650068354049498 -0.7921250170011565 0.5583684898478658 0.6234936118125916
0.9155892371999051 0.014543322850795626 0.40185176431633757 2.5248777866363525 -0.3332471804571827 0.5867160540352039 0.7380451128858572 7.678196907043457 -0.22503925311161538 -0.8096621293464437 0.5420374257015368 0.6184350252151489
0.9199293869403476 0.02192215104220477 0.3914707426324973 2.620859384536743 -0.33482687105849673 0.5634369544416756 0.7552680085815009 7.880624771118164 -0.20401198362040646 -0.8258681599766224 0.5256623373194004 0.6159692406654358
0.9237146581027926 0.029623629177113697 0.3819341186650101 2.719719171524048 -0.3362046381197703 0.5405882770256811 0.771187886347523 8.085235595703125 -0.1836237231753987 -0.8407655769218805 0.5093089170144405 0.6153674125671387
0.9269576801424498 0.03741003206917007 0.37329606042056107 2.821093797683716 -0.33738498164901176 0.5182860658108227 0.7858440864090253 8.292192459106445 -0.16407569406412248 -0.8543886957860123 0.4930508321973033 0.6161211729049683
0.9307899972789987 0.04345763851299794 0.36296200162032827 2.927543878555298 -0.33533891375556446 0.4967808622800407 0.8004727277012861 8.499990463256836 -0.14552592169988027 -0.8667872913968991 0.4769716947432284 0.6213531494140625
0.9340100747239384 0.049670642136644544 0.35377677654690143 3.076164484024048 -0.333535481866726 0.4760075690644442 0.8137388257477267 8.679377555847168 -0.12798149338913695 -0.878037369081232 0.4611627867107173 0.6462353467941284
0.9366771727592156 0.05597943497685409 0.3456908689732418 3.2551755905151367 -0.3319996837887118 0.4559966552429706 0.8257380095232499 8.835453987121582 -0.11140953278781056 -0.8882192033878212 0.4457068125316307 0.6821337938308716
0.9388467732660271 0.06231977725371421 0.3386487585847868 3.4385082721710205 -0.3307464821317554 0.4367733308884148 0.8365619056484154 8.991250038146973 -0.09577839466935205 -0.8974103313354974 0.4306752794471434 0.7196356058120728
0.9405691921844868 0.0686355146620051 0.3325939879800953 3.6228954792022705 -0.329786849490717 0.41835681244059914 0.8462967631909794 9.150738716125488 -0.08105694674985772 -0.9056857863583944 0.4161286192656877 0.7576159238815308
0.9418920726401707 0.07487773683980134 0.3274639644653323 3.806342601776123 -0.329122726591197 0.40076197522682905 0.8550251867947904 9.316203117370605 -0.06721275428651244 -0.9131172781948875 0.4021184923914603 0.7955603003501892
0.9428589368905602 0.08100354141966744 0.32319568592893455 3.9864964485168457 -0.3287518080625414 0.38399936791999284 0.8628248571596993 9.49005126953125 -0.05421507005632509 -0.9197732936514942 0.38868729650487627 0.8329699635505676
0.9435102695206109 0.08697519772368839 0.3197243911403531 4.160571098327637 -0.32866611258631484 0.36807790401443286 0.8697684996674355 9.674638748168945 -0.042035196520820856 -0.9257180842768857 0.37587108254850976 0.8693292140960693
0.9438839351393242 0.09276077160082011 0.3169835267611309 4.322688102722168 -0.32885265329224056 0.3530009317960845 0.8759259526773651 9.874245643615723 -0.030643913075152462 -0.9310133089291026 0.3636965344739016 0.9035363793373108
0.9440150250448076 0.09833303774378029 0.31490672615511395 4.474926471710205 -0.32929478286260605 0.33877157515130246 0.8813618813228622 10.08625602722168 -0.020014456503257616 -0.9357160004817627 0.3521860133129842 0.9331750273704529
0.9439366764865402 0.10366948175305231 0.3134265294077673 4.652305603027344 -0.3299714062314385 0.32538987878303766 0.8861378548821887 10.28270149230957 -0.010120368233983629 -0.9398798143053256 0.34135540541815795 0.9538800120353699
0.9436801410853952 0.1087502367259056 0.3124758828023507 4.88116455078125 -0.3308578418660269 0.31285481587244185 0.8903117165696383 10.42263126373291 -0.000937974841912631 -0.9435545825215838 0.33121574540730386 0.9605224132537842
0.943275166764641 0.11356020521810155 0.31198724261732447 5.138585090637207 -0.33192597110900873 0.3011622634957729 0.8939387231513377 10.510519981384277 0.007557080685035272 -0.9467868666373257 0.32177246571854856 0.9579992294311523
0.942749963816299 0.11808707109036254 0.3118941316627596 5.409631252288818 -0.3331452467922094 0.2903090768608955 0.8970701669501292 10.562277793884277 0.015386691136336977 -0.9496189148987474 0.31302901814752043 0.9501367211341858
0.9421317209215301 0.12232113539019308 0.31213035781591325 5.688232421875 -0.3344821717007811 0.28028999567486174 0.8997550750837224 10.581463813781738 0.02257204571511398 -0.9520898372325166 0.30498433499246275 0.9382171630859375
0.9414466218777882 0.12625505287778238 0.3126306443356593 5.970276832580566 -0.33590104522261294 0.27109895375940396 0.9020398245581582 10.586753845214844 0.029133245154930265 -0.9542353058304776 0.2976343984376769 0.9247625470161438
0.9407202882622869 0.12988330614044485 0.3133299635172914 6.2557053565979 -0.33736337470450223 0.262728420456902 0.9039688769488754 10.580633163452148 0.03508977998946822 -0.956087916391714 0.2909718259042306 0.9100140333175659
0.9399774695713938 0.13320237605597318 0.3141647397643513 6.543623924255371 -0.338829358528638 0.25517122288396754 0.9055839623198791 10.563039779663086 0.04046013466649789 -0.9576767586325481 0.2849880760274457 0.8941699266433716
0.9392428059369597 0.13620983461256514 0.3150711545833479 6.834272384643555 -0.34025621391856975 0.2484200499973317 0.9069251279180235 10.538484573364258 0.04526212970538118 -0.959027820093943 0.27967298743423963 0.8775915503501892
0.9385400555878227 0.1389043763930775 0.3159875603185308 7.127774715423584 -0.34160063124636714 0.24246543364227285 0.9080305733953833 10.511445999145508 0.0495133597051379 -0.960164614900755 0.2750133442275025 0.860642671585083
0.9383603503231736 0.1409610628252057 0.31561025285715827 7.423563003540039 -0.34153519977106606 0.2374904632208399 0.9093690049679992 10.476994514465332 0.05323119629229603 -0.9611078288341737 0.2709947990182685 0.8427661061286926
0.9381950240469865 0.14276045705138102 0.3152927984524142 7.715230464935303 -0.3414750359791144 0.2332636839475991 0.9104849551498677 10.443108558654785 0.056434888646443276 -0.9618770740867437 0.2675959597785217 0.8251416087150574
0.9380476311055821 0.14431074485606407 0.3150254762654816 8.002455711364746 -0.341421393188563 0.22975827281244093 0.9113959448820389 10.407302856445312 0.059144518346049724 -0.9624892440922818 0.2647949790994569 0.8075750470161438
0.937920817822673 0.14562011056399343 0.3148004493233427 8.28525447845459 -0.3413752292637005 0.22694616298342457 0.912117531874186 10.369707107543945 0.061379901759485184 -0.9629590970059067 0.2625686294163199 0.7900786995887756
0.9378163596516893 0.14669781317004973 0.31461123180963924 8.563936233520508 -0.34133722576095316 0.22479880098056088 0.912663353809891 10.332737922668457 0.0631614904785302 -0.9632991491166322 0.2608934177623175 0.7728387117385864
0.9377353124029314 0.14755345589380015 0.3144526379701293 8.838382720947266 -0.34130774375100753 0.2232872006841624 0.9130453713075968 10.295584678649902 0.0645097506441733 -0.963520006883317 0.25974543000291583 0.7557934522628784
0.937678050516475 0.14819759351863804 0.3143204524922098 9.108538627624512 -0.3412868822527616 0.22238235088519182 0.9132739753310422 10.257833480834961 0.0654456842107456 -0.9636304080351865 0.25910094389663535 0.7389123439788818
0.9376443576490994 0.14864085791700174 0.31421163875086766 9.374573707580566 -0.3412746310240051 0.22205513017207512 0.913358169276266 10.220730781555176 0.06599003552232133 -0.963637595012752 0.2589360938335987 0.7222893834114075
0.9376335072467827 0.14889479103516273 0.3141237770222002 9.636489868164062 -0.3412706609852504 0.22227546070897491 0.9133060579659503 10.184273719787598 0.06616450739473552 -0.963547591335897 0.2592263435532813 0.7059271335601807
0.9376443584737522 0.14897075812584676 0.31405536175291865 9.8924560546875 -0.3412746040750919 0.22301384966554522 0.9131245629544433 10.13744831085205 0.06599016317403206 -0.9633652142779312 0.25994761449857656 0.6889923214912415
0.9376753748934945 0.1488811951272146 0.3140052245677401 10.144305229187012 -0.34128591947612213 0.2242404979471201 0.9128198728378812 10.091291427612305 0.0654890256889085 -0.9630942782603996 0.2610758485505651 0.6723192930221558
0.9377247844455768 0.14863839156049358 0.31397270134647975 10.392061233520508 -0.34130388960766284 0.22592527473700386 0.9123976244892846 10.04594612121582 0.06468294655607983 -0.9627379699530494 0.2625865907381879 0.6559191942214966
0.9377905476408965 0.14825517789225173 0.3139574668383034 10.635725975036621 -0.34132782307174026 0.228038271063093 0.9118628537930813 10.001410484313965 0.06359407167727452 -0.9622987837250405 0.26445575223241696 0.6397912502288818
0.9378704739764085 0.1477446171743666 0.3139593956855993 10.875298500061035 -0.3413569134090181 0.23054886092422294 0.9112204345790385 9.95767879486084 0.06224493321656771 -0.9617789511226285 0.26665861596116086 0.623936116695404
0.9379622816047002 0.14712044492304022 0.31397823646321676 11.1107759475708 -0.3413903173124407 0.2334279480655181 0.9104746258448023 9.914749145507812 0.06065813657058719 -0.9611799871759547 0.269172106133261 0.608353853225708
0.9380636287944851 0.14639632750138493 0.3140139226643146 11.342161178588867 -0.3414271839282514 0.23664499310493226 0.9096299386636255 9.8726167678833 0.05885665984191532 -0.9605036504524458 0.2719717468042945 0.5930432081222534
0.9381721660258548 0.1455861662837113 0.3140663227427726 11.569449424743652 -0.34146671461668565 0.24016967588839822 0.9086908217829367 9.831278800964355 0.056863606139980094 -0.95975163191863 0.2750333349364835 0.5780053734779358
0.9387839425375409 0.14434748773372758 0.3128074679713268 11.792586326599121 -0.3401358293628015 0.24418424404976868 0.9081198558238457 9.790756225585938 0.05470216464958638 -0.9589253660962382 0.2783339997913391 0.5630682110786438
0.9396376233137334 0.1428619777592161 0.31092055603328017 12.0150728225708 -0.33813580069230087 0.24854486904851897 0.9076836609523338 9.750393867492676 0.05239577409959184 -0.9580270890639679 0.2818488592776716 0.5480889678001404
0.940582763821568 0.1412425793563946 0.3087953985708547 12.230636596679688 -0.3358679177333851 0.25315899460617214 0.9072503873173228 9.684502601623535 0.04996805218557687 -0.9570585443047592 0.2855558378566874 0.5360656380653381
