0.881574285185527 -0.4505004393739092 -0.1409827429990708 7.008041858673096 0.03246334334345835 0.35581667867696204 -0.9339917679049748 -30.1324462890625 0.4709277131775025 0.8188063539685134 0.32830358460150516 -3.011430501937866
0.87314808741462 -0.4677737176067547 -0.13711369939049653 6.770843505859375 0.030138001745957488 0.3325513617052804 -0.9426034652380207 -30.10153579711914 0.4865224746041563 0.8189000799513454 0.3044643505580385 -3.038398265838623
0.8656008407631226 -0.4827888919091146 -0.13285356720594477 6.53799295425415 0.02711478821016239 0.3101204848105223 -0.9503105140748495 -30.063034057617188 0.49999997273049257 0.8189872836314712 0.2815312709441899 -3.064401149749756
0.8657026138755737 -0.4847137478082437 -0.12494625650528757 6.309350490570068 0.02364268229637642 0.2889300637598213 -0.9570582228002525 -30.019004821777344 0.5000000079028314 0.8255737404626139 0.26158744456822974 -3.0894811153411865
0.8658043572489189 -0.4862698573593671 -0.11800186774999433 6.084839820861816 0.01956631041333942 0.2685433202163428 -0.9630688680795324 -29.9708251953125 0.49999997446559463 0.8315203611402932 0.24202048372714496 -3.113459348678589
0.8658954782904837 -0.48754481823792906 -0.11191546312033415 5.863804817199707 0.015000539228614967 0.24893754565909054 -0.9684033674993487 -29.92183494567871 0.5000000044989449 0.8368573047841387 0.22286733033462325 -3.136723041534424
0.8659670571294239 -0.48861066683113985 -0.10658645423051788 5.646391868591309 0.010051648884159076 0.23009215289137852 -0.9731169331239286 -29.871376037597656 0.5000000203213146 0.8416158372064061 0.20416356737196195 -3.1590044498443604
0.8660121009402314 -0.4895259192958209 -0.10191867033408561 5.432224750518799 0.00481653848918373 0.21198534291276372 -0.9772609760689006 -29.821176528930664 0.49999984198204384 0.8458289358538993 0.18593969261615928 -3.180485248565674
0.8660251650104819 -0.4903378371285685 -0.09782238521241016 5.221303462982178 -0.000617631181538042 0.19459536533034816 -0.9808834091387579 -29.771276473999023 0.5000000321002903 0.8495301344107964 0.16822163543279123 -3.201212167739868
0.8660034092178153 -0.4910823920505564 -0.09421347802212252 5.013374328613281 -0.00617406792902192 0.17789703255758477 -0.9840297387235885 -29.72266960144043 0.4999999761083286 0.8527547889194816 0.15102746063733435 -3.220998525619507
0.8659451749351261 -0.491787738195607 -0.0910152435970106 4.80855131149292 -0.011786559158337873 0.16186277876112892 -0.9867428833667528 -29.675050735473633 0.5000000310297801 0.85553799530598 0.13436780700020362 -3.240173816680908
0.865850591982434 -0.4924743821951454 -0.08815744577276671 4.606432914733887 -0.017399413791105572 0.1464604481373563 -0.9890634951969113 -29.629974365234375 0.5000000127633941 0.8579151007022283 0.11824410016441017 -3.258301258087158
0.8657208217876806 -0.49315715923012715 -0.08557730437057504 4.407374382019043 -0.02296686244377502 0.13165527144984918 -0.9910294711707393 -29.58617401123047 0.49999998195275136 0.859920290375531 0.1026504371530424 -3.2758946418762207
0.8655578800273118 -0.493846366919501 -0.0832185207933647 4.210788249969482 -0.02845309815409014 0.11740743759655986 -0.9926761379233633 -29.546171188354492 0.49999997752805936 0.8615864782350173 0.08757147363451584 -3.292344331741333
0.8653643561013243 -0.4945489038453753 -0.08103032083533962 4.017226696014404 -0.033830367119498383 0.10367317367627205 -0.9940359044423142 -29.5076961517334 0.500000037449899 0.8629445258909909 0.07298429820771335 -3.308274984359741
0.8651432049721675 -0.4952688710082074 -0.0789682233606771 3.825995922088623 -0.03907961752801681 0.09040507007551751 -0.9951380340427677 -29.474233627319336 0.5000000183843497 0.8640229561272642 0.058858414018333194 -3.322962522506714
0.8648973089556883 -0.4960087683783723 -0.07699315978045304 3.637746572494507 -0.04418872482359165 0.07755332412131088 -0.9960084530345108 -29.442705154418945 0.5000000015596731 0.8648472602775039 0.04515766635712959 -3.33709454536438
0.8646293931493145 -0.49676997644321264 -0.07507065343300104 3.4520702362060547 -0.0491526524351438 0.06506396699128675 -0.99666980337419 -29.415687561035156 0.5000000292608369 0.8654399289979441 0.03183865630323551 -3.350107431411743
0.8643419626941371 -0.4975530116570718 -0.07317084198657967 3.2694334983825684 -0.053972207454033166 0.05288123468090927 -0.99714120155631 -29.390567779541016 0.4999999723485853 0.8658201750996569 0.018853435809251973 -3.3625781536102295
0.8640369385028044 -0.4983584550302141 -0.07126723793300047 3.0895750522613525 -0.058652970629917534 0.040947112049634526 -0.9974383003730509 -29.36948013305664 0.49999999793898686 0.8660035706131313 0.006149613509839225 -3.37404727935791
0.8637158473217421 -0.4991866284257679 -0.069337184008293 2.9128100872039795 -0.06320551105131089 0.029202135015312214 -0.9975732046738679 -29.35027503967285 0.4999999984580281 0.8660022778904581 -0.006328999171277161 -3.384982109069824
0.8633795103055195 -0.5000383109248328 -0.06736103318716127 2.733166456222534 -0.06764499493098669 0.017584647913800544 -0.9975544771181846 -29.33414649963379 0.4999999758453877 0.8658247327058683 -0.018642864303097306 -3.39536190032959
0.863028071928388 -0.5009148222375388 -0.06532142011854783 2.550849437713623 -0.07198980570292321 0.0060320043460713735 -0.9973871278487729 -29.31936264038086 0.5000000149384242 0.8654755662560925 -0.030854971645941143 -3.405560255050659
0.8643032341450873 -0.49896445316693283 -0.06335924496209067 2.365701913833618 -0.07640305635780917 -0.005736696291212651 -0.9970605113506641 -29.30826759338379 0.4971342800748385 0.8666034645623604 -0.04308065439365988 -3.415072441101074
0.8652385917540195 -0.49758410149684407 -0.06141857436557499 2.1779589653015137 -0.08071741785861594 -0.01734566742341509 -0.9965860857326244 -29.298131942749023 0.4948200458689592 0.867242290112293 -0.055171844694793915 -3.4244890213012695
0.8658678645185575 -0.4967178961312725 -0.05953295605793005 1.987423062324524 -0.084916865229649 -0.028654885354242876 -0.9959759151429842 -29.292869567871094 0.4930131511366027 0.8674388907630656 -0.06699107103263646 -3.4330015182495117
0.8662233820124174 -0.4963099501783897 -0.05773634738095346 1.7943322658538818 -0.08898386239002404 -0.03952750252660864 -0.9952484357074681 -29.289329528808594 0.491669527924116 0.8672450691113404 -0.0784032232305768 -3.4412736892700195
0.866335477705144 -0.496305818316935 -0.056065807531484324 1.5986461639404297 -0.09289969752266616 -0.04982592331821439 -0.9944279881246728 -29.28898048400879 0.49074686577664156 0.8667167426963925 -0.0892726254803678 -3.449007511138916
0.8662337675137548 -0.49665117446929896 -0.05455887569582277 1.4004565477371216 -0.09664316930881145 -0.059415802533075046 -0.9935440907354335 -29.293046951293945 0.49020318016601516 0.8659141835699521 -0.09946591801973542 -3.455988645553589
0.8659467962176146 -0.4972925724926916 -0.053256393644802585 1.1998424530029297 -0.10019214603287324 -0.068163390559356 -0.9926304881781438 -29.300437927246094 0.48999763264099194 0.8649010634350347 -0.10885067971845525 -3.462451696395874
0.8655025901035002 -0.49817698105544206 -0.05220116924569854 0.9968847632408142 -0.10352223100840971 -0.0759360596605142 -0.9917241867224356 -29.311899185180664 0.4900902102788566 0.8637438337781176 -0.11729524883432252 -3.4682493209838867
0.8649287249328017 -0.4992518184800744 -0.0514385315736815 0.7917004227638245 -0.10660768042733704 -0.08260250683823434 -0.9908640816670782 -29.327919006347656 0.49044174298281396 0.862510549273676 -0.12466935923313766 -3.473238945007324
0.8642528838406145 -0.5004642445898365 -0.05101463182563673 0.5844262838363647 -0.10942015999511626 -0.08803353127503505 -0.9900895545140804 -29.348678588867188 0.4910134227898705 0.8612697819257167 -0.1308441109939768 -3.477295398712158
0.863502696461365 -0.5017610970723627 -0.050979355318509806 0.37955808639526367 -0.11193093246125746 -0.09209902404278003 -0.9894388491103031 -29.373170852661133 0.49176677354443676 0.8600892809674509 -0.13569034307049377 -3.4803178310394287
0.8627062832597432 -0.5030882587823553 -0.0513816377658132 0.17704956233501434 -0.11410806231549664 -0.09467128526950869 -0.988947267481953 -29.400348663330078 0.49266339313852225 0.8590340805932888 -0.1390799390296124 -3.4823503494262695
0.8618919773921236 -0.5043903496225641 -0.05227422419053787 -0.023289794102311134 -0.11592020439655693 -0.09562045737298819 -0.9886451508728705 -29.42844581604004 0.4936645880755025 0.8581649627777913 -0.14088353750824245 -3.4835424423217773
0.8610893281740817 -0.5056092226981768 -0.05370738149690424 -0.22177733480930328 -0.11733302071740159 -0.09481922861239084 -0.9885556515111735 -29.455045700073242 0.49473036207012633 0.8575363711283017 -0.14097248326558282 -3.484137535095215
0.860328225721138 -0.5066842852499552 -0.055734900271379756 -0.4187707304954529 -0.11831366945490565 -0.09213609745624135 -0.9886924775508557 -29.477054595947266 0.495819745116745 0.857194245562974 -0.13921496229245628 -3.484485387802124
0.8596399476152211 -0.5075507695528151 -0.05840699265023791 -0.6143469214439392 -0.11882749227025804 -0.087441511846713 -0.9890571313562846 -29.49269676208496 0.4968895124118253 0.8571733770552525 -0.13547920180910478 -3.48476243019104
0.8590566689845397 -0.5081393317410301 -0.06177425848171955 -0.808319091796875 -0.11884105771316889 -0.08060220789490169 -0.989636340826307 -29.50210189819336 0.4978940072694209 0.8574950166737102 -0.1296296798767605 -3.4849767684936523
0.8586122022489089 -0.5083742939051736 -0.0658837115355119 -1.0004736185073853 -0.11832144469972836 -0.0714848928915518 -0.9903988821744764 -29.50676155090332 0.4987836423475088 0.8581640212597469 -0.12152938221620707 -3.485164165496826
0.8583412134370834 -0.5081736650812307 -0.07078055830003407 -1.190712809562683 -0.11723886735672573 -0.05995336545400076 -0.9912924099132663 -29.50722885131836 0.49950516443403015 0.8591653624818962 -0.1110381493680635 -3.4853386878967285
0.8582801994435654 -0.5074469421801665 -0.07650294187227391 -1.378973364830017 -0.11556433869044921 -0.045871369086211866 -0.9922402436513023 -29.505733489990234 0.49999998286615266 0.8604611661023147 -0.09801325810160488 -3.4855542182922363
0.8585804515707962 -0.5059027710599078 -0.08307824272572487 -1.5652587413787842 -0.11331202042427757 -0.029215108630331665 -0.9931298321242223 -29.503652572631836 0.499999994207856 0.8620956232701942 -0.08240838628755887 -3.4858360290527344
0.8589430277510414 -0.5040371611379594 -0.09035162018392676 -1.7495886087417603 -0.11053008617187898 -0.010209105809633523 -0.9938203430245351 -29.50127601623535 0.4999999751287102 0.863621626842771 -0.06448031110916519 -3.4861834049224854
0.8594504126223397 -0.5016952763240041 -0.09821831783059262 -1.9319812059402466 -0.10734362661674851 0.010740758369040648 -0.9941639612933181 -29.4986572265625 0.49982230249164983 0.8649777371839341 -0.04462264120496151 -3.486582040786743
0.8602146068688639 -0.49867388765697807 -0.10656070522721378 -2.112449884414673 -0.10388021855280957 0.03321966019727657 -0.9940348858917365 -29.495845794677734 0.49923915143232317 0.8661528779294407 -0.023226315499468686 -3.4870147705078125
0.8611181076977503 -0.4951727156067899 -0.11523708740523966 -2.2910070419311523 -0.10023633821093544 0.056856984753436646 -0.9933377873547399 -29.49289321899414 0.49842580300091677 0.8669320994191786 -0.0006737206741103119 -3.4874706268310547
0.8621291964613317 -0.4912502296091591 -0.12412276389883825 -2.4676623344421387 -0.09651996821960082 0.08125830634943754 -0.9920085601365081 -29.489843368530273 0.49741043851514166 0.8672198680600953 0.022639701809101687 -3.4879350662231445
0.8632137754752147 -0.4869771405085972 -0.13309861927118408 -2.6424193382263184 -0.0928356126017151 0.10602820737123325 -0.9900199837753313 -29.486745834350586 0.49622930875018856 0.8669551798470972 0.046316188029644156 -3.4883952140808105
0.8643358122674392 -0.4824361946370336 -0.1420525316075861 -2.815274477005005 -0.08928446135121615 0.13077096141498307 -0.9873840390708288 -29.483654022216797 0.49492614458443107 0.8661144691983498 0.06995596938111531 -3.488839626312256
0.8654572253325683 -0.47772259304938236 -0.15088046662781124 -2.986222982406616 -0.08596346200259572 0.1550935625128509 -0.9841525644266749 -29.48061180114746 0.49355250411701906 0.8647121549725356 0.09316015630393315 -3.4892547130584717
0.8665380024401133 -0.472943250943348 -0.15948846890680268 -3.155252695083618 -0.08296625789243275 0.17860840530642247 -0.9804160533188057 -29.477672576904297 0.4921671366298497 0.8627999298452883 0.11553263902699012 -3.4896295070648193
0.8675370816499449 -0.4682158563935414 -0.16778952227108632 -3.3223228454589844 -0.08038001626567487 0.2009340584108954 -0.9763014683772921 -29.47369956970215 0.4908344577833005 0.8604646512159517 0.13668254848510808 -3.489213228225708
0.8684115988088612 -0.4636679522158321 -0.17570806794855479 -3.484158754348755 -0.07828941760010766 0.22169964842730588 -0.9719670945968514 -29.445261001586914 0.48962440926292994 0.857823580915788 0.15622625220730718 -3.473311185836792
0.8691179416740644 -0.4594352488258674 -0.18317547760699587 -3.640657901763916 -0.07677501281556012 0.24054227811334067 -0.9675975453912723 -29.403844833374023 0.48860986570822357 0.8550196866601131 0.173786462522931 -3.449070930480957
0.8696120387629351 -0.455659979783952 -0.19012860085179195 -3.794942617416382 -0.07591362525692671 0.2571079576425592 -0.9633963979677436 -29.36227035522461 0.48786475947635577 0.8522144571292842 0.1889933742778226 -3.4246623516082764
0.8698490192244418 -0.45248932885948784 -0.19650977335126832 -3.9465954303741455 -0.07578167632705163 0.27105101065590387 -0.9595772439754263 -29.3193416595459 0.48746263578590165 0.8495791645813257 0.20148305591775717 -3.3997790813446045
0.8697841866896829 -0.45007253559374777 -0.20226265421174797 -4.095400333404541 -0.07645621952775078 0.28203076291860507 -0.9563540637562397 -29.274669647216797 0.48747298907743686 0.8472858794242731 0.21089505316186274 -3.374277353286743
0.8693724213262962 -0.4485602355385878 -0.20732898526452878 -4.240955829620361 -0.0780166026182065 0.2897087692794931 -0.9539298919304678 -29.227436065673828 0.48796004216858313 0.8454954429777418 0.21686966858163115 -3.3478844165802
0.8685694381520063 -0.4481002448561474 -0.21164428097203417 -4.382594108581543 -0.08054751021883977 0.2937440295234309 -0.9524844060229459 -29.176395416259766 0.4889777394788586 0.8443462652722512 0.2190437276320576 -3.3202006816864014
0.8673314979208221 -0.4488367472022913 -0.21513169704924853 -4.518940448760986 -0.08413931253095022 0.29378863919414633 -0.9521600766505972 -29.119197845458984 0.4905676801433644 0.8439394586351076 0.2170473251561501 -3.290499210357666
0.8656156046539372 -0.4509057626275439 -0.2177007538086905 -4.643564224243164 -0.0888953274776543 0.2894833060354236 -0.9530461879045748 -29.04697036743164 0.49275475211532926 0.8443242320081039 0.21049785156073686 -3.255574941635132
0.8634015105150492 -0.4543843960535242 -0.21925476565722649 -4.743012428283691 -0.09487993556317897 0.28059171092305457 -0.9551262165749613 -28.951677322387695 0.495515518897096 0.8454602961608232 0.19915134483049501 -3.2098350524902344
0.8607546265429422 -0.4591431755406026 -0.21974762169227505 -4.803920745849609 -0.10197560544168102 0.2674109329467854 -0.9581713671548175 -28.83577537536621 0.4987007607571122 0.8471593340659247 0.183353794411941 -3.15207576751709
0.8589886694471977 -0.4629150461284798 -0.21874214461141317 -4.839976787567139 -0.11017462740384809 0.2501020653671324 -0.9619306151565806 -28.71477508544922 0.5000000172377559 0.8503873334939566 0.1638333476288687 -3.08927845954895
0.8577708198540519 -0.4662196247795276 -0.2164912979252144 -4.861814975738525 -0.11928625652258806 0.22912656288416083 -0.9660599397479008 -28.59392547607422 0.5000000096117347 0.8544824630449281 0.14092448593817214 -3.0244407653808594
0.8563580744030027 -0.4702688009488585 -0.21330284400097546 -4.876715183258057 -0.1290380967704391 0.2050824115025206 -0.9702012028822546 -28.472929000854492 0.5000000179866441 0.8583638269093321 0.11494138796326558 -2.9579973220825195
0.8547606621346577 -0.4749982254409637 -0.20919105213908323 -4.888016223907471 -0.13922720778008793 0.17843627320739885 -0.9740514776014738 -28.35208511352539 0.4999999950808814 0.8617059720297809 0.08638763040695485 -2.8906054496765137
0.8529999675108348 -0.4803234273634875 -0.20415793041737965 -4.895734786987305 -0.14963634853072943 0.14967665709238748 -0.9773463365256139 -28.23159408569336 0.5000000186249048 0.8642258405344294 0.0558003398524996 -2.8220837116241455
0.8511109666598049 -0.4861369633039706 -0.19819428685258939 -4.902681827545166 -0.1600315762308742 0.11930999311658397 -0.9798750023097755 -28.111173629760742 0.5000000170404741 0.8656997045466255 0.023748779072005455 -2.753338575363159
0.8491431039030326 -0.4923062784870645 -0.1912864795434872 -4.908063888549805 -0.17016459577260318 0.08785576012107416 -0.9814914038131435 -27.99079132080078 0.4999999994394706 0.8659768435563191 -0.009170986030096695 -2.6842687129974365
0.8471597165946465 -0.4986730882772482 -0.18342727607231746 -4.912866115570068 -0.17977890399864968 0.05584080294803717 -0.9821208430754145 -27.870290756225586 0.4999999602563211 0.8649895697372023 -0.04234482246422899 -2.6151769161224365
0.845236966382566 -0.5050564645063629 -0.17462084159896327 -4.916646480560303 -0.1886120090451293 0.023788489750720565 -0.9817635243781162 -27.749595642089844 0.4999999807043569 0.862758410805547 -0.07515280354005321 -2.5460948944091797
0.8434608377639323 -0.5112575502793253 -0.16489248752125946 -4.920163631439209 -0.19640221060456312 -0.007788105847171545 -0.980492487006889 -27.62863540649414 0.4999999868282062 0.8593922635733326 -0.10698107534558254 -2.4771385192871094
0.8419236819089719 -0.5170673657303553 -0.15429145516687373 -4.922685623168945 -0.20289035969448777 -0.03839336680347882 -0.9784484919138744 -27.507240295410156 0.5000000157838815 0.8550832057070029 -0.13723226855937964 -2.408487558364868
0.8407195126876844 -0.5222757808047508 -0.14289405085926493 -4.925225734710693 -0.20782411384444202 -0.06755315109536542 -0.9758307791220047 -27.385494232177734 0.4999998386909286 0.8500968065825647 -0.16533475359757455 -2.339972496032715
0.8399375818381773 -0.5266833339128595 -0.1308033806683556 -4.926590442657471 -0.21096163305260118 -0.09481591667665051 -0.9728849527691062 -27.26302719116211 0.5000000479956127 0.8447571294302297 -0.19074942799700123 -2.272174596786499
0.8396585480210642 -0.5301095392091575 -0.11814143716161923 -4.927961349487305 -0.2120696599220013 -0.11975252177183837 -0.9698895776684333 -27.140106201171875 0.49999998207572455 0.839430288927401 -0.21297137825429757 -2.204545736312866
0.839946926748109 -0.5324049214894144 -0.10504360913571573 -4.928350925445557 -0.21092455608213556 -0.141947311451524 -0.9671410406002001 -27.01628875732422 0.4999999918879605 0.8345034214103226 -0.23152547973496335 -2.1378679275512695
0.8408461317601852 -0.5334592932201684 -0.09164586832460928 -4.928427696228027 -0.20731080600169424 -0.1609945144717036 -0.964936783434515 -26.891813278198242 0.5000000124188609 0.8303625405731274 -0.24596349077470842 -2.071605682373047
0.8423721551885324 -0.533210493261989 -0.07807510511253365 -4.927684307098389 -0.20102024586630052 -0.17648560959202736 -0.963557829275847 -26.766313552856445 0.5000000129148787 0.8273689621216381 -0.25585266776581445 -2.0064146518707275
0.8445074285184947 -0.531652966061001 -0.06443855100496648 -4.926302433013916 -0.191852065801838 -0.18799877153164235 -0.9632493170255354 -26.63986587524414 0.49999998802464657 0.8258338728710111 -0.2607650789393007 -1.9420727491378784
0.8497900994795591 -0.5245330487097113 -0.05217152132933328 -4.924141883850098 -0.18024198406258843 -0.19613896963871652 -0.963868420361537 -26.512348175048828 0.49534797264923075 0.8284893393401985 -0.2612198319269398 -1.878944993019104
0.855755635087508 -0.515828704140343 -0.04003799446613948 -4.921101093292236 -0.16579904848099336 -0.2001071894649818 -0.9656437170339913 -26.382638931274414 0.4900948566744741 0.8329933137242582 -0.2567667633318345 -1.81666898727417
0.8622485555997572 -0.5057131440354276 -0.02795790256681427 -4.91694450378418 -0.14877187851334706 -0.20012059272602284 -0.9684103864223036 -26.250465393066406 0.4841429092011391 0.839169806604592 -0.24778958645082177 -1.755926489830017
0.869117183831748 -0.4943525163628846 -0.01584014943285947 -4.911872386932373 -0.12941764353494467 -0.19638473228918635 -0.9719486151364004 -26.116003036499023 0.47737448016230755 0.8467872380293578 -0.23465928321798418 -1.6963655948638916
0.8762148244303785 -0.48190733095356036 -0.0035924673494352743 -4.905200004577637 -0.1080034748226823 -0.1890985879478087 -0.9760004986998577 -25.97819709777832 0.4696624648347655 0.8555741045691837 -0.21773865232423067 -1.6405901908874512
0.8834003022840822 -0.4685350910906086 0.008875491034724542 -4.897679328918457 -0.08480580469541149 -0.17846684432175253 -0.9802844286062077 -25.837646484375 0.460881634928488 0.8652308673958359 -0.1973921596494994 -1.587457537651062
0.8905389975594558 -0.4543916841322537 0.021644657938026668 -4.889193058013916 -0.06011034514194746 -0.16470368153496057 -0.9845097478926993 -25.694021224975586 0.45091799723754206 0.8754432561167426 -0.17398869241131615 -1.5379586219787598
0.8975041592536319 -0.43963221135697667 0.034782220455375074 -4.879780292510986 -0.03421120854731868 -0.14803984255769614 -0.9883894972252714 -25.54642105102539 0.43967701478717713 0.8858937429245493 -0.14790672369763752 -1.4953384399414062
0.904178171344318 -0.42441131622035433 0.04834117425705897 -4.870231628417969 -0.007406604651655768 -0.12873010361835263 -0.9916520068199036 -25.395673751831055 0.42709129781813515 0.8962720541702248 -0.11953839651553971 -1.458048701286316
0.9104547123949244 -0.4088816991614431 0.062353610711220336 -4.860923767089844 0.020001879253787103 -0.10705280746933343 -0.9940521219932336 -25.24201202392578 0.4131248497781176 0.9062866282273973 -0.08928833065985076 -1.4259017705917358
0.9162393897866842 -0.39319525617257367 0.07683014464849244 -4.852652549743652 0.04771367384102107 -0.08331251049944649 -0.9953805457828035 -25.095529556274414 0.3977798209209672 0.9156727123364894 -0.05757341357275464 -1.4000072479248047
0.9214522897989896 -0.3774994172367221 0.09175983658515358 -4.84599494934082 0.07543499302671766 -0.05784004168690898 -0.9954717933747373 -24.95635414123535 0.3810974146478272 0.9242016660683922 -0.02482017294762917 -1.380664348602295
0.926028883421544 -0.3619366734831558 0.10710906337465476 -4.840554237365723 0.10288256937934359 -0.030990881793156788 -0.994210612578435 -24.825414657592773 0.363160686180309 0.931687399095657 0.008538523257393571 -1.3644182682037354
0.9299215042325216 -0.34664201229394337 0.1228222751732341 -4.836329460144043 0.12978906203822305 -0.003141994805924475 -0.9915366494708492 -24.702754974365234 0.34409416638641566 0.9379922404697413 0.04206853310245695 -1.3512094020843506
0.933100466585391 -0.33174052275739885 0.13882271002531582 -4.833184719085693 0.15590767118296883 0.025313216731175092 -0.9874472335902427 -24.58861541748047 0.32406221212049463 0.9430309998188648 0.07534066668276335 -1.3399895429611206
0.935554350112297 -0.317346015020307 0.15501472425769403 -4.831132888793945 0.1810168032933931 0.05396915004281966 -0.9819980894936083 -24.483041763305664 0.3032671675460416 0.9467728542762445 0.10793603427129628 -1.3307565450668335
0.9372905292244994 -0.30355820329369965 0.1712859627615727 -4.829471111297607 0.20492351129406872 0.08241348992984843 -0.9753021948075851 -24.386247634887695 0.2819447079570171 0.9492420312495038 0.13945159649264927 -1.3224350214004517
0.9383343889717205 -0.29046282013238667 0.18750979866078687 -4.828631401062012 0.22746608449487338 0.11023273762962704 -0.9675267045199574 -24.29817771911621 0.2603608167095025 0.9505156988053478 0.1695056088952287 -1.3158105611801147
0.9387291375729532 -0.2781285057026643 0.2035488653545939 -4.828254222869873 0.24851556481984077 0.13701654654698892 -0.9588881478121484 -24.218963623046875 0.2388045651025438 0.9507213052666591 0.1977406872604751 -1.3102765083312988
0.9385339321462423 -0.26660859195393016 0.21925764959621225 -4.828120231628418 0.2679757233751223 0.16236220727833411 -0.9496460000069958 -24.14869499206543 0.21758462696544656 0.9500307217895904 0.22382707111575545 -1.3054873943328857
0.9378242288026534 -0.25593479657017393 0.23448474529336005 -4.828195571899414 0.28579202370852397 0.18593949808769994 -0.9400794765526373 -24.087413787841797 0.1969990737422253 0.9486431799973464 0.247522689847269 -1.3014358282089233
0.9366926775448681 -0.24610586910213453 0.2490757495769286 -4.82852029800415 0.3019726332218645 0.20767583113058086 -0.9304210218762663 -24.035112380981445 0.1772550609118936 0.946732618196767 0.26884566766718665 -1.2982782125473022
0.9352383462033323 -0.23711136349196496 0.2628829342004483 -4.82913064956665 0.3165413274268645 0.22756677405466108 -0.9208772727009791 -23.991777420043945 0.15852704444887147 0.9444530505267776 0.287884719165449 -1.2961574792861938
0.9335629228020451 -0.22893876005544594 0.2757667734038628 -4.829829216003418 0.3295232602492331 0.24561404546826926 -0.9116403685793137 -23.95744514465332 0.14097762277758355 0.9419452132756903 0.3047368127794793 -1.294685959815979
0.9323510288855854 -0.2211267788974865 0.2860498323551546 -4.830529689788818 0.3393479471235424 0.2622034284714009 -0.9033782889138305 -23.932071685791016 0.12475788439624731 0.9393361005264648 0.3195045547855422 -1.2936660051345825
0.9339893598962207 -0.21176967086738063 0.28778026704652504 -4.830970287322998 0.3399442571029221 0.278697715767129 -0.8982012498816325 -23.91549301147461 0.11000807999138232 0.9367396595249429 0.33229058459382177 -1.2923390865325928
0.9352744639308354 -0.20336929041492627 0.289659470473551 -4.831478118896484 0.34041200751693834 0.29292916899930543 -0.8934831655312059 -23.907968521118164 0.09685732939316732 0.9342555505136192 0.3431985199229707 -1.2918435335159302
0.9362577063063606 -0.1960319231999652 0.29153557667714547 -4.831876277923584 0.3407698411905121 0.3049651322464633 -0.8893099479084277 -23.897722244262695 0.08542495371345535 0.9319698241898287 0.3523277225576124 -1.2910449504852295
0.936987724144962 -0.18985280678208005 0.2932744730770317 -4.8321533203125 0.34103557651843175 0.31486497573702055 -0.8857509709861267 -23.884742736816406 0.07582044810198182 0.929954815467446 0.3597711784433587 -1.289945363998413
0.9375082884482149 -0.18491921919801269 0.29475937892134324 -4.83230447769165 0.34122502596481363 0.3226809178681718 -0.8828604118993368 -23.86903190612793 0.06814463108866993 0.9282682304242409 0.36561510039772377 -1.2885472774505615
0.9378561598592549 -0.18131024778032467 0.295892577574851 -4.832324028015137 0.3413516621450232 0.32845469953922557 -0.8806795973005319 -23.85057258605957 0.06248892833840132 0.9269542083622224 0.36993381764132327 -1.2868521213531494
0.9380591669973567 -0.17909946821298872 0.2965946386872993 -4.832209587097168 0.34142556122690704 0.3322176794774384 -0.8792383064809661 -23.829370498657227 0.05893713051308597 0.9260425443404048 0.3727889761224611 -1.2848608493804932
0.9381344449878116 -0.17835496574812582 0.2968051032586794 -4.83195686340332 0.3414529141746542 0.33399107733570776 -0.878555557527109 -23.805419921875 0.057564490174470725 0.9255481978012371 0.37422835677943367 -1.2825744152069092
0.9380867166261785 -0.17913985910645186 0.2964830905276662 -4.831565856933594 0.3414355577612849 0.3337831639623431 -0.8786413143891698 -23.778715133666992 0.05843861724712533 0.9254716150885494 0.3742822700578212 -1.2799932956695557
0.937907035031325 -0.18151144949293002 0.29560782692906606 -4.831035137176514 0.34137017948757226 0.331589978785181 -0.8794967234310006 -23.749267578125 0.06161813203410102 0.9257978611296415 0.37296316994095996 -1.2771170139312744
0.9375714476205725 -0.18552097090068448 0.29417979190068716 -4.830367088317871 0.3412480948794377 0.32739286124210293 -0.8811150050639607 -23.717065811157227 0.06715294742465512 0.9264965643561645 0.37026287673544184 -1.27394437789917
0.9370401244002788 -0.19121271188083366 0.29222166942081407 -4.829665184020996 0.34105468306930053 0.32115852237455367 -0.8834811297717075 -23.68209457397461 0.075083343162177 0.9275208365968771 0.3661524126074006 -1.2707912921905518
0.9362566959433636 -0.1986210504701723 0.28978108566871885 -4.828845024108887 0.3407694620184566 0.3128369894838566 -0.8865715942699323 -23.644378662109375 0.08543753892094379 0.9288071362348606 0.3605797146572856 -1.2673852443695068
0.9379522645004768 -0.20524173752825003 0.27950201912475137 -4.827609539031982 0.332560085441434 0.3040807084460008 -0.8927142388929195 -23.603717803955078 0.09823104951905001 0.9302745572826139 0.3534683988463789 -1.262727975845337
0.9414824978032224 -0.2116760845107359 0.26230505442406 -4.826035022735596 0.31739073601175105 0.2947846970210772 -0.9013129884208428 -23.560123443603516 0.11346288831210061 0.9318235979241969 0.34471866112451793 -1.25693941116333
0.9450194028255219 -0.21950478538742635 0.24239632314726595 -4.824315071105957 0.2996012318387462 0.28408008954488073 -0.9107895501184005 -23.51370620727539 0.13106269554682493 0.9333360337607202 0.33422510067289657 -1.2505624294281006
0.948317684592695 -0.2287076663328364 0.21996902611353583 -4.822490215301514 0.27923319060164603 0.27215418576982303 -0.9208479377369476 -23.46444320678711 0.15073949169071202 0.9346790371718798 0.3219513986866234 -1.2436022758483887
0.951121642833381 -0.23923128735950522 0.19528443789059238 -4.820600509643555 0.2563878415411387 0.2592213331623875 -0.9311657076715136 -23.412303924560547 0.17214207865541406 0.9357204131479813 0.30788701365008053 -1.2360714673995972
0.9531850723485115 -0.25101132625253136 0.1686165233448607 -4.818728923797607 0.23118646241931384 0.24550123648217181 -0.9414254949170261 -23.35723876953125 0.1949128970745802 0.9363345860207609 0.2920385344014109 -1.2282421588897705
0.954279414116452 -0.26397038652966365 0.14025132736962265 -4.816915035247803 0.20377520104806748 0.2312161517519402 -0.9513226364419399 -23.299222946166992 0.21869263186349186 0.9364073505715361 0.27443543241392054 -1.2201220989227295
0.9542014703518005 -0.2780152035050255 0.11048574839553446 -4.815152645111084 0.17432855159936453 0.216588991640149 -0.9605721028624407 -23.238250732421875 0.24312365182295573 0.935840133420427 0.2551355220346777 -1.2115124464035034
0.9527802594309664 -0.2930351193838863 0.07962534801388478 -4.8134765625 0.1430509454601619 0.20183885316590922 -0.9689156332496782 -23.17428970336914 0.26785481933617433 0.9345541697303279 0.23422702576356003 -1.2024383544921875
0.9498826108804546 -0.3089026332131583 0.04798112900826593 -4.811911582946777 0.11017748435859753 0.18717863244690164 -0.9761275948848689 -23.107309341430664 0.2925473423009375 0.9324930684725139 0.2118318431288682 -1.1929287910461426
0.9454180829917472 -0.325473438778402 0.01586470932513992 -4.810484409332275 0.07597193434899019 0.1728121695875353 -0.9820204780113913 -23.03729248046875 0.31687996709082467 0.9296251904354844 0.18810659681230524 -1.183077335357666
0.9393424265754984 -0.3425876845363759 -0.016415969031985 -4.809229850769043 0.040724581338595356 0.15893113553505245 -0.9864493918252142 -22.96417236328125 0.34055442165687794 0.9259452319449264 0.16324249853639827 -1.173384666442871
0.9316598939837238 -0.36007172589668324 -0.04856124125287972 -4.808140754699707 0.004747722354445788 0.1457089706504886 -0.9893161046927418 -22.887964248657227 0.36330056575056646 0.9214755819237744 0.13746072473095527 -1.163388967514038
0.9224238882573281 -0.37774115798178465 -0.08028566459095993 -4.807226657867432 -0.03162887373150189 0.13330133484813628 -0.9905707286580707 -22.80864715576172 0.3848815203653046 0.9162654482704697 0.11101280821151277 -1.1531307697296143
0.9117367187329304 -0.39540291804415006 -0.11132245108818167 -4.806485652923584 -0.06806331863684606 0.12184306628934122 -0.9902129325823563 -22.72620964050293 0.4050969518155482 0.9103904654593995 0.0841763626582252 -1.1426528692245483
0.8997475909286551 -0.41285891444319145 -0.14142768251962212 -4.805866718292236 -0.10420836940126177 0.11144388995207044 -0.9882918977402784 -22.640607833862305 0.4237863711409461 0.9039512023096934 0.05724801724119344 -1.1323760747909546
0.8866498904359463 -0.42990847162677864 -0.1703839130125007 -4.805366039276123 -0.1397161171480082 0.10219052096005932 -0.9849043121212312 -22.55183982849121 0.44083032835662317 0.8970706791827715 0.03054207182810076 -1.1222655773162842
0.872676624176562 -0.44635201817262715 -0.19800349867874215 -4.805001258850098 -0.17424537243912233 0.09414427233464412 -0.9801915150469994 -22.459918975830078 0.456151356239737 0.8898914157692518 0.004382732121112787 -1.1120879650115967
0.8580962511498544 -0.46199261151948784 -0.2241286475753811 -4.80474853515625 -0.20746483237011365 0.0873427265962945 -0.9743354614507087 -22.36483383178711 0.4697117915192319 0.8825724191317834 -0.020898753447634588 -1.1018844842910767
0.843206056586874 -0.47663957104619586 -0.24863279238288688 -4.804459095001221 -0.2390586751175327 0.08180136723339515 -0.9675533505547883 -22.266559600830078 0.4815127163287209 0.875284671196546 -0.044969416074606916 -1.0921425819396973
0.828327226789349 -0.49010805968970045 -0.27141867140390935 -4.804139137268066 -0.2687292064253299 0.0775157114322419 -0.960091624843778 -22.165103912353516 0.49158785478638384 0.8682081572459167 -0.06749797565979909 -1.0827664136886597
0.8137977034125013 -0.5022219310341026 -0.292414825049818 -4.803831577301025 -0.29619808407929793 0.07446456786510902 -0.9522193671210515 -22.06049346923828 0.49999999290829167 0.8615266450441563 -0.08815807944067644 -1.0734978914260864
0.8137976985735472 -0.5085551508332192 -0.2812560476814669 -4.802311897277832 -0.2961981174037901 0.05342430187309832 -0.9536312281043562 -21.95511245727539 0.4999999810428482 0.8593704105508717 -0.10715650436057422 -1.0675342082977295
0.8137976688306624 -0.513943061805119 -0.27128561227635967 -4.800480842590332 -0.29619814149779744 0.03481806361968509 -0.9544916780250242 -21.846391677856445 0.5000000151790303 0.8571173966663815 -0.12389412073546646 -1.062219500541687
0.8137977793162879 -0.5184058270894694 -0.26265675856440807 -4.798656940460205 -0.29619815350775414 0.01885806584862093 -0.9549403265183883 -21.734325408935547 0.4999998282384459 0.854926763993345 -0.13820419664175282 -1.0567611455917358
0.8137976671965088 -0.5219674103247647 -0.2555061240447647 -4.796820163726807 -0.29619812515607435 0.005730128255775402 -0.955109332110308 -21.618900299072266 0.5000000275195458 0.8529461812969391 -0.14994260332347992 -1.0511587858200073
0.8137976934933883 -0.5246502424539131 -0.24995086948816855 -4.794655799865723 -0.29619810523610457 -0.004408980220946268 -0.9551163506861103 -21.50006866455078 0.49999999651938276 0.8513064571506911 -0.15898842566097593 -1.046102523803711
0.8137976922935823 -0.5264721210628267 -0.2460902715696994 -4.792380332946777 -0.2961981415320921 -0.011424795180736469 -0.9550581840956147 -21.37782859802246 0.4999999769705742 0.8501156273111834 -0.16523753578027806 -1.0410665273666382
0.8137978241407235 -0.5274420252833549 -0.24400412166358287 -4.790047645568848 -0.2961981149738414 -0.015205668268428785 -0.9550054786955168 -21.252178192138672 0.4999997781097175 0.8494549414874829 -0.1686016733983679 -1.0359076261520386
0.8137977048941721 -0.5275578547594137 -0.24375398538408222 -4.787606239318848 -0.29619808297148875 -0.015658395293267957 -0.954998172930637 -21.135507583618164 0.4999999911529931 0.8493747844965055 -0.16900439138827655 -1.0317355394363403
0.8137977030143833 -0.5268021787762509 -0.24538289061201654 -4.785308837890625 -0.29619811072750524 -0.012707576049167446 -0.9550419868845618 -21.0278263092041 0.49999997776996996 0.8498929238130825 -0.16637920628035197 -1.0280022621154785
0.8137976683942368 -0.5251428563721403 -0.24891431320318563 -4.783209323883057 -0.29619810871282526 -0.006295107730426297 -0.9551057805361708 -20.92912483215332 0.5000000353110481 0.8509908060725287 -0.16066926485479016 -1.0245968103408813
0.8137977320254122 -0.5225309032396972 -0.25435154119800746 -4.781252384185791 -0.29619806459186404 0.003618638839533672 -0.955119684639042 -20.839399337768555 0.4999999578823277 0.8526126674008867 -0.15182780214840536 -1.0216485261917114
0.8137977027079798 -0.5189017455256927 -0.26167590175177313 -4.779377460479736 -0.2961980940056097 0.01705223060555816 -0.9549742983655731 -20.758642196655273 0.4999999881746582 0.8546637935011427 -0.13982064190804416 -1.0193105936050415
0.8137976983583672 -0.5141757926966123 -0.27084416248358445 -4.777767181396484 -0.2961981024569862 0.03399843215579196 -0.9545212363859847 -20.686952590942383 0.4999999902475045 0.8570107121942867 -0.12463004828987673 -1.017253041267395
0.8137976669019229 -0.5082619820733791 -0.2817855832434063 -4.776447772979736 -0.29619815334359784 0.05441748304314076 -0.953575058133911 -20.624324798583984 0.500000011300829 0.8594815269207879 -0.10626143976570884 -1.015476942062378
0.817217248904062 -0.4951163887051642 -0.2949842872582087 -4.775469779968262 -0.2974427734603345 0.07606799076892912 -0.9517045010383226 -20.571048736572266 0.49364335770868095 0.8654902786374524 -0.08510471769628525 -1.0138262510299683
0.8220020624846112 -0.47800099129688267 -0.30956043285640233 -4.774832725524902 -0.2991842589234279 0.10004772564422587 -0.9489358417753315 -20.526987075805664 0.48456309030247535 0.8726428278010514 -0.060770935519373626 -1.0123944282531738
0.8276317972763421 -0.45759512245329226 -0.32501124910391727 -4.774553298950195 -0.3012333351640961 0.1264587319389739 -0.9451278574363906 -20.49211883544922 0.4735864080852062 0.88012208983944 -0.03318163729548812 -1.0112048387527466
0.8341776554465025 -0.43354125912238867 -0.34086597922402023 -4.774630069732666 -0.3036158553238963 0.15496007564756142 -0.940108923131379 -20.46649169921875 0.4603966241728052 0.8877101731949882 -0.002365767615147507 -1.010297179222107
0.8416920300843438 -0.4054936751401616 -0.3565521082728597 -4.775096416473389 -0.30635082176204403 0.1851425136835077 -0.9337405547756145 -20.450157165527344 0.44463884276816873 0.8951520144915482 0.03160965759869011 -1.009637713432312
0.8565846587618141 -0.3776607685825529 -0.3516177843163536 -4.775030612945557 -0.29129346164613806 0.20855081687374866 -0.9336244833890669 -20.444171905517578 0.425923516110717 0.9021523710853546 0.06863131769794473 -1.0114421844482422
0.8768625390647191 -0.35061872427276897 -0.32890515011825294 -4.77418327331543 -0.2607507864740367 0.22790965208688935 -0.9381184455274316 -20.430925369262695 0.4038825509206182 0.9083631986573264 0.10842132809961863 -1.014986276626587
0.8972322413696548 -0.32197694219253997 -0.30216742667456226 -4.773291110992432 -0.22762579395164656 0.24911738050135168 -0.941343204500902 -20.40968132019043 0.3783659643449285 0.913384573675561 0.15022588857066455 -1.018656849861145
0.917012667536873 -0.29222652270993965 -0.27146164922833155 -4.772409439086914 -0.19244759611972148 0.2719651987555721 -0.9428673572743851 -20.38046646118164 0.34935897057990245 0.9168634522603132 0.19315724057008987 -1.0223876237869263
0.9355627351017441 -0.26187011287564566 -0.23695234261648598 -4.771579265594482 -0.15576204466047697 0.2961954262887771 -0.9423409440795817 -20.34330940246582 0.316955129524877 0.9185272524144869 0.23631997892637485 -1.0261101722717285
0.9523035620674732 -0.23140971512014127 -0.1989157344747211 -4.770832538604736 -0.11811976177739816 0.3214996970396735 -0.9395135266088772 -20.29825210571289 0.28136390591412647 0.9181979571701375 0.2788312462715278 -1.0297561883926392
0.9667387376746306 -0.20133201257772346 -0.15773913208416518 -4.770186424255371 -0.0800622784046636 0.34752503296086923 -0.9342464252231322 -20.245336532592773 0.24291201011048513 0.9158011641054791 0.31984681203215604 -1.0332573652267456
