1.0000000000000002 -0.0 0.0 55.37464141845703 0.0 0.7178450002667984 0.6962029557477908 -26.44031524658203 -0.0 -0.6962029557477908 0.7178450002667984 -0.9904650449752808
0.9998069137872166 0.016469420131346005 0.010718831271082217 55.461814880371094 -0.01923680037475208 0.7090121790185917 0.7049338093144986 -26.359899520874023 0.004010069154348005 -0.7050038923324078 0.7091920974894825 -0.9215728640556335
0.9991351734250161 0.034592794442535796 0.023070409567655274 55.45050048828125 -0.04068569686471893 0.6988934516748667 0.7140676559518873 -26.239547729492188 0.008577837466115543 -0.7143887469568981 0.6996964619931686 -0.8790765404701233
0.997861024856322 0.05399272690104084 0.03685322936298013 55.4008674621582 -0.06391523596139309 0.6875076099174776 0.7233589212262175 -26.13121795654297 0.01371924504811559 -0.724167157324431 0.6894880061088537 -0.8568188548088074
0.9958875345093348 0.0742942923297198 0.0518495586880425 55.346004486083984 -0.08848934191545137 0.6749017570333301 0.7325825924226524 -26.034852981567383 0.01943334701714987 -0.7341580051191637 0.6787004998842723 -0.8418639898300171
0.9931515415786434 0.09513087697338694 0.06782427077557672 55.293025970458984 -0.11397149189234947 0.6611596527399904 0.7415378699868048 -25.94802474975586 0.025700476567498753 -0.744189512043142 0.6674739363220064 -0.830615222454071
0.9896290039268603 0.11614710814209805 0.08452386560586181 55.24384689331055 -0.13992676300975893 0.646406015990097 0.7500531737719804 -25.86985206604004 0.03247977186405057 -0.7541015261634456 0.6559542306118781 -0.8219048976898193
0.9853383085065744 0.1370034356395204 0.10167829863038826 55.19930648803711 -0.16592675449728111 0.6308068780769561 0.7579914212659685 -25.799928665161133 0.039708058771509055 -0.7637491349872495 0.6442907176693037 -0.8149816989898682
0.9803418119179611 0.1573799253216649 0.11900206263404188 55.15976333618164 -0.19155315516222482 0.6145697204693534 0.7652525383359519 -25.73805046081543 0.047300322967247 -0.7730042805754493 0.6326350145694011 -0.8096539378166199
0.9747454551556095 0.1769789975782209 0.1361974011121051 55.12551498413086 -0.21640199249116598 0.5979424401241137 0.7717739409595752 -25.684049606323242 0.05514957206848384 -0.7817565303306577 0.6211402836606513 -0.8055968880653381
0.9686968162990471 0.1955275747933735 0.15295569812044213 55.0963134765625 -0.24008570477656702 0.5812093185685175 0.7775310812893967 -25.6380558013916 0.06312948957523104 -0.7899143596014324 0.6099589920981816 -0.8021819591522217
0.9623811352509003 0.21277768276874268 0.16896215028447223 55.072479248046875 -0.2622364294632312 0.5646853049365073 0.7825359809306787 -25.599863052368164 0.07109574934947965 -0.7974058967077733 0.5992405446230319 -0.799747884273529
0.9560159614690638 0.22850679198908713 0.18389705661385045 55.053611755371094 -0.2825064302185409 0.5487127129608604 0.7868319232976692 -25.569650650024414 0.078889785787251 -0.8041759786576496 0.5891327499371031 -0.7977410554885864
0.9498441944990047 0.24251524190193932 0.19743951889573977 55.03947067260742 -0.30056801092863333 0.5336526808471904 0.7904895236693602 -25.547502517700195 0.08634162948973265 -0.810185888342824 0.5797792246598762 -0.7958770394325256
0.9441265097617251 0.2546215175361548 0.20926781016852233 55.03009033203125 -0.3161093825615534 0.5198787484639352 0.7935999906452404 -25.53335952758789 0.09327374669056962 -0.8154103075772086 0.5713195589817887 -0.7942248582839966
0.9391310410335587 0.26465819128503953 0.2190637568219716 55.02559280395508 -0.32883387161904754 0.5077684741775039 0.7962659489815433 -25.527090072631836 0.09950463629023654 -0.8198336528937937 0.5638897134542948 -0.7929888963699341
0.9351244415194385 0.272462732147498 0.2265090251263271 55.018959045410156 -0.3384493563391919 0.4976970607089435 0.7985923045930664 -25.51646614074707 0.10485376515197259 -0.8234450165933357 0.5576235222630551 -0.7923284769058228
0.9340787086070537 0.2754051502374966 0.22726409604167924 55.01001739501953 -0.3399768207256358 0.49141739164265325 0.8018258592490146 -25.501266479492188 0.10914544193995719 -0.8262329879723962 0.5526538899618263 -0.7928655743598938
0.9337576371828286 0.2768854647116435 0.22678429053653373 54.99896240234375 -0.33985994287935245 0.48729162620595234 0.8043892653781515 -25.48170280456543 0.11221360981977627 -0.8281795158424146 0.5491145557260702 -0.7937945127487183
0.9335765198382433 0.27770239436648503 0.2265309289475397 54.985877990722656 -0.3397940404461536 0.4849947745749975 0.8058039952198209 -25.457807540893555 0.11390738204344716 -0.8292535491621779 0.5471413524108186 -0.7949041724205017
0.9335561076052834 0.2777817441991734 0.2265177620906082 54.97128677368164 -0.3397866244719942 0.4846948401582504 0.8059875692303797 -25.429298400878906 0.11409664229415495 -0.8294023236726753 0.5468763495558813 -0.7963610887527466
0.9374787053063318 0.2715930570135044 0.21764854348059193 54.95521926879883 -0.32928371304388665 0.4895943411834051 0.8073844297515397 -25.395612716674805 0.1127205102064175 -0.8285738304238476 0.5484154393482719 -0.7995812892913818
0.9428953091928146 0.26231158274763294 0.20528290103809904 54.93718719482422 -0.3144327075225038 0.49758664387609286 0.8084179638505034 -25.35735321044922 0.10991136584654841 -0.8268011643633297 0.5516514536056152 -0.803587019443512
0.9494197812604459 0.25012896491351105 0.189835665412648 54.9189453125 -0.29562677792431374 0.5081858401171976 0.8089202433358106 -25.313800811767578 0.105862586051238 -0.824125386586091 0.5564265091266506 -0.8082006573677063
0.956646763295188 0.23523108880592716 0.1717361497647435 54.899803161621094 -0.27325946474109275 0.5208857761994307 0.8087071615130709 -25.265344619750977 0.10077814845616034 -0.820575616876528 0.5625828132652592 -0.8134253025054932
0.9641724379136342 0.21781182914512984 0.1514249551828633 54.88148498535156 -0.24773359133365583 0.5351736906939903 0.8075996461823782 -25.211454391479492 0.09486610402355844 -0.8161783676828405 0.5699590287327374 -0.8185400366783142
0.9716116201285347 0.19808620152504652 0.12935500143629095 54.86334991455078 -0.21947303228441778 0.550541653913654 0.8054411681841831 -25.15244483947754 0.08833146512476231 -0.8109659327440317 0.5783872476096925 -0.8236809968948364
0.9786135213306119 0.17630109937571134 0.10598819853085367 54.84906005859375 -0.18892959963220893 0.5665010072257073 0.8021110990349606 -25.087526321411133 0.08137064735955676 -0.8049810750391432 0.5876940416382592 -0.827014148235321
0.9848763033853353 0.15273908630686597 0.08178898791512791 54.837215423583984 -0.15658278213746493 0.5825941233301812 0.7975374096550135 -25.01748275756836 0.0741653515337747 -0.7982824431085037 0.5976994576345124 -0.8288446068763733
0.9901576825306112 0.12772383223272402 0.05722225445922288 54.82950973510742 -0.12294355884073856 0.5984026499517225 0.7917064796187597 -24.942195892333984 0.0668778368757763 -0.790949360711887 0.6082158035798428 -0.8281604051589966
0.9942844840897263 0.10161808884139152 0.03274337671422785 54.82991027832031 -0.08854760386840925 0.6135605646903106 0.7846672895604037 -24.86237907409668 0.059646345634833786 -0.7830818587332553 0.6190517877974989 -0.8222790360450745
0.9971582067545806 0.07482109039042946 0.008792902522852197 54.83660888671875 -0.05395100321594547 0.6277600145455586 0.7765350303687227 -24.779020309448242 0.05258136508290972 -0.7748026642768772 0.6300127232647532 -0.8119146823883057
0.9987575238063243 0.04776509788673858 -0.014209294990580861 54.850101470947266 -0.01972483508910319 0.6407570510545799 0.7674902816352437 -24.692760467529297 0.04576395438515719 -0.766256417231013 0.6409030843515457 -0.7965453863143921
0.9991377000759494 0.02090655170271665 -0.035871609705221116 54.87088394165039 0.013555327721533972 0.6523762018907971 0.7577740720669319 -24.60438346862793 0.03924422731184665 -0.7576068949675943 0.6515302627815968 -0.7756133675575256
0.9984262095815615 -0.005279442604131202 -0.055832172681934224 54.89915084838867 0.04531384545133338 0.6625058732714852 0.7476848422237802 -24.51486587524414 0.033041783108789864 -0.7490381134271981 0.6617024597222042 -0.7490929961204529
0.9968152328588078 -0.030308221941770623 -0.0737618005702753 54.932029724121094 0.07498281258194187 0.6710992482019458 0.7375658457928246 -24.423152923583984 0.027147179557774914 -0.7407477375905455 0.6712345490933451 -0.7188403010368347
0.9945508522635079 -0.05369190358178741 -0.0893632013285875 54.96931457519531 0.10200602470079792 0.6781640063332994 0.7277969163432259 -24.32925796508789 0.021526104772341438 -0.7329466283459747 0.6799454881162148 -0.6849389672279358
0.9919193739762346 -0.07494665451302987 -0.10236676466460941 55.010746002197266 0.12584113152937848 0.683753396480442 0.7187804271242126 -24.23314666748047 0.016123434683734367 -0.7258541807958154 0.6876596127992651 -0.6475366353988647
0.9892308968224014 -0.09359740372762446 -0.11252448083592895 55.05631637573242 0.1459591396628752 0.6879509178637704 0.7109285928694027 -24.13487434387207 0.010870249344912125 -0.7196965059147111 0.6942036999709347 -0.6067785620689392
0.9868004220171807 -0.10918211005952805 -0.11960014192994646 55.10484313964844 0.16184108442839173 0.6908537281241786 0.704647848026208 -24.03363037109375 0.005691265040077373 -0.7147030104734922 0.699404901557296 -0.5634002685546875
0.9849265108017371 -0.12125385811194792 -0.12335830013778287 55.155784606933594 0.17297254839321866 0.6925536478255481 0.700321313673861 -23.92892837524414 0.0005155795489970236 -0.7111026274571725 0.7030880367359655 -0.5179027915000916
0.9838412686208918 -0.12948786104500704 -0.12364971492253006 55.208152770996094 0.17898101475579575 0.6931347075959916 0.6982335379246722 -23.819826126098633 -0.004706858338598005 -0.7090819211965624 0.7051103988148042 -0.47132688760757446
0.9836043079967474 -0.13399516318107857 -0.12069739655152374 55.26000213623047 0.18006441300836645 0.6927186709466396 0.6983678472623677 -23.704233169555664 -0.009968573528448446 -0.7086509289953674 0.7054888293770573 -0.42674437165260315
0.9841733730015358 -0.1350043032328476 -0.11478941581606353 55.31708908081055 0.1765535113996984 0.6913792507898855 0.7005880310065631 -23.583492279052734 -0.015219378673795053 -0.7097665599940799 0.7042725330629853 -0.38868772983551025
0.9854448089081963 -0.132754740830642 -0.10618242501881872 55.39448165893555 0.1687696476846651 0.6891316215598674 0.7047087442246345 -23.466171264648438 -0.02037975996625093 -0.7123719442491094 0.7015061499591156 -0.36161375045776367
0.9872686717416337 -0.12749382977874194 -0.09510990046183382 55.494110107421875 0.1570291720259603 0.6859422924274978 0.7105103873921554 -23.359195709228516 -0.02534578723086204 -0.7163996753402799 0.6972295864648814 -0.34153318405151367
0.989462601002838 -0.1194741820298066 -0.08179047038015916 55.60915756225586 0.14164824132199544 0.6817429928535929 0.7177480528886248 -23.261260986328125 -0.02999228145848197 -0.7217703315621494 0.6914825026922811 -0.3235424757003784
0.9918242558091472 -0.10895591304872669 -0.06643233098687515 55.7336311340332 0.12294812173686605 0.6764419443400365 0.7261611772181489 -23.16794204711914 -0.03418193894453895 -0.7283919995093229 0.6843074529046154 -0.3049798607826233
0.9941429323236832 -0.09620336165623923 -0.04924168271807038 55.86432647705078 0.10125932841802064 0.6699326550903572 0.7354840488086166 -23.07556915283203 -0.037767426695496605 -0.7361624486820982 0.6757503019837853 -0.28545042872428894
0.9962099369243644 -0.08148633544757439 -0.03042595452042538 55.999149322509766 0.07692525726772514 0.6621066671882243 0.7454510487343861 -22.98128318786621 -0.040598846873376955 -0.7449662666189839 0.6658655984748911 -0.2651861608028412
0.9978280670994321 -0.06507778953240688 -0.010199500879312772 56.13705825805664 0.050304722092727426 0.6528587611683009 0.7558074310966815 -22.883548736572266 -0.042527443419335814 -0.7546789511278073 0.6547145158623322 -0.24433410167694092
0.9988200290698607 -0.04725239163486516 0.01121432181045066 56.2761116027832 0.02177274681985581 0.6420992998747714 0.7663122317934428 -22.779693603515625 -0.043410793874352066 -0.7651638390469808 0.6423704557263549 -0.22318725287914276
0.9990357432636601 -0.028283629840462454 0.0335800530772932 56.41532897949219 -0.008279424206631943 0.6297567656990029 0.7767482650068409 -22.668642044067383 -0.04311652602463194 -0.7762773037641759 0.6289153463258694 -0.20188964903354645
0.998358367369531 -0.008441416474668562 0.056650796915366036 56.55311584472656 -0.039446628519785955 0.6157854805917462 0.7869257940815094 -22.548818588256836 -0.04152750656693538 -0.7878686339614577 0.6144416016335807 -0.18069030344486237
0.9967091024351675 0.012009923796461392 0.08016686880056159 56.68678283691406 -0.07131062088213319 0.6001696474772679 0.7966876361513445 -22.41788101196289 -0.03854556358762882 -0.7997825679379463 0.5990509857685712 -0.15997985005378723
0.9940504808953051 0.03281789964301066 0.1038586871418748 56.81159210205078 -0.10344694235606425 0.5829261440281381 0.8059130478691032 -22.27245330810547 -0.03409357049347678 -0.8118621164160251 0.5828529251702343 -0.14040404558181763
0.9903884748013434 0.05374277631527234 0.12744560790625703 56.91879653930664 -0.13542538629072015 0.5641059713782749 0.8145209744404267 -22.108245849609375 -0.028118209912404372 -0.8239515562515187 0.5659621888624915 -0.12311340123414993
0.9857725858733879 0.07456462168594447 0.1506403867936026 56.996883392333984 -0.16681856827499147 0.543796924943297 0.8224697378632823 -21.923198699951172 -0.020590634258716364 -0.8358977339453949 0.5484988643249662 -0.11012572795152664
0.9802950189303873 0.0950825742697329 0.17315016584026793 57.04661560058594 -0.19720347302633348 0.5221197175926089 0.8297600802204012 -21.723644256591797 -0.011509391236018268 -0.8475554876061243 0.5305819723116506 -0.10414306074380875
0.9740878256608677 0.11512134092828938 0.19467918420354002 57.074363708496094 -0.2261683012666785 0.49922984059373865 0.8364313873611484 -21.515226364135742 -0.0008985551893275351 -0.8587878918124214 0.5123305080462697 -0.10754333436489105
0.9673189213385162 0.1345322844175384 0.2149306140825174 57.08953857421875 -0.2533156640725357 0.4753113388279582 0.8425617517529881 -21.30150604248047 0.011192799291495803 -0.869471216102622 0.4938567865414505 -0.12254699319601059
0.9601733956366353 0.153210702649476 0.23365258591607208 57.1030158996582 -0.27831263553584507 0.45058172080189296 0.848244180516611 -21.084619522094727 0.024680502683403036 -0.8794899621217169 0.4752770553208262 -0.15152648091316223
0.9527974883156483 0.17113943523263653 0.2507752778238845 57.12956237792969 -0.30103700549358453 0.42529892593120766 0.8535206763314037 -20.867877960205078 0.039416590198136134 -0.8887249953219586 0.4567430515148937 -0.1991778463125229
0.9453207236679072 0.1883308890299073 0.2662709252644553 57.18393325805664 -0.32143177249103677 0.3997356028579416 0.8584247570061504 -20.65445327758789 0.05522992881812151 -0.8970746479780837 0.43841388084519234 -0.26745665073394775
0.9378668816715896 0.20480841912364445 0.2801057366775669 57.27018737792969 -0.3394555059532909 0.3741702603409261 0.8629985954533176 -20.44913101196289 0.07194214162508746 -0.9044612361690673 0.42044524081730156 -0.35261473059654236
0.9359325198839679 0.21518292810756046 0.2787949527425181 57.379920959472656 -0.34065154792224905 0.352256096162001 0.8717064675766052 -20.249073028564453 0.08936912846068315 -0.9108303630027733 0.4029903332716733 -0.4476403594017029
0.9342649375149443 0.22578787173334447 0.27598707127023975 57.50825500488281 -0.3400445847452418 0.3311905956026607 0.8801604795546043 -20.049840927124023 0.10732523894980929 -0.9161509844793498 0.386197704190334 -0.5416766405105591
0.9322481973965773 0.2371528539828862 0.2732614541032163 57.64747619628906 -0.3393105816102868 0.3108021350170603 0.8878459112234093 -19.843975067138672 0.12562494839052168 -0.9204132532273798 0.3702132029321346 -0.6262750029563904
0.9298870956536491 0.24913367610375467 0.27063333269915374 57.79132080078125 -0.3384511901005429 0.2912809186930209 0.8947660131704132 -19.62538719177246 0.14408602033628215 -0.9236275428095349 0.35517795667421886 -0.6928961277008057
0.9271977522823615 0.2615871877232038 0.2680978764958833 57.930599212646484 -0.3374723426031472 0.2728141754036564 0.9009355380252058 -19.38810920715332 0.16253229260820934 -0.9258210242362659 0.34123113126095495 -0.727520763874054
0.924207100038769 0.27437425915515556 0.2656313275029667 58.05453109741211 -0.33638385600810594 0.2555842281879627 0.9063788411689018 -19.13155746459961 0.18079584523723616 -0.9270358505552108 0.3285078296332226 -0.7185870409011841
0.9209519635376174 0.2873628909856777 0.26319203966032195 58.1666145324707 -0.33519906631693785 0.23976969425438588 0.9111268186467851 -18.863874435424805 0.1987185617813798 -0.9273257586207297 0.3171401434729261 -0.6786901950836182
0.917477431736401 0.300432245763303 0.26072136076661656 58.26604461669922 -0.3339344646616446 0.2255467987471685 0.9152138629227845 -18.600379943847656 0.21615488790568393 -0.9267519124774023 0.3072587788069833 -0.6183013916015625
0.9138353684992576 0.31347372221210823 0.25814558830689366 58.35960006713867 -0.332608831305951 0.213088672544136 0.9186754502927938 -18.34233856201172 0.2329727121727257 -0.9253796210830796 0.29899209398748383 -0.5491399765014648
0.9100822439142782 0.32639370711163834 0.25537708838083806 58.4526252746582 -0.33124284214779914 0.20256778106091772 0.9215446129200171 -18.08969497680664 0.24905519235262 -0.9232732217680626 0.2924689199354716 -0.4796990752220154
0.906277084417016 0.3391140287138606 0.2523163129685595 58.549461364746094 -0.32985786693057556 0.1941538802429263 0.9238495864644993 -17.84239959716797 0.26430216398017603 -0.9204922304485088 0.2878166426725977 -0.41644591093063354
0.9024791888718597 0.35157255151677225 0.24885348033165408 58.6552734375 -0.32847554027210657 0.18801538090298087 0.9256100885291035 -17.601238250732422 0.278630818640254 -0.9170861233078896 0.28516295225707067 -0.36683225631713867
0.8987457828752777 0.36372369184492087 0.2448695443590419 58.772430419921875 -0.3271167001603044 0.18431950982302714 0.9268338485267098 -17.368650436401367 0.29197719472612454 -0.9130889301099316 0.284636476001518 -0.3301183879375458
0.8951298306932669 0.37553773473801294 0.24023737425905486 58.9018440246582 -0.3258005934280129 0.18323217810670683 0.9275127720027508 -17.147037506103516 0.30429682799036545 -0.9085138296658527 0.2863670053984713 -0.3033953905105591
0.8916777609992685 0.38699969605031626 0.23482335019391526 59.045223236083984 -0.32454415882416465 0.1849152723824678 0.9276192273841855 -16.939329147338867 0.3155659352852375 -0.9033479823947583 0.290483326872426 -0.28474608063697815
0.8884273692014297 0.3981084232626081 0.22848740223737946 59.205989837646484 -0.3233610874146988 0.18952569116919216 0.9271017309512603 -16.750804901123047 0.3257827754805484 -0.8975464866591588 0.29711258385667627 -0.2725933790206909
0.891243729144437 0.40513696603491445 0.20383486947218396 59.3845100402832 -0.3057237877312343 0.2047164834782068 0.9298516693578522 -16.58576202392578 0.33498892649755585 -0.8910416377164099 0.30631228995858695 -0.26648804545402527
0.8944628644373743 0.41089959917758534 0.17634540974515608 59.57894515991211 -0.2864658649472911 0.2237809654452484 0.9315897099712904 -16.448579788208008 0.34332709238055725 -0.8837893407934339 0.31787247244362016 -0.2620013356208801
0.8978910266598402 0.41520660409273275 0.14627091358680533 59.78473663330078 -0.2657421865086205 0.24632740012460663 0.9320428650322201 -16.339445114135742 0.3509598190012006 -0.8757432773739302 0.33151307301675426 -0.25799131393432617
0.9013386419028679 0.41787346261081915 0.11388775991447635 59.99701690673828 -0.24370629612837713 0.27194602694798004 0.9309417810231723 -16.256824493408203 0.3580445416984887 -0.8668489647411782 0.34695385642339577 -0.25407469272613525
0.9046243939538192 0.418729690537666 0.07949938443734059 60.2103385925293 -0.2205151723160384 0.3002060201177312 0.9280352386970553 -16.19328498840332 0.36472971450392344 -0.8570541358323306 0.3639099388730454 -0.24987365305423737
0.9075792544762884 0.41762830542499085 0.043433804255615716 60.42223358154297 -0.19633257994761874 0.3306614058611904 0.9231015939348243 -16.144681930541992 0.371151471633047 -0.8463153272756861 0.3820954748788211 -0.24499328434467316
0.910049928757775 0.41445461940914224 0.00604116035144267 60.6312370300293 -0.17133044518487311 0.36285225582768704 0.915960762802377 -16.107770919799805 0.37743212067962895 -0.8346050616256663 0.40122236401788 -0.23893554508686066
0.911903030604697 0.409131741495951 -0.03231224031941951 60.836429595947266 -0.145689203515286 0.39631460944343827 0.9064818731341389 -16.080535888671875 0.38367632029231513 -0.8219160227433127 0.42100657097575517 -0.23043639957904816
0.9130275903031169 0.40162743712974946 -0.07124620052938371 61.037010192871094 -0.11959884591230749 0.4305815373849081 0.8945924523042286 -16.059246063232422 0.38997017245134036 -0.8082666276717345 0.4411670014749899 -0.2188391089439392
0.9133378576468515 0.3919581388758263 -0.11037560943459274 61.232704162597656 -0.09325644712736386 0.46519359533564597 0.8802829965004868 -16.04341697692871 0.3963801115826076 -0.7937025489613181 0.4614315452091088 -0.20373961329460144
0.9127758412923236 0.38019050075933347 -0.14931659882765316 61.4232292175293 -0.06686409853992689 0.49970566325052 0.8636107007453073 -16.030214309692383 0.4029509348289616 -0.778299064144192 0.48154035227874814 -0.18575377762317657
0.9113125667127191 0.36644244092337275 -0.1876948141041635 61.60832977294922 -0.040625264630570174 0.5336944894002638 0.8447010002702068 -16.013124465942383 0.4097059843658281 -0.762161485168276 0.5012493161101725 -0.16654051840305328
0.908948710997532 0.35088282469096044 -0.22515213548358431 61.78642272949219 -0.014743231574295274 0.5667674979195401 0.8237458591245065 -15.978439331054688 0.41664718635636105 -0.745423266767893 0.5203357334091239 -0.15056395530700684
0.905714946315047 0.3337279823504419 -0.2613542994056821 61.95417022705078 0.01058387466216884 0.5985688937758791 0.8010014113602149 -15.920863151550293 0.4237551387519298 -0.7282450914357226 0.5386006583556218 -0.1408831775188446
0.901670906288614 0.31523867941042494 -0.2959968779501581 62.11083984375 0.03516578966329606 0.6287853670395789 0.7767833220623748 -15.847609519958496 0.43099065417944543 -0.7108118859448493 0.5558718546657136 -0.13786010444164276
0.8969038893079855 0.2957141910500135 -0.3288107822986418 62.26247024536133 0.05882386930650743 0.657150926608521 0.7514601866082946 -15.775615692138672 0.4382957514555892 -0.6933294865135899 0.5720061690111236 -0.1396472156047821
0.89152664085941 0.2754871018070279 -0.3595651615158244 62.41276168823242 0.0813932014193877 0.6834485001580988 0.7254469618065459 -15.71388053894043 0.4455955513698938 -0.6760214525957068 0.586889768380529 -0.14383362233638763
0.8856741650513552 0.254916224243587 -0.38807085948055675 62.56007766723633 0.10272489678941905 0.7075125077861368 0.6991949991996331 -15.65939998626709 0.45280113619577855 -0.6591234861113393 0.6004393067715064 -0.1486486792564392
0.8795008133633666 0.2343798205885228 -0.41417921120460405 62.70361328125 0.12268684701917919 0.7292259805381966 0.6731845266170322 -15.610508918762207 0.45981110998068403 -0.6428806802268965 0.6125995218161159 -0.1536138951778412
0.8731763600225759 0.21426815120209128 -0.437780999676965 62.8427619934082 0.14116404328868717 0.7485181266727132 0.6479145984809741 -15.565775871276855 0.46651447692447306 -0.6275426466964696 0.623341374687318 -0.158477783203125
0.8668690961063032 0.19493019710189327 -0.45884658489919844 62.977108001708984 0.15809063676661508 0.765401490536892 0.6238332380136776 -15.524130821228027 0.47280579605432765 -0.6133211039428862 0.6326862592752529 -0.16312682628631592
0.8606953478113432 0.17652189284062178 -0.4775390451092717 63.106571197509766 0.17354283777023835 0.7800732841054884 0.6011393805795214 -15.48540210723877 0.47862971252792463 -0.6002713492853394 0.6407713363693747 -0.16755126416683197
0.8547425522388836 0.1591230913927924 -0.49405972430239714 63.23097610473633 0.1876281751843462 0.7927641295186671 0.5799316363378554 -15.44904899597168 0.48395334203738266 -0.5883917714704304 0.6477532601205008 -0.1716894507408142
0.84908156401692 0.14279059900506497 -0.508597426735877 63.350242614746094 0.2004496562886805 0.8036834961005633 0.5602791923579938 -15.414777755737305 0.4887539595137117 -0.577670912311976 0.6537705133518324 -0.17556151747703552
0.8437678600973525 0.12755840138424898 -0.5213296965481918 63.46431350708008 0.2121051335269367 0.8130242912558838 0.5422203557220888 -15.3823823928833 0.49301846882064704 -0.5680848141467636 0.658947974682055 -0.17915038764476776
0.8388439426721327 0.11344220184086562 -0.5324206106864834 63.573211669921875 0.22268634058910858 0.8209609365800825 0.5257698491969512 -15.351950645446777 0.496741012558157 -0.5596016506864946 0.6633960800243297 -0.18245117366313934
0.834340380271463 0.10044120663376883 -0.54202185736225 63.68425750732422 0.2322789830418116 0.827651372092908 0.5109204246355676 -15.321027755737305 0.49992259789444654 -0.552181827193434 0.6672125791918105 -0.1856725960969925
0.831707211796756 0.08698343799803163 -0.5483584551726257 63.7974853515625 0.24137750920918868 0.8327848074236358 0.4982031338443645 -15.28999137878418 0.500000011893234 -0.5467205374214694 0.6716372846025938 -0.18873779475688934
0.8292777601961526 0.07490409502080622 -0.5537939806400627 63.91288757324219 0.24959648930415926 0.8369974893979912 0.4869669344714259 -15.258501052856445 0.49999998897109066 -0.542055882073586 0.6754076041460708 -0.19170531630516052
0.8270191910100376 0.06418923662875452 -0.5584970900569858 64.03048706054688 0.2569810564271801 0.8404225370012628 0.47712754682362635 -15.226541519165039 0.4999999943386736 -0.5381168099970294 0.678550148817276 -0.19454406201839447
0.8249380197564045 0.05477107730309072 -0.5625632343580951 64.15032196044922 0.2635857642857952 0.8431647945198202 0.46861036496029684 -15.194225311279297 0.49999980842621866 -0.5348581665950407 0.6811218196478046 -0.19713622331619263
0.8230366771097685 0.0465772271047528 -0.5660752512231416 64.27235412597656 0.26946350673847363 0.8453157078898478 0.4613358565415115 -15.161351203918457 0.5000000466683131 -0.5322329526719647 0.683174968380551 -0.19967345893383026
0.821315371159834 0.03953130062526228 -0.5691030990668208 64.39678192138672 0.2746653411737672 0.8469546309907499 0.45522170796351646 -15.127961158752441 0.5000000114544824 -0.5301934829043056 0.6847589789344275 -0.20187987387180328
0.8197709858171865 0.03355371015015701 -0.5717076869760256 64.52360534667969 0.2792410135155649 0.8481514830456868 0.45018165020156276 -15.093978881835938 0.499999987183118 -0.5286900891283677 0.6859204053491341 -0.20395995676517487
0.8183982948317016 0.02856314117371242 -0.5739410927811791 64.65282440185547 0.283238731774311 0.848967319306736 0.4461281335804935 -15.059365272521973 0.5000000518394406 -0.5276728510312287 0.6867032186069405 -0.20576171576976776
0.8171901552389358 0.024475874221194488 -0.5758482280615894 64.784423828125 0.28670616967525564 0.8494559362768542 0.44297199075579985 -15.02410888671875 0.499999822450676 -0.5270915896740539 0.6871496442873061 -0.20723509788513184
0.8161371193060512 0.0212067158936195 -0.5774690274740526 64.91844177246094 0.2896898196051382 0.849666135407629 0.4406214551728132 -14.98814868927002 0.5000000109079632 -0.5268944235256929 0.6873007024218474 -0.20842711627483368
0.8152289052979145 0.01866963956329648 -0.578837867217877 65.05484008789062 0.29223593453875524 0.8496408228235298 0.4389859117967405 -14.951409339904785 0.4999999905310243 -0.5270312293880998 0.6871958183215638 -0.20905333757400513
0.814453455452687 0.01677776551659696 -0.5799862718077453 65.19361877441406 0.29439016327962964 0.84941974102101 0.4379732130256291 -14.913825035095215 0.5000000006653709 -0.5274510500018652 0.6868736340743898 -0.20915526151657104
0.8137978075969379 0.015442691928091723 -0.5809428987572111 65.33477020263672 0.2961981118659036 0.8490400368297801 0.4374902220474867 -14.875307083129883 0.4999998068774535 -0.528102773261133 0.6863728243428708 -0.20851744711399078
0.814995118511338 0.01488129266875629 -0.5792767075683234 65.47756958007812 0.29663391755554436 0.8480431098952885 0.4391254976823574 -14.834101676940918 0.497786375625469 -0.5297182561396524 0.6867366987092105 -0.2069598287343979
0.816271390704744 0.014357431203250365 -0.5774901565275269 65.62207794189453 0.2970983967765696 0.8469077818135413 0.4409985847329439 -14.78972053527832 0.4954125143249165 -0.5315459277173624 0.6870410230672936 -0.204986572265625
0.8176099313405885 0.013866069996186864 -0.5756055353070358 65.76774597167969 0.2975856193316352 0.8456534561381281 0.443072264183447 -14.740517616271973 0.49290648133316883 -0.5335522132130088 0.6872883211835151 -0.20264464616775513
0.8189945921883715 0.013402775429654068 -0.5736446840832621 65.9128646850586 0.2980896640777626 0.8442993883563414 0.44531011103624685 -14.682353973388672 0.490296247320138 -0.5357041239638632 0.687481404426258 -0.20038451254367828
0.8204096370511335 0.01296341433171952 -0.5716292306403618 66.05626678466797 0.2986045977173315 0.8428652239080995 0.44767567339360786 -14.61396598815918 0.4876098047165359 -0.5379685531843045 0.6876238173078999 -0.19884642958641052
0.8218390264493849 0.012545059289759075 -0.569581632509462 66.19678497314453 0.29912491273524083 0.8413705721083311 0.45013314360446105 -14.534573554992676 0.48487617098168684 -0.5403130406324802 0.6877186320993651 -0.1985308825969696
0.8232676175819453 0.012144636142404824 -0.5675235128643716 66.33366394042969 0.29964483660628416 0.8398359009821783 0.45264625406231546 -14.444300651550293 0.4821238448118297 -0.5427044934717434 0.6877706238488508 -0.19980163872241974
0.8246804174682005 0.011759923315197318 -0.5654767132677482 66.46696472167969 0.30015906586143026 0.8382816467607803 0.45517954247222914 -14.344353675842285 0.4793816269170815 -0.5451106171298217 0.6877846108097192 -0.20276427268981934
0.8260625955321899 0.011389727216550655 -0.5634632750912473 66.59691619873047 0.3006621626393271 0.836728763992426 0.45769775995164114 -14.235897064208984 0.47667898235569905 -0.5474990864116942 0.6877658745232244 -0.207427978515625
0.8274000433190771 0.011032906039483953 -0.5615046244688583 66.7225341796875 0.3011488698164212 0.8351986252599928 0.4601658555044156 -14.11871337890625 0.4740448570798778 -0.5498377318338042 0.6877208315355702 -0.2142651379108429
0.8286788076544521 0.010688157205046761 -0.5596223700317525 66.84285736083984 0.3016143683893645 0.8337133663267295 0.46254815488685874 -14.001835823059082 0.4715084373852501 -0.5520940011480951 0.6876568965485672 -0.22180114686489105
0.829885335177515 0.010355586061857908 -0.5578378727682615 66.95780944824219 0.3020534746990986 0.832295205359211 0.4648100575055037 -13.885211944580078 0.46909916742572094 -0.554235918155242 0.6875816447136378 -0.2300836145877838
0.8310064259061032 0.010034994501497474 -0.5561722925390292 67.06781768798828 0.3024615560915851 0.8309666753516028 0.4669169000387125 -13.76941967010498 0.4668461493783808 -0.5562316813527067 0.6875034468787191 -0.23912718892097473
0.832029101693154 0.009726655984894028 -0.5546467038566397 67.17427825927734 0.3028337792975047 0.82975081045009 0.468833973463751 -13.655754089355469 0.46477873881243065 -0.5580492672880868 0.6874312614561227 -0.24830688536167145
0.832940553720879 0.009431105738968437 -0.5532821054504617 67.27650451660156 0.3031655148488393 0.8286706676107455 0.4705269336052929 -13.543665885925293 0.46292624096457713 -0.559657018973319 0.6873742187049967 -0.25817441940307617
0.8337282785796009 0.009147964780064688 -0.5520991507302638 67.3757095336914 0.30345217681108194 0.8277501049359914 0.47196031630537694 -13.434199333190918 0.4613176063031973 -0.5610223511758139 0.6873427002564663 -0.2679937779903412
0.8343795626160301 0.00887788498504849 -0.5511187972178725 67.47154235839844 0.30368928355419283 0.8270122717112864 0.4730999064608641 -13.32707691192627 0.4599821350259413 -0.5621137657068447 0.6873460190179668 -0.27828001976013184
0.8348818368426271 0.008621148031809855 -0.5503616940857115 67.5644302368164 0.3038721104246308 0.8264804951261351 0.47391110103281936 -13.222660064697266 0.4589488631823393 -0.5628993400090924 0.6873938274388025 -0.2885778844356537
0.8352225491071525 0.008376709892491424 -0.5498482737940777 67.65455627441406 0.30399610667916754 0.8261783266823829 0.4743582397768651 -13.121098518371582 0.4582462881321116 -0.5633464327140758 0.6874962808346434 -0.29899901151657104
0.8353886352749367 0.008144019534863656 -0.5495994022916098 67.74913024902344 0.3040565392869049 0.8261285270898931 0.4744062369374528 -13.014140129089355 0.457903318365733 -0.5634228710960352 0.6876621404116637 -0.3105706572532654
0.8354432041686346 0.008119598515690912 -0.5495168102327614 67.84840393066406 0.3038531402055864 0.8263418657329661 0.4741649397880072 -12.901988983154297 0.45793877516066384 -0.5631102849859024 0.6878945305404356 -0.32290709018707275
0.8353011734056487 0.008054448640529649 -0.5497336405608115 67.95254516601562 0.30365401941946746 0.826793049088858 0.473505533725585 -12.784865379333496 0.4583297788683909 -0.5624485575014363 0.6881754383636526 -0.3368475139141083
0.8349978675772874 0.008018053825475518 -0.5501947582031608 68.06156158447266 0.30340964208358423 0.8274433648392048 0.472525202581075 -12.662736892700195 0.45904373455270475 -0.5614919311944085 0.688480690340317 -0.3517248332500458
0.8345685540247201 0.008079003118125677 -0.5508448586868224 68.17605590820312 0.3030704369798284 0.8282543140114015 0.47132059317449604 -12.536277770996094 0.4600474311002551 -0.5602941379580196 0.68878649820386 -0.3684753477573395
0.834048083498582 0.008306796352886475 -0.5516292156391774 68.29618835449219 0.3025865503217383 0.8291874260535931 0.46998892757064736 -12.405613899230957 0.46130811176125286 -0.5589089457227973 0.6890686587084763 -0.386788934469223
0.8334717410628567 0.008770509123964348 -0.5524924750793956 68.42217254638672 0.3019085961976351 0.8302040349809686 0.4686282746946579 -12.271048545837402 0.46279159066649367 -0.5573906515820165 0.6893037103754421 -0.4069317579269409
0.8328737962441799 0.00953996064266946 -0.5533807266979439 68.55485534667969 0.3009873671375509 0.8312663002146892 0.4673360064781947 -12.13349437713623 0.46446511640102023 -0.5557925217905675 0.6894685115132294 -0.42943480610847473
0.8322889051872049 0.0106853548565356 -0.5542391194185716 68.6937026977539 0.2997741495900257 0.832335599921569 0.46621122717152425 -11.992432594299316 0.4662945823616877 -0.5541689925417982 0.6895404920418725 -0.4536822438240051
0.8317508790228068 0.012276148362150185 -0.5550133074316133 68.8390884399414 0.29822065894534827 0.8333744710882226 0.4653508671063449 -11.848294258117676 0.46824663781279857 -0.5525724270354206 0.6894989478289246 -0.4797528088092804
0.8312929567515334 0.014383806477059363 -0.5556483835723127 68.9913558959961 0.296278935283929 0.834343529780941 0.46485445767433664 -11.701464653015137 0.47028801022598365 -0.5510571480562708 0.6893222809497561 -0.5074560642242432
0.8309476145715349 0.0170793951386764 -0.5560884426955598 69.15078735351562 0.2939012403283979 0.8352029596680256 0.46482047835180385 -11.552217483520508 0.4723855657948338 -0.5496765507309435 0.6889902516039159 -0.536228597164154
0.8307458557807991 0.020433560401421302 -0.5562767231444695 69.3176040649414 0.2910403332183813 0.8359117953640912 0.4653461021769869 -11.400678634643555 0.4745069520493466 -0.548483308752876 0.6884832695689387 -0.5649969577789307
0.8307174103195463 0.02451754639224568 -0.5561541819593654 69.4919204711914 0.28764850836562933 0.8364266455075086 0.466528458210306 -11.246743202209473 0.4766203099187185 -0.5475302335067542 0.687781741229748 -0.591984212398529
0.8308897555724754 0.029402055649649178 -0.5556597278985469 69.6736831665039 0.28367813166851774 0.8367013712946277 0.468462947186593 -11.09002685546875 0.4786950299488928 -0.5468695771363264 0.6868658776682419 -0.614133894443512
0.8312881370623997 0.03515774926496425 -0.5547287317653079 69.86177062988281 0.27908079540257813 0.8366857689695822 0.4712439215960703 -10.928892135620117 0.4807015111446909 -0.5465536173793023 0.6857151015639147 -0.6251965165138245
0.8319346812427981 0.04185357254626748 -0.5532928380257219 70.0526123046875 0.2738073962579664 0.8363256467998395 0.47496202191255554 -10.760125160217285 0.4826118480724198 -0.5466330496502606 0.6843084926626142 -0.6213976740837097
0.8328481339100146 0.04955752668391575 -0.55127854791528 70.24327850341797 0.2678078414240861 0.8355604198071126 0.479705894193029 -10.581740379333496 0.4843995725786494 -0.5471588767448947 0.6826230421578859 -0.6030529737472534
0.834042989434255 0.05833528160644402 -0.5486066775892066 70.4315185546875 0.26103019036321534 0.8343235100683816 0.4855589771244256 -10.392520904541016 0.4860406685602701 -0.5481799663131368 0.6806344048300921 -0.572221040725708
0.8355287818183694 0.0682504760582644 -0.5451912758573199 70.61898803710938 0.2534208108672115 0.8325397426114001 0.4926007202511472 -10.194082260131836 0.4875136381400185 -0.549744894919784 0.6783148259747233 -0.5344530940055847
0.8373094802411976 0.07936221748200827 -0.5409385110477478 70.80658721923828 0.24492403061425944 0.8301254396554729 0.5009031579701544 -9.987201690673828 0.4887996046703406 -0.5518998032914548 0.6756341862287407 -0.4920446574687958
0.8393729273682139 0.09169772677055167 -0.5357654484066966 70.9949951171875 0.23550184415076536 0.8270001830150431 0.5104993425017061 -9.772377014160156 0.48988975311074234 -0.5546730786672442 0.6725665807924873 -0.4464977979660034
0.8416638403673452 0.1051630572593705 -0.5296628278499015 71.18408966064453 0.22519542507563658 0.8231370181522357 0.5212796465165787 -9.549434661865234 0.4908044420572163 -0.5580198748568982 0.6691224244647584 -0.39875364303588867
0.8441173531315842 0.11963388066532034 -0.5226410132577468 71.3680191040039 0.21406609148656414 0.8185230382436314 0.5331001259989353 -9.32545280456543 0.49157054693888474 -0.5618787862709987 0.6653199432760414 -0.3511736989021301
0.8466695284165557 0.13498384279424314 -0.514713582330393 71.54639434814453 0.2021764560067984 0.813148418428088 0.5458152894930942 -9.100071907043457 0.4922147806470447 -0.5661881416917861 0.6611774330088586 -0.30451780557632446
0.8492587421543433 0.15108542936414826 -0.5058979955566869 71.71832275390625 0.18959049777040843 0.807007804200802 0.5592797574686292 -8.872541427612305 0.4927626528356135 -0.5708866761388385 0.6567140709453069 -0.25971129536628723
0.8518265059482061 0.16780995989638545 -0.4962171108735009 71.8819808959961 0.17637416811505272 0.8001022914001775 0.5733484770346117 -8.641475677490234 0.4932380323796958 -0.5759133100178871 0.6519509972064212 -0.2181597799062729
0.8543180529372816 0.18502967811912407 -0.4857001983122774 72.03429412841797 0.1625956456347939 0.7924394570202653 0.5878795480181562 -8.40487289428711 0.4936631649678319 -0.5812088481540525 0.6469103140168526 -0.1822167932987213
0.8566831132828195 0.20261738210019 -0.474384063694093 72.17194366455078 0.14832521943092494 0.7840359278655336 0.6027331856607862 -8.161177635192871 0.4940583697265169 -0.5867144623127142 0.6416170719488993 -0.1551513671875
0.8588768311330095 0.22044726391152347 -0.46231330586177527 72.2948226928711 0.1336355964735289 0.774917575463459 0.6177736467291226 -7.91157341003418 0.4944412162209825 -0.5923729864466794 0.6360991499995564 -0.13899047672748566
0.8608599782473819 0.23839615171834172 -0.4495412914269417 72.40570068359375 0.11860170634623012 0.7651203562630656 0.6328700306410805 -7.658602714538574 0.4948269728942429 -0.5981288450474237 0.6303873028690816 -0.1336566060781479
