0.9820635748517808 0.18718159861771166 -0.0226756276265627 -5.727206707000732 0.1539426173546669 -0.86543206282733 -0.47679032623620515 -33.41230392456055 -0.10887059066311372 0.4647476667712816 -0.8787245306234 -3.1918132305145264
0.9852959976221268 0.167590232983346 -0.03324621600131291 -5.70767068862915 0.13236831763195625 -0.8717869980871634 -0.4716630772632706 -33.672122955322266 -0.10802974385373543 0.46032699657391407 -0.8811518771858439 -3.2703118324279785
0.9880482131944195 0.1476978469239898 -0.0441143334680818 -5.755556583404541 0.11046749356515112 -0.8780618133289106 -0.46562257767313997 -33.946624755859375 -0.1075065638403011 0.45518435604440943 -0.8838832166885442 -3.3154594898223877
0.9902655208742629 0.12788445899761888 -0.05495237314721731 -5.839897155761719 0.08870975041621168 -0.8840817153791912 -0.45883559224768106 -34.223995208740234 -0.10726032979959603 0.4494942554461326 -0.8868202388151777 -3.3433618545532227
0.9919349413421106 0.10854382976615114 -0.06544699507479954 -5.951835632324219 0.06756863308352883 -0.889711497570322 -0.45149521693413175 -34.50149917602539 -0.10723596396660723 0.44343171752917276 -0.8898700803607686 -3.362260580062866
0.9930835951758965 0.09008172450152672 -0.07530110160779448 -6.085800647735596 0.04751874553455211 -0.8948556857899448 -0.4438189613257082 -34.76626968383789 -0.1073635963226774 0.4371711158347942 -0.8929470721517723 -3.3746111392974854
0.993774752419471 0.0729132914546528 -0.08423415805282167 -6.243134498596191 0.029033023138672467 -0.8994557704130076 -0.4360463285456858 -35.014713287353516 -0.10755847256747464 0.43088625993409413 -0.8959733288323709 -3.38171124458313
0.9941013807009517 0.057460873591645575 -0.09198202484478492 -6.426303386688232 0.012580967980736126 -0.9034851660055198 -0.42843467886323844 -35.241024017333984 -0.10772262591085215 0.4247502828887387 -0.8988787643797173 -3.384153366088867
0.9941773421619239 0.044151539492642375 -0.09829574707118748 -6.640956878662109 -0.00137254803250084 -0.9069418594198618 -0.42125358128322504 -35.43355941772461 -0.10774752175225051 0.4189356814505943 -0.9016004471847686 -3.38222599029541
0.994126528986968 0.03341344976052553 -0.10293680459108794 -6.876293659210205 -0.012367727784477107 -0.9098385452650238 -0.41477808628165774 -35.59507369995117 -0.10751503929112456 0.413614993593228 -0.9040813864918921 -3.3814361095428467
0.9940694075136729 0.025675397401865658 -0.10567301932693965 -7.126279354095459 -0.019947413506516073 -0.9121902987052208 -0.40928102770893265 -35.726627349853516 -0.10690235610039447 0.40896165213420227 -0.9062683120046999 -3.388591766357422
0.9941074966165454 0.02136330392174103 -0.10627273599721293 -7.38296365737915 -0.0236564142443019 -0.913999698951741 -0.4050245972545736 -35.834407806396484 -0.10578591227516065 0.4051520203104939 -0.9081085734659914 -3.4131877422332764
0.9943000754830109 0.020779461220726148 -0.1045732943243893 -7.638007640838623 -0.023172440686971527 -0.9152602423999736 -0.4021961296115997 -35.92467498779297 -0.1040691975902947 0.40232686049196154 -0.9095618172722479 -3.468986749649048
0.9946321364738926 0.023745284550039974 -0.10071283212688094 -7.880448818206787 -0.018709022851458475 -0.916002218424985 -0.40073670695913227 -35.99989318847656 -0.10176878478847663 0.40046984568397087 -0.9106409924556071 -3.5705723762512207
0.9950369452039564 0.02995601764852561 -0.09489001362535117 -8.112445831298828 -0.010610246675420017 -0.9162316885852958 -0.40050832138374315 -36.05298614501953 -0.09893887175759004 0.3995273830900432 -0.9113665397723115 -3.7001140117645264
0.9954153212077823 0.03910036184583633 -0.08728974744110443 -8.349609375 0.0007822674659937745 -0.9159221008877554 -0.4013553203371943 -36.07822799682617 -0.09564374711615381 0.3994469511823627 -0.9117534791974726 -3.822291851043701
0.9956481460459656 0.05085901115457646 -0.07809052605540703 -8.605048179626465 0.015123981011778743 -0.9150260707347306 -0.4031110952009574 -36.07252502441406 -0.09195669890544622 0.4001757749541302 -0.9118132016297387 -3.8894219398498535
0.9956078456036311 0.06490867702618774 -0.06746763238180305 -8.865248680114746 0.03206883843358296 -0.913485939888219 -0.40560452071945363 -36.050193786621094 -0.0879579864140649 0.40165943443824026 -0.9115553144778082 -3.903846263885498
0.9951688840081914 0.08092049712999502 -0.05559465303539262 -9.125175476074219 0.051266342731878384 -0.9112433948828655 -0.40866518983790123 -36.025718688964844 -0.08372965069071292 0.4038407463674075 -0.9109895702853172 -3.8908941745758057
0.9942164976862513 0.0985627187464742 -0.04264910552154497 -9.384892463684082 0.07236097453174974 -0.9082478523864388 -0.4121282907059854 -36.01069641113281 -0.07935644330046501 0.40665861494467953 -0.910127093211698 -3.86810302734375
0.992654552202603 0.11750198722343914 -0.028813590369700378 -9.592743873596191 0.09499222205461365 -0.90446363265985 -0.4158389290877843 -36.04709243774414 -0.0749227451484335 0.41004733896745515 -0.9089817171236901 -3.838679790496826
0.9904121405436302 0.1374045181290312 -0.0142755126532529 -9.339330673217773 0.11879518757877472 -0.8998758083562012 -0.41965608889112666 -36.10964584350586 -0.07050883116254428 0.41393662308740237 -0.9075709210828041 -3.8244547843933105
0.9874484285039282 0.15793989126101446 0.0007692812111043737 -9.08203125 0.14340212882036132 -0.8944950472579709 -0.4234553576007145 -36.15659713745117 -0.06619237490006938 0.41825064396772826 -0.9059166453519161 -3.815981864929199
0.9837565145870621 0.17878291646702912 0.01611796473066301 -8.823896408081055 0.1684443429527321 -0.8883607270475613 -0.4271319725409828 -36.19862365722656 -0.06204533290053316 0.4229088405544057 -0.9040456234317993 -3.8091020584106445
0.9793657460781214 0.19961612953073576 0.031561626067315836 -8.56539535522461 0.1935545850761024 -0.8815430894065021 -0.4306023735601764 -36.237464904785156 -0.058132245826756045 0.4278261122825585 -0.9019897225824302 -3.8030309677124023
0.9743426011074358 0.22013219011558746 0.046886187114239065 -8.3067626953125 0.21836951422314113 -0.8741440929577949 -0.4338050944893841 -36.27455520629883 -0.054509182026021515 0.4329132980423551 -0.8997859886956149 -3.797355890274048
0.9687900676755922 0.24003662681529273 0.06187263175473887 -8.0482759475708 0.24253222703364177 -0.8662967652945112 -0.4367013090092227 -36.31157302856445 -0.051224248391007886 0.43807799788097374 -0.8974763195479721 -3.7916033267974854
0.9628457558489063 0.25904949728978216 0.07629815461503253 -7.78954553604126 0.2656943067215965 -0.8581634188458556 -0.43927449496928767 -36.3458137512207 -0.048317551877950914 0.4432255684284286 -0.8951069822495061 -3.786282777786255
0.9566788261541059 0.276905291545936 0.08993933011904225 -7.530937194824219 0.2875173664732278 -0.8499332814885874 -0.4415282335189239 -36.37984085083008 -0.04581907424535685 0.4482598314949734 -0.892728254231598 -3.780837297439575
0.9504853508699701 0.29335380457585525 0.10257262365007887 -7.272480487823486 0.30767435796544385 -0.8418183763602246 -0.44348428458378 -36.41386795043945 -0.04375028265213542 0.45308428196430095 -0.8903934783031332 -3.775186777114868
0.9444829422912981 0.3081592301445276 0.11397306961517034 -7.014116287231445 0.3258485321966381 -0.834048802897706 -0.44518010787792406 -36.44756317138672 -0.04212725704420909 0.4576029755821478 -0.8881581002008005 -3.7693469524383545
0.9389040904053262 0.3210974499808005 0.12391745896351616 -6.755678653717041 0.3417330208846847 -0.8268677652315349 -0.4466634541330143 -36.479705810546875 -0.040959143755394084 0.4617208317120151 -0.8860791285805069 -3.763474702835083
0.9389308894990296 0.32028081305721173 0.12581329632424745 -6.497138500213623 0.3417428045142426 -0.8251460184192265 -0.4498287494698822 -36.512508392333984 -0.04025717709057158 0.46535389659302234 -0.8842087483272203 -3.7556211948394775
0.9389385311851302 0.31974839613444705 0.12710388595695524 -6.238754749298096 0.34174563446811723 -0.8235961487337391 -0.4526580443479784 -36.545326232910156 -0.040054412714380795 0.4684552774389473 -0.8825787766889166 -3.7477710247039795
0.938925673380394 0.3195315766344255 0.12774251994027905 -5.980532169342041 0.34174093254546706 -0.8222340669146139 -0.4551310517070981 -36.578147888183594 -0.040394490838836485 0.47098907709051274 -0.8812136939308756 -3.739922285079956
0.9388899648122884 0.3196612226425296 0.12768060429628086 -5.722431659698486 0.34172794329122036 -0.8210738187514515 -0.4572305730535322 -36.61074447631836 -0.04132368266179623 0.4729212269496814 -0.88013514095943 -3.7321043014526367
0.9388277628900678 0.3201682611749889 0.12686495246132845 -5.464394569396973 0.3417053243550026 -0.8201265613287433 -0.45894432637361765 -36.64255142211914 -0.04289408973592395 0.47422010495051276 -0.8793607843919647 -3.7243778705596924
0.9387338244593035 0.32108293575476254 0.1252379941675535 -5.206518650054932 0.341671051211766 -0.8194006066769461 -0.46026463968167164 -36.67437744140625 -0.04516303333320195 0.47485618259064 -0.878903809455613 -3.716654062271118
0.9386008297849444 0.3224337572019701 0.12273937650010613 -4.948808670043945 0.34162269280865787 -0.81890094075342 -0.46118888212024894 -36.70621871948242 -0.04819147315838324 0.47480282375927857 -0.8787717908905817 -3.7089312076568604
0.9384189270162476 0.3242484010644792 0.11930168408200742 -4.691254615783691 0.34155650716505376 -0.8186283550589567 -0.46172152722899473 -36.73807144165039 -0.0520487255452339 0.47403648667649556 -0.8789654939009389 -3.7012102603912354
0.9381751609237661 0.3265514078506461 0.11485445335913927 -4.433862209320068 0.34146779922619636 -0.818580022965516 -0.4618728051026533 -36.76993942260742 -0.05680765368578253 0.47253669067336607 -0.8794782353476291 -3.6934893131256104
0.9378526421238431 0.32936508589730856 0.10932091224091268 -4.176601409912109 0.34135036961278314 -0.8187483630073107 -0.4616611779628709 -36.80158233642578 -0.06254875559548047 0.4702868893183263 -0.88029420928957 -3.685777425765991
0.9374298219128371 0.3327074515187271 0.10262105384559492 -3.9194531440734863 0.34119645834258133 -0.8191217304531545 -0.46111231550882353 -36.832847595214844 -0.06935636814990984 0.46727437593275273 -0.8813877420260113 -3.678079128265381
0.9368793076832294 0.3365932652301735 0.09466856202923456 -3.6624462604522705 0.34099612507971166 -0.8196833703693125 -0.46026168102572523 -36.8641242980957 -0.07732273608463815 0.4634912578913381 -0.8827213877224742 -3.6703784465789795
0.9408642123054192 0.32946511374181014 0.07891307135068958 -3.4054441452026367 0.3275438253244333 -0.8251250828922934 -0.4603082011802778 -36.895992279052734 -0.08654233931862508 0.45893500237951135 -0.8842449248348434 -3.661024808883667
0.945714830556297 0.3194323810622172 0.05988666959179628 -3.1485986709594727 0.31014825836773946 -0.831986909117373 -0.4600063487483383 -36.92802810668945 -0.09711599815340641 0.4536085724346955 -0.8858937554337005 -3.65118145942688
0.9506424954012905 0.3079095499259482 0.03834781612565546 -2.8919529914855957 0.2904580959554539 -0.8395926898333993 -0.4590405316224803 -36.960140228271484 -0.10914641739947023 0.44752187012783745 -0.8875873113818963 -3.641055107116699
0.9554319714779014 0.29486694339994657 0.014256001116149011 -2.6355223655700684 0.26848630575091403 -0.84784662590608 -0.45724304539697763 -36.9923210144043 -0.12273895674184955 0.4406921653826496 -0.889227509621848 -3.6306469440460205
0.9598414878540329 0.28026794130505356 -0.012417699899069157 -2.379287004470825 0.24425524307557617 -0.8566418806085532 -0.45442718296502976 -37.024192810058594 -0.13799889283703504 0.4331449751111844 -0.8906973313711477 -3.6199235916137695
0.963602171771251 0.26407025565334163 -0.04168638431080234 -2.1233105659484863 0.21780030503578146 -0.8658600841959537 -0.4503879902067737 -37.05605697631836 -0.15502864794627363 0.4249155382842044 -0.8918592398134336 -3.608921527862549
0.966417466053311 0.2462280407434731 -0.07354613014107338 -1.8676317930221558 0.18917298460325593 -0.8753713240052093 -0.4449029411070047 -37.08794021606445 -0.17392775282683742 0.4160490320394906 -0.8925538301613013 -3.5976507663726807
0.9679633083652841 0.22669299994802633 -0.10796905775775757 -1.612280249595642 0.15844535229714118 -0.8850336823972487 -0.4377333107701547 -37.119834899902344 -0.1947873301679775 0.40660258828114976 -0.8925985834680119 -3.58612060546875
0.9678931415118717 0.20545622190162677 -0.14481231817835566 -1.357275366783142 0.12578095327330585 -0.8946728882142378 -0.4286485447170587 -37.151702880859375 -0.217628165474826 0.39667135512449514 -0.8917902318458968 -3.5743517875671387
0.9658859483480903 0.18267959367613365 -0.1835551711013156 -1.1026415824890137 0.09163662270837855 -0.9040347314552905 -0.41752117754811335 -37.18353271484375 -0.24221284887947794 0.3864574625710877 -0.889934584933524 -3.5624003410339355
0.961696154015506 0.1585982951909256 -0.22357792403168078 -0.8483837842941284 0.05655257780082666 -0.9128738509331489 -0.40430574844610406 -37.215274810791016 -0.2682206429338828 0.37617537538363005 -0.886876413971597 -3.5503361225128174
0.9551682532667575 0.13348530360738411 -0.26426365938618146 -0.5944628715515137 0.021076253035630627 -0.9209840052630572 -0.3890298878076013 -37.246639251708984 -0.29531237615330197 0.36601931065240434 -0.882508053629104 -3.538125514984131
0.9462464416307139 0.1076481822205275 -0.30500744345971026 -0.34090086817741394 -0.014247679846777848 -0.9282041240505878 -0.371798477289062 -37.27787780761719 -0.3231325971179571 0.3561586345437908 -0.8767761126534566 -3.52593731880188
0.9349792058875845 0.08142486529786885 -0.34523017809723067 -0.0876757800579071 -0.04888882035382663 -0.9344228049461214 -0.35279442291656754 -37.308982849121094 -0.35131718973348425 0.34673334553781604 -0.8696851265198919 -3.51383900642395
0.9215195484942392 0.05517885574186624 -0.3843917475987118 0.1652490198612213 -0.08234147931809613 -0.9395809248924948 -0.33227634035824954 -37.339935302734375 -0.3795017819809032 0.33785052827719847 -0.8612986810718665 -3.5018913745880127
0.9061227942395973 0.029291565088350457 -0.42199939096413336 0.4179101586341858 -0.11413474212402763 -0.9436723496784407 -0.3105732716971188 -37.37074661254883 -0.40732633403661284 0.32958231243051495 -0.851739841109507 -3.4901554584503174
0.8891380277096714 0.004155598069102567 -0.457620255982232 0.670361340045929 -0.14384194094851702 -0.9467425478826375 -0.28807645522127484 -37.40140914916992 -0.43444569707239455 0.32196471706287927 -0.841187052481136 -3.4786834716796875
0.8709975477018099 -0.01983331702819717 -0.49088686215164934 0.9226537942886353 -0.17108730452802845 -0.9488851824562974 -0.26522828797888953 -37.431941986083984 -0.4605349130378358 0.31499769848450976 -0.8298698957202235 -3.4675114154815674
0.8522044949253437 -0.04228005440539134 -0.5214977428795992 1.17486572265625 -0.19554675326246052 -0.9502363400845536 -0.2425126084788632 -37.462181091308594 -0.48529266027578627 0.30864752547556434 -0.8180634076281988 -3.4565320014953613
0.8333159088292873 -0.06279696758566437 -0.5492186604204778 1.4270458221435547 -0.21695027903570357 -0.9509670731691532 -0.22044092672284085 -37.49233627319336 -0.5084458402999767 0.30285007282505244 -0.8060798104849861 -3.445937395095825
0.8149256175865672 -0.08100518283545592 -0.5738766401892893 1.680873990058899 -0.2350761692535014 -0.9512743651840917 -0.19954016335741354 -37.52260971069336 -0.5297503491742613 0.29751511305713274 -0.7942602376125537 -3.4357054233551025
0.7976465959322848 -0.09653655155100857 -0.5953491431187902 1.9364233016967773 -0.24974417293116288 -0.9513701334123134 -0.18034055932586704 -37.55303955078125 -0.5489879380137305 0.2925330126082809 -0.7829665896127086 -3.425859212875366
0.7820928242608758 -0.10902994363499031 -0.6135497417737197 2.1937549114227295 -0.26080248371882325 -0.9514692012100807 -0.16336591944081968 -37.58364486694336 -0.5659619057195813 0.287782609863074 -0.7725725148713602 -3.4164178371429443
0.7688600951455191 -0.1181301503789431 -0.6284102335769779 2.452934503555298 -0.2681148090839046 -0.9517758593467687 -0.14912130201490892 -37.61445617675781 -0.5804899682533067 0.28313950825726986 -0.7634549204904679 -3.4073972702026367
0.7585057462811798 -0.12348284530901991 -0.6398601564192127 2.7140209674835205 -0.2715430805585812 -0.9524692265213067 -0.13808232302021778 -37.64544677734375 -0.5923963101329942 0.27848583347145783 -0.7559842936837519 -3.398702383041382
0.7515306229939718 -0.1247243786631481 -0.6478005496056518 2.977067708969116 -0.27092475471016486 -0.9536877211136843 -0.13068859124738014 -37.67661666870117 -0.6014993765479146 0.2737216834013693 -0.7505164488859595 -3.3902978897094727
0.7483568136850425 -0.12148143202833292 -0.652076944143493 3.24212646484375 -0.266057169992737 -0.9555106907205388 -0.12732989521009774 -37.70804214477539 -0.607598273291347 0.2687779410426089 -0.7473839419617399 -3.3823747634887695
0.7493029816959939 -0.11335957944957509 -0.6524527932107491 3.5092358589172363 -0.25667211059855644 -0.9579400689520986 -0.128336479369395 -37.739715576171875 -0.6104625043869405 0.2636293421511805 -0.7468835924657605 -3.374969959259033
0.7544370676882511 -0.10009764151748293 -0.6486949769040843 3.7784080505371094 -0.2425599708855977 -0.9608608543042899 -0.1338322800732605 -37.77163314819336 -0.6099093140967197 0.2583154676519916 -0.7491887263899543 -3.3681066036224365
0.7632143149977344 -0.08203121144799357 -0.6409171473216438 4.049592018127441 -0.22398838072003358 -0.9639921040319168 -0.1433472311087146 -37.80375289916992 -0.6060801223311622 0.25296265280173774 -0.7541066115626829 -3.3617515563964844
0.774887770319486 -0.05965771302148143 -0.6292772844194694 4.322695255279541 -0.201320170574737 -0.9669861395680518 -0.15623058216314317 -37.83601760864258 -0.599182052742782 0.24774737770624816 -0.7613160345813185 -3.3556408882141113
0.7886683962243785 -0.033498794189699865 -0.6139055233378365 4.597629070281982 -0.17490878228326548 -0.9694802103852677 -0.17179941662160098 -37.86838912963867 -0.589414182622926 0.24287023790323364 -0.7704576359955001 -3.34969162940979
0.8037583283073205 -0.004105749439729023 -0.5949417555510453 4.874318599700928 -0.14512344997969087 -0.9711244656197563 -0.18935801155677348 -37.90083694458008 -0.576985037884531 0.23853807892301213 -0.781145217588321 -3.3441123962402344
0.8193827918953682 0.02793406887063346 -0.5725657413276513 5.1526780128479 -0.11237158358117286 -0.971606663904794 -0.20821411541789475 -37.933311462402344 -0.5621249572374558 0.23494718226045536 -0.792978785339596 -3.338853597640991
0.834820504456237 0.06199949039030547 -0.5470199160275394 5.4326171875 -0.07711144755230467 -0.9706736435542686 -0.2276982704490062 -37.965782165527344 -0.5450949917177942 0.23226868256487576 -0.8055573903228465 -3.333857297897339
0.8494293710178183 0.09744177939687405 -0.518627846610886 5.714042663574219 -0.03985874217090264 -0.9681489844781784 -0.24718176414619597 -37.998287200927734 -0.5261948539512975 0.2306353040664917 -0.8184902761751846 -3.328670024871826
0.8626716013986705 0.1335925417297117 -0.4878019484734029 5.996877193450928 -0.0011882373881062641 -0.9639463895389652 -0.26609386724744877 -38.030826568603516 -0.5057630831052843 0.23013124709388907 -0.8314104358731905 -3.323112726211548
0.874134685164161 0.16977953757230196 -0.4550422626687418 6.281081199645996 0.038274873370714904 -0.9580778705769392 -0.28393983161792136 -38.06333541870117 -0.48417309535062836 0.23078497033492695 -0.843987388061041 -3.317598819732666
0.8835438175677401 0.2053393237449273 -0.4209347747119498 6.566606521606445 0.07786283557049374 -0.9506574366954439 -0.30031286501342264 -38.0958251953125 -0.4618308145573942 0.23256440006936546 -0.8559358028179624 -3.3120434284210205
0.890770667669554 0.23963411183547462 -0.3861387186806836 6.853395938873291 0.11688082573985031 -0.9418989184909355 -0.314905223710209 -38.12833786010742 -0.4391656751089589 0.23537612408744712 -0.8670245613681674 -3.3058831691741943
0.895834625377701 0.27206412246336836 -0.3513707973674412 7.141867637634277 0.15462150197267105 -0.9321094007929771 -0.3275122227964515 -38.16095733642578 -0.41662034888146 0.23906730897718848 -0.8770828391185725 -3.2990355491638184
0.8988953224321928 0.30207845790406557 -0.3173890429422947 7.432023525238037 0.19037977184865895 -0.921677888936327 -0.3380316723573817 -38.1937255859375 -0.3946425493790256 0.2434306355333637 -0.8860015710502133 -3.291862726211548
0.9002381702384902 0.32918120585730276 -0.28497538587742477 7.723866939544678 0.2234653509320979 -0.91106010743423 -0.3464573820468019 -38.22658920288086 -0.3736769644739283 0.2482120350673217 -0.8937316777810268 -3.283834218978882
0.9002534599396784 0.3529312078506811 -0.25491816410702756 8.017396926879883 0.25321165351835995 -0.9007606161915255 -0.3528656555132018 -38.259620666503906 -0.3541575445887552 0.2531202774242375 -0.9002791560219204 -3.2748844623565674
0.899407871393325 0.37293695897646695 -0.22799891557880964 8.312658309936523 0.2789804724097067 -0.8913122527732628 -0.35739664809607313 -38.29278564453125 -0.3365046461637418 0.25783811333012124 -0.9056953850078836 -3.2652173042297363
0.8982116534641001 0.38884317716719685 -0.20498002134795298 8.609702110290527 0.30016055135870834 -0.8832545268079975 -0.3602292107550647 -38.32583999633789 -0.32112220257921054 0.2620351587930531 -0.9100648914044406 -3.2545342445373535
0.8971788554418805 0.4003131433553654 -0.18659980869482334 8.900378227233887 0.31616140130135595 -0.8771102816532097 -0.3615515483930202 -38.35728454589844 -0.3084024475829609 0.26538074737096906 -0.9134883629525148 -3.243889093399048
0.8967844946205965 0.40700418427317675 -0.17356602257414083 9.184887886047363 0.32640281424674145 -0.8733612464382319 -0.3615263974755719 -38.38591766357422 -0.29872859431244336 0.2675588294263227 -0.9160641351652883 -3.2346293926239014
0.8986348609625394 0.40537030496519183 -0.16772090661353004 9.463581085205078 0.32707630805108595 -0.8738794581778386 -0.359660647397624 -38.406105041503906 -0.2923636013160807 0.2683460609497264 -0.9178855681392193 -3.2343950271606445
0.8995696483812741 0.404362500838951 -0.1651224261766415 9.732844352722168 0.3274165277795805 -0.874507517233394 -0.35781981448635314 -38.39963912963867 -0.2890897179907204 0.26782003326404535 -0.9190753857733822 -3.275641441345215
0.9016811664895616 0.39861835743813573 -0.16755440642175176 9.976425170898438 0.32201683698082 -0.8776419288916977 -0.35503492976343587 -38.3463249206543 -0.2885762129817544 0.2661729696355032 -0.9197150208279337 -3.3661444187164307
0.905074733743478 0.3877063239532527 -0.17470985291570623 10.181122779846191 0.31056913006978887 -0.8832782560061617 -0.35123544512820476 -38.240020751953125 -0.29049361746321867 0.26363483994603026 -0.9198424481288979 -3.4833123683929443
0.9089579071248232 0.3734080697094557 -0.18536972932795565 10.3539400100708 0.29505597997710586 -0.8903524445664165 -0.34671961746396146 -38.10084915161133 -0.29451229474337903 0.26045909070421086 -0.919469178556043 -3.603379964828491
0.9130333381871414 0.3561145361256386 -0.19887825552047209 10.504528999328613 0.27603161473788185 -0.8984314658562256 -0.34150761166426624 -37.94382095336914 -0.30029430734538165 0.25691114868657394 -0.9185967508414681 -3.7177019119262695
0.9170079537809154 0.33623156883165733 -0.21458039244893862 10.642975807189941 0.2540574628991658 -0.9070883105255295 -0.33562717776303375 -37.78165054321289 -0.30749181818021926 0.2532570414202585 -0.9172293348575807 -3.826082706451416
0.9206187421393236 0.3141922548647024 -0.2318282955224484 10.772600173950195 0.2297062869362855 -0.9159181696467019 -0.32913360243673145 -37.61781311035156 -0.3157469768085748 0.24975414609985838 -0.915383369491808 -3.928516149520874
0.9236554196161093 0.29046228646470446 -0.24998465143981435 10.895886421203613 0.2035630686179284 -0.9245533888800457 -0.3221228154062921 -37.45444869995117 -0.3246886861420368 0.2466428414775494 -0.9130961427140292 -4.024925231933594
0.9259768311663777 0.2655424022348643 -0.2684290236885937 11.014841079711914 0.1762235688433363 -0.9326750943976624 -0.3147418340075406 -37.29315185546875 -0.3339343676940006 0.24414012555425996 -0.9104303582192098 -4.1153364181518555
0.9275212107379237 0.23996730149285228 -0.2865660444740352 11.131003379821777 0.1482909110781207 -0.9400219356798997 -0.30719467139297113 -37.134761810302734 -0.34309504415376957 0.24243443372353926 -0.9074752536693603 -4.199196815490723
0.9283128721914835 0.2142995746956132 -0.3038270949222235 11.24624252319336 0.1203713411984125 -0.9463958204377589 -0.29974270846183493 -36.98008728027344 -0.35177542771162096 0.24168293970245502 -0.9043469495249519 -4.2753424644470215
0.9284608946403162 0.18912304672793093 -0.31967614912603165 11.36264419555664 0.09306938275413204 -0.9516632930316639 -0.2927030349857934 -36.82952117919922 -0.3595809465439859 0.24201125984646787 -0.9011837176680774 -4.340822219848633
0.9281540304121705 0.1650330276407493 -0.3336078470560488 11.480653762817383 0.06698429867555422 -0.9557533143474997 -0.2864414527346106 -36.68355941772461 -0.3661191057027597 0.243515301165035 -0.8981409124062405 -4.394588470458984
0.9276496037513656 0.14262654404978678 -0.3451432769044601 11.60137939453125 0.04270826036875333 -0.9586504191171251 -0.2813634276568929 -36.543128967285156 -0.3710016403686234 0.24626620324148224 -0.8953830130088553 -4.433862209320068
0.9272553512652048 0.12249371028277248 -0.35382595225788893 11.723590850830078 0.020827100794987112 -0.9603836464832173 -0.27790193133563124 -36.408973693847656 -0.37384989691387793 0.25031688418634224 -0.8930720643199651 -4.4604597091674805
0.9273088984229436 0.10520814673353147 -0.3592066992227768 11.846266746520996 0.0019243645414663557 -0.9610111356372406 -0.2765029728634619 -36.2816047668457 -0.37429200328986234 0.2557124225416445 -0.8913566363869991 -4.476229667663574
0.9281498699849683 0.09131995729346257 -0.3608302706908148 11.96688461303711 -0.01341101004060117 -0.9606007615966096 -0.27760821607024605 -36.159934997558594 -0.3719650032685567 0.2625011280355452 -0.8903567791191848 -4.485992908477783
0.9300886557335539 0.08134671066046135 -0.35821474724035746 12.083759307861328 -0.02457534096879899 -0.9592070354380675 -0.2816343654144156 -36.04265594482422 -0.36651213498602914 0.2707481778901503 -0.8901484590095887 -4.491335868835449
0.9333688251769728 0.07576913306121819 -0.35082997970941554 12.195624351501465 -0.030934556170843237 -0.9568440337630585 -0.2889507713894393 -35.928733825683594 -0.3575831223957172 0.28055041173947776 -0.8907445071683232 -4.494568347930908
0.9380700353896606 0.07485173676161458 -0.3382629542350315 12.301610946655273 -0.031996756474229046 -0.9534892417029178 -0.29972399558914786 -35.817413330078125 -0.34496494934872723 0.2919854165203539 -0.8920446739150824 -4.4967241287231445
0.9439265905784372 0.07815260356152721 -0.32077213431893126 12.40066146850586 -0.02795892314402804 -0.9491672451167282 -0.3135280520370502 -35.707881927490234 -0.3289694365979825 0.3049159086602004 -0.8937591389352785 -4.498579025268555
0.9505270892827851 0.08504818322840929 -0.29877258754635283 12.491378784179688 -0.019193708563624873 -0.9438746722886484 -0.3297456664818673 -35.5992317199707 -0.3100481480208691 0.31916674253678623 -0.8955460548555199 -4.5008745193481445
0.9574113149375076 0.09491600347385415 -0.27268026388828315 12.573151588439941 -0.006084779184846893 -0.9375781042692799 -0.3477215464378 -35.491390228271484 -0.2886633843976476 0.3345717422009437 -0.8970703427428204 -4.504050254821777
0.9641071351347704 0.10714165665405379 -0.2429364060647365 12.64559268951416 0.010955135911057172 -0.9302409104091401 -0.36678581433630286 -35.38456726074219 -0.26528742333438265 0.35095941932166375 -0.8980256505300975 -4.507890701293945
0.9701631804562626 0.12112772246973656 -0.21002732711788685 12.70805835723877 0.031471205033511404 -0.9218455398154702 -0.38627757374207383 -35.27890396118164 -0.24040167749150182 0.36814246640617143 -0.8981526361858841 -4.512172698974609
0.9751789745661504 0.1363025240994013 -0.17449237659062214 12.758808135986328 0.054959917350778 -0.9124117463311078 -0.40556653294103795 -35.17423629760742 -0.2144886361766213 0.38590986911602887 -0.8972559266284857 -4.516636848449707
0.9788293829757527 0.15212990321560246 -0.1369289289044438 12.795144081115723 0.0808665070318674 -0.9020095200011705 -0.4240747974918136 -35.070640563964844 -0.18802565533397758 0.40402390817236195 -0.8952156357891426 -4.520925998687744
0.9808840616879275 0.1681192630895312 -0.09799168793743074 12.8148775100708 0.10858784140086161 -0.8907681093112987 -0.44129452311792355 -34.96940994262695 -0.16147798062427937 0.4222180583681934 -0.8919959489601383 -4.524662971496582
0.9812219005163397 0.18383393587036023 -0.05838378173358477 12.808900833129883 0.13747954014490416 -0.8788795763596472 -0.45680418813692275 -34.87354278564453 -0.1352884251835621 0.44019969818288124 -0.8876492932070933 -4.527034759521484
0.9798391186777683 0.19889746304321138 -0.0188441158919333 12.781469345092773 0.16686651554891369 -0.8665989012935521 -0.4702785454019484 -34.78843307495117 -0.109867499731897 0.4576528635022212 -0.882316830300136 -4.528083324432373
0.9768504549169837 0.2129990155487787 0.01986474524712794 12.741007804870605 0.19605548645814108 -0.8542392160108124 -0.48149517968396555 -34.716026306152344 -0.08558875485800588 0.47424337760740926 -0.8762235923766105 -4.5281662940979
0.9724847523269957 0.22589227877118628 0.05697442306037483 12.697755813598633 0.22434797096742148 -0.8421649265274109 -0.49033276909654105 -34.6528205871582 -0.06278052575682137 0.48962323772329425 -0.8696710243920145 -4.5278801918029785
0.9670736601907519 0.2373936179807102 0.09172134924482353 12.655766487121582 0.2510522929818066 -0.8307807261507079 -0.4967656703568392 -34.59646987915039 -0.041728670645485744 0.503435850132399 -0.8630243697878 -4.52745246887207
0.9610354118440663 0.24737221147006477 0.12336095887319964 12.616544723510742 0.27549362810562555 -0.8205203237942778 -0.5008489384172962 -34.54595947265625 -0.022675935590510475 0.5153187239300964 -0.8566985553344606 -4.526893615722656
0.9548533255838682 0.2557374393556911 0.1511737038417135 12.581117630004883 0.29702040918756994 -0.8118327762177905 -0.5026991346566689 -34.500526428222656 -0.0058312217824739165 0.5249056158685192 -0.8511404650715501 -4.526278018951416
0.9490502544836843 0.2624201242303927 0.17446860136815215 12.549484252929688 0.31500687940933664 -0.8051681106765503 -0.5024688840857171 -34.46024703979492 0.008618607152294594 0.531827031983576 -0.8468091447677539 -4.525537490844727
0.9441591937599242 0.2673492801421071 0.19258187673326613 12.521821022033691 0.32885176350284406 -0.8009631897422277 -0.5003143874795382 -34.42505645751953 0.020492302937427542 0.535707318491593 -0.8441550417043467 -4.524636745452881
0.9406903173181718 0.2704242702719165 0.20487176709283073 12.498208045959473 0.33797338947752853 -0.799624761887435 -0.49636098575687204 -34.39494705200195 0.029592480614311592 0.5361631787286072 -0.8435954782161457 -4.523495197296143
0.9390942556805387 0.27148259945658726 0.2107111224878963 12.47826099395752 0.3418022684482571 -0.8015129332321228 -0.4906610104188675 -34.37027359008789 0.03568176328939711 0.532798476024409 -0.8454895597904367 -4.52207612991333
0.9396545026581782 0.27033755668436055 0.2096831444826734 12.461977005004883 0.3399462874798844 -0.8068158038750446 -0.4832026285587749 -34.35105514526367 0.038547856786795426 0.5253245321355131 -0.8500283516881946 -4.520328998565674
0.9422547262276373 0.26697740068298326 0.2021858017424516 12.444804191589355 0.332703081477391 -0.8152297613500321 -0.4740349098796609 -34.33102798461914 0.03827127483019961 0.5139294735016932 -0.8569782994855493 -4.517787933349609
0.9465892827644974 0.26137603687944366 0.18881551075213526 12.42668628692627 0.3205408713767559 -0.8262875068071353 -0.46314415236670997 -34.310176849365234 0.034961114576397834 0.49893037935131185 -0.865936601044171 -4.514523029327393
0.9522620313374843 0.25345409614819137 0.1701706344194321 12.407526969909668 0.3039309772672143 -0.83947937847347 -0.4504445961216462 -34.28850555419922 0.028687710442012 0.4806614133290712 -0.8764368893457735 -4.510616302490234
0.9588167520692286 0.24311041343369486 0.14685967054134946 12.387304306030273 0.2833547881731471 -0.8542687765489272 -0.4358152377246004 -34.26594543457031 0.01950640845380551 0.45948034157480233 -0.8879737134259866 -4.506129264831543
0.9657654426394535 0.2302492217184219 0.11950901933110156 12.36602783203125 0.25930898419122544 -0.8701072356528021 -0.41913273456311456 -34.24241638183594 0.007480676515891016 0.4357736733244683 -0.9000251913786439 -4.501109600067139
0.9726146719940162 0.21480488669209938 0.08876688839407917 12.34384536743164 0.23230889488759224 -0.8864492328633259 -0.4003003059106088 -34.21772766113281 -0.007299121733345078 0.4099592884777898 -0.912074615704607 -4.495535373687744
0.9788902351921405 0.19676231045134512 0.05530371263599482 12.320578575134277 0.20288869443517094 -0.9027676517529215 -0.37927133376898925 -34.19194793701172 -0.024699901130734184 0.3824855031688975 -0.9236312872297947 -4.489569187164307
0.9841600392009302 0.17617228478986421 0.019807657911596124 12.29622745513916 0.17159745057807893 -0.9185694511261886 -0.3560680811485868 -34.16500473022461 -0.04453461794073915 0.35382692030094576 -0.9342500619615826 -4.483278274536133
0.9880544445653853 0.15316222322401152 -0.017021984363365654 12.270817756652832 0.1389928425937893 -0.9334108410169294 -0.3307947877155371 -34.13684844970703 -0.06655376985781272 0.32447732624814823 -0.943549182856181 -4.476719856262207
0.9902835777437173 0.12794264068555147 -0.05448959850751884 12.244502067565918 0.10563116985046278 -0.9469114440301931 -0.3036458020797869 -34.10733413696289 -0.09044607015855038 0.29493965121540083 -0.9512255834100618 -4.469820022583008
0.9906511099841555 0.1008066315859955 -0.09191518544531359 12.217180252075195 0.07205552626028579 -0.9587668581615214 -0.2749074622967496 -34.07652282714844 -0.11583772883872627 0.26571438560862853 -0.9570671271431881 -4.462798595428467
0.9890637598239692 0.0721258832356467 -0.1286496637008899 12.1889009475708 0.03878328690599958 -0.968758372983381 -0.2449552437310939 -34.04438018798828 -0.14229805219904149 0.23728689753560045 -0.9609610775667704 -4.455718517303467
0.9855357826767072 0.04234271926255674 -0.1640923983286927 12.15975284576416 0.0062934220158307845 -0.9767593101918167 -0.21424668677236794 -34.01087188720703 -0.16935056511019003 0.2101150734218247 -0.9628977318582698 -4.448546886444092
0.9801891979396733 0.011957266312429198 -0.19770220035374983 12.129826545715332 -0.024984866137973374 -0.9827376416029037 -0.18330980399539779 -33.975990295410156 -0.19648127825940095 0.18461785276374884 -0.9629700700096837 -4.441282272338867
0.9732486482112481 -0.01848484021036017 -0.22900956189071164 12.09914493560791 -0.05467950149024508 -0.9867540352145092 -0.15273056702789253 -33.93976974487305 -0.22315290917161829 0.16116694658111738 -0.9613677727373446 -4.434113502502441
0.9650321335845148 -0.04841082578817849 -0.257622539960745 12.067780494689941 -0.08248328358506568 -0.9889559173480292 -0.12313692164149365 -33.902217864990234 -0.248816175274729 0.1400806392362069 -0.9583673228114734 -4.4270758628845215
0.9559383527704401 -0.07723311715720572 -0.2832259015639623 12.035837173461914 -0.10815162054981751 -0.9895670732363016 -0.09518526429541785 -33.86338806152344 -0.2729195718063955 0.12162258499440634 -0.9543180047260411 -4.419881343841553
0.9464298079005864 -0.10436612875359007 -0.3055786803529469 12.00338363647461 -0.13150104419950046 -0.9888735548019756 -0.06954543829572984 -33.82329559326172 -0.2949204877449182 0.10600379135810756 -0.9496236634193602 -4.4128642082214355
0.9370151143192905 -0.12923644244903904 -0.32450056622496476 11.970498085021973 -0.15239767794832976 -0.9872062885659377 -0.04689020763254618 -33.781982421875 -0.31428907600036576 0.09338996605086838 -0.9447225470728714 -4.406041145324707
0.9281722178611816 -0.1514037738637476 -0.33996063191268305 11.937201499938965 -0.17081849622724066 -0.9849120185066821 -0.027737288038983576 -33.73957061767578 -0.3306317821040799 0.0838165440763848 -0.9400305375900145 -4.399044036865234
0.9201364170891398 -0.1708969436287678 -0.3523396211110891 11.903520584106445 -0.18703032882518986 -0.9822809641820406 -0.01199014199839881 -33.6960334777832 -0.3440474241233342 0.07693076149334652 -0.935795398519437 -4.392144680023193
0.9130181551384939 -0.18789535597893534 -0.36206792676105704 11.869421005249023 -0.20132938123892521 -0.9795233917099941 0.0006366654543736791 -33.65137481689453 -0.35477363013258534 0.07231362454267143 -0.932151495770966 -4.385361194610596
0.906863277560606 -0.20260827641906926 -0.36952521177658443 11.834733963012695 -0.21396674632196394 -0.9767849146612644 0.010462406920935429 -33.60580062866211 -0.3630664226838222 0.06957813461627815 -0.9291618028647604 -4.378113746643066
0.9016662839325148 -0.2152661091514018 -0.3750445502472292 11.799543380737305 -0.22515652613748335 -0.974159427495494 0.01783111211765355 -33.55915069580078 -0.3691916184815555 0.06836601547895224 -0.9268352802793499 -4.370893955230713
0.8973812043264947 -0.22611125303796709 -0.3789204076994678 11.763728141784668 -0.23508149694965902 -0.9717010165931824 0.023104634679730382 -33.51151657104492 -0.3734215632678942 0.06834351177234584 -0.9251408003569973 -4.363467216491699
0.8939292803448401 -0.23539404960620114 -0.38141851443283326 11.72714614868164 -0.24390134329313845 -0.9694335553336785 0.026659267298749355 -33.463016510009766 -0.37603533940569833 0.06919698839614961 -0.9240179653637391 -4.355519771575928
0.8912076029937527 -0.24336882896691733 -0.3827801215494361 11.68991470336914 -0.25175907499857275 -0.9673588822740647 0.02888184622449099 -33.413455963134766 -0.37731469163285014 0.07062864838536448 -0.923387901970382 -4.347538948059082
0.8890950124187909 -0.25029036339373417 -0.3832294259112451 11.6517915725708 -0.25878591057738415 -0.9654635123877222 0.03016717975874834 -33.36308670043945 -0.3775445819749823 0.0723528868822455 -0.9231604131358433 -4.3388166427612305
0.8874574416253906 -0.2564103514187145 -0.3829791391042699 11.612890243530273 -0.26510419530679075 -0.9637240146328514 0.030915841419544864 -33.31169509887695 -0.37701333522099095 0.07409288295963937 -0.9232395083402107 -4.329914569854736
0.8861514562888283 -0.2619807270958053 -0.38223251450856705 11.573073387145996 -0.2708349382544269 -0.96210916688313 0.031533905881929815 -33.259403228759766 -0.3760106816806 0.07557810284601513 -0.9235279733891592 -4.320420265197754
0.8850277239152058 -0.26724885181559993 -0.38118759043903017 11.532328605651855 -0.2760958947153738 -0.9605827998431791 0.03243056531663636 -33.20615768432617 -0.3748292742340005 0.07654237942919542 -0.9239287198309889 -4.310490608215332
0.8839330690874013 -0.27245925300415064 -0.3800372150541939 11.490607261657715 -0.281003977810636 -0.9591035257625192 0.0340175149666225 -33.1519660949707 -0.3737634195963096 0.07672276273913137 -0.9243454569852919 -4.300041198730469
0.8827109925528084 -0.2778549122587929 -0.3789695916034618 11.447855949401855 -0.2856753813086328 -0.9576231232687565 0.036708722330795134 -33.096832275390625 -0.3731097427575476 0.07585908986173415 -0.9246807656400918 -4.289010047912598
0.8812021099737325 -0.283676535311299 -0.3781672443398803 11.404054641723633 -0.2902220512829773 -0.9560840823229734 0.0409192922438618 -33.04071044921875 -0.3731675258204314 0.07369430671642813 -0.9248324966341973 -4.277473449707031
0.8792428150052803 -0.29016573541608537 -0.3778040738954953 11.3545503616333 -0.29474990859517625 -0.9544146339148688 0.04706588947722291 -32.977725982666016 -0.3742386453116858 0.06997537109290158 -0.9246885333968865 -4.264095783233643
