1.0 0.0 -0.0 -14.54892635345459 -0.0 0.0748186137782289 -0.997197159558883 -0.2979809641838074 0.0 0.997197159558883 0.0748186137782289 -11.65369701385498
0.9999511728014909 0.009842221946274505 0.0008846920836380352 -14.472979545593262 5.2083451580194756e-05 0.08427607469221982 -0.9964424421519716 -0.26218992471694946 -0.009881766048467794 0.9963938347368632 0.08427144711070106 -11.665608406066895
0.9997997695753489 0.019910613644158238 0.00199705317716984 -14.387482643127441 0.00011422710679227788 0.09411983948979313 -0.9955608684387829 -0.2247888147830963 -0.020010190135215062 0.9953617549809359 0.09409871950257293 -11.678083419799805
0.9995396255677642 0.030157952040392275 0.0033218742576529795 -14.291205406188965 0.00015902336231624938 0.104278095303658 -0.9945481655261409 -0.18889892101287842 -0.030339934598223775 0.9940908292347189 0.10422529251580387 -11.69007396697998
0.9991662326806323 0.0405388051901083 0.004841977338973853 -14.183210372924805 0.00016115145621464766 0.1146806079630292 -0.9934024019436626 -0.1583532691001892 -0.04082662735275653 0.9925749157776397 0.11457845813245487 -11.700299263000488
0.9986768382257865 0.051008122230177394 0.006537909291000711 -14.063040733337402 9.75292384522014e-05 0.12525496036637368 -0.9921245815882529 -0.1391650289297104 -0.05142531749434045 0.990812477903952 0.12508425300747034 -11.706734657287598
0.9980705539205799 0.061520838224212226 0.008387840059104684 -13.932072639465332 -5.262878923842709e-05 0.13592980125620152 -0.9907184697787056 -0.13448363542556763 -0.06208998813719774 0.9888064904695154 0.13567076980132003 -11.708322525024414
0.9973483224475009 0.07203355283782248 0.01036778552615443 -13.792217254638672 -0.00030757712748889776 0.14663279397311402 -0.9891909467478707 -0.1452001929283142 -0.07277519568827243 0.9865647424255536 0.1462661269581399 -11.704755783081055
0.9965131152757716 0.08250199371505236 0.012451189357596072 -13.646923065185547 -0.0006831109742766739 0.15729225078823184 -0.9875518625375425 -0.16859741508960724 -0.08343347315540733 0.9840998774895838 0.15680014885902527 -11.696292877197266
0.9955696779848965 0.09288477549104507 0.014609406525505818 -13.505372047424316 -0.0011925854297002228 0.1678365583619088 -0.9858141140282088 -0.19718383252620697 -0.09401911516836459 0.9814292170906711 0.1672037613923505 -11.684759140014648
0.9945246877816353 0.10314091984997484 0.0168105932477656 -13.366861343383789 -0.0018476418520910962 0.17819352171771619 -0.9839937271331683 -0.22703856229782104 -0.10448555695610355 0.9785749943005589 0.17740842403119972 -11.6712007522583
0.9933867012281219 0.11322984470792931 0.01902272563352006 -13.230822563171387 -0.002655605104350367 0.18829344117500368 -0.9821092239522063 -0.2560217082500458 -0.11478592938439675 0.9755637253803021 0.18734889414529954 -11.656105995178223
0.9921658329189694 0.12311412837973679 0.021210171651945373 -13.096906661987305 -0.0036231339545848493 0.19806486196020479 -0.9801822194658664 -0.2825854420661926 -0.12487526932325084 0.9724264608956209 0.19695924771754902 -11.639820098876953
0.9908740888629507 0.1327553771660227 0.02333559199001089 -12.96490478515625 -0.004754197315213787 0.20743822880916107 -0.9782365658859856 -0.3055810332298279 -0.13470685813240993 0.96919832390591 0.20617631122432467 -11.622602462768555
0.9895248445545879 0.1421176917731266 0.025360277882895715 -12.834699630737305 -0.006050650815893718 0.21634507884184923 -0.976298210838071 -0.3239489793777466 -0.1442358195245662 0.9659178891324008 0.21493873503881095 -11.60462760925293
0.988132862625228 0.15116624965026618 0.027243545414380427 -12.706252098083496 -0.007512709097852177 0.22471640321850384 -0.9743952469745271 -0.3358862102031708 -0.15341774669862368 0.9626272918898632 0.223185330850181 -11.585966110229492
0.9867140816784281 0.15986744327379057 0.028943420644382267 -12.580015182495117 -0.009139143934564553 0.23248540198498147 -0.9725569463594536 -0.3432275354862213 -0.16220911523598053 0.9593711161198167 0.23085767149778114 -11.566459655761719
0.9852856429419456 0.1681873082115653 0.030417612809444536 -12.451468467712402 -0.01092614623614463 0.23958534374538526 -0.970813824783533 -0.3468652367591858 -0.1705661781857814 0.956196576243062 0.23789763857622198 -11.545120239257812
0.9838653999080997 0.1760936381706963 0.031621281749532215 -12.320801734924316 -0.012870592579420512 0.24594974897232946 -0.9691971258867327 -0.34700560569763184 -0.17844669431045782 0.9531525332160937 0.24424787760268063 -11.52153491973877
0.9824718443156861 0.18355424121860375 0.03251023927313346 -12.188233375549316 -0.014967416983395626 0.25151397768850453 -0.9677379270526455 -0.3438659608364105 -0.1858091804938037 0.9502886716982207 0.24985273439818906 -11.495197296142578
0.9811236339885099 0.19053823249553464 0.033039321825030055 -12.054007530212402 -0.017211834540402746 0.2562129145564269 -0.9664671205820996 -0.3377014100551605 -0.19261403786052073 0.9476550661353416 0.254656058335723 -11.46548080444336
0.9798394769652499 0.19701264055025197 0.03317557601433213 -11.918432235717773 -0.019590848693221766 0.2600030522552846 -0.9654090384212356 -0.3288000524044037 -0.19882353489450086 0.9452959495741812 0.25862089956285866 -11.43159294128418
0.9786365589477773 0.20294326648353633 0.03293199173821425 -11.781919479370117 -0.022065791580549235 0.26292756165938114 -0.9645632162599691 -0.3175073266029358 -0.20441033812597936 0.9432301563822292 0.26178862801576785 -11.392531394958496
0.977531530458616 0.2082941205771866 0.032336763786934924 -11.645059585571289 -0.0245909799980171 0.2650508692966179 -0.9639208060768499 -0.3042663633823395 -0.2093499239597968 0.9414677880937209 0.2642177384657277 -11.347012519836426
0.9765406250575743 0.21302866822880395 0.031419645523527565 -11.50870132446289 -0.027123280114053128 0.2664377724738904 -0.9634704152567455 -0.2893005311489105 -0.2136181998052052 0.9400157976926842 0.26596534511129427 -11.293545722961426
0.9756798069069292 0.21710868100433486 0.030211504871744316 -11.373929023742676 -0.029621924397437882 0.2671528292593261 -0.9631987891467316 -0.2691076695919037 -0.21718990765928775 0.9388786856944275 0.26708679780111694 -11.231854438781738
0.9749640657149113 0.22049681603617738 0.02874412431365285 -11.251700401306152 -0.0320490370984864 0.2672595535372928 -0.963091475543267 -0.24155761301517487 -0.22004074573976162 0.9380583591445447 0.2676351715551125 -11.166956901550293
0.974407784249345 0.22315374506456193 0.027053207904827015 -11.143621444702148 -0.034366410406989845 0.26682375008322345 -0.9631324084606765 -0.2035546898841858 -0.2221450423259984 0.9375539944212203 0.2676641322904404 -11.100252151489258
0.9740242210884721 0.22504021129814133 0.02517379653296173 -11.052206039428711 -0.036539376361765394 0.2659093189102555 -0.9633053036767613 -0.15257811546325684 -0.22347637617450378 0.9373628632581791 0.2672249462088818 -11.033797264099121
0.973825342908699 0.22611634194108088 0.02314306410004925 -10.980461120605469 -0.03853393561953654 0.26457986651875887 -0.9635936021158428 -0.0879199206829071 -0.22400744923868987 0.937480076663019 0.26636773180225093 -10.970648765563965
0.9738211588738859 0.22634341878581857 0.021000173853322285 -10.930227279663086 -0.04031730973422207 0.2628996523233145 -0.96398043929536 -0.012227782979607582 -0.2237115666775346 0.937897878012648 0.2651428018145224 -10.914419174194336
0.9740204977903358 0.22567943193413947 0.018784671574200107 -10.899785041809082 -0.04185770375417598 0.2609326023047902 -0.9644491223962401 0.06864135712385178 -0.22255786330905966 0.938606931071966 0.2636001259919495 -10.867531776428223
0.974429188379975 0.22408539833179364 0.016537565952233976 -10.882511138916016 -0.04312430602295801 0.2587409244955523 -0.9649836414267472 0.1480456441640854 -0.22051768877616457 0.9395950554604191 0.2617882363498222 -10.828676223754883
0.9750508522298562 0.22152050120904065 0.014300458381703865 -10.873472213745117 -0.04408696259716309 0.25638754273149955 -0.9655681061743185 0.22260619699954987 -0.21755959021561833 0.940847541037441 0.25975705809277505 -10.796151161193848
0.9758862224738841 0.21794337991230345 0.012114616711004195 -10.87139892578125 -0.04471642242035841 0.25393352765375143 -0.9661874585706679 0.2908654808998108 -0.21365046770736834 0.9423473068278613 0.25755587930136614 -10.769462585449219
0.9769323718925556 0.21331354069267822 0.010023677246344967 -10.87043285369873 -0.04498181998359563 0.25143908211821114 -0.966827297843061 0.3514685034751892 -0.20875769834750807 0.944074002046823 0.25523421016773246 -10.746228218078613
0.9781828515927398 0.20758899481537413 0.00806957752541651 -10.872434616088867 -0.04485352149724904 0.24896334156590433 -0.9674737289278891 0.4045141637325287 -0.20284592788417505 0.9460042620347339 0.2528427688365373 -10.727072715759277
0.9796265469283796 0.20072918392248737 0.006294702136824759 -10.874810218811035 -0.04430116871196543 0.24656398052611916 -0.9681134282499491 0.4497155547142029 -0.19588066521209563 0.9481107520901382 0.25043315828208357 -10.711066246032715
0.981248114550532 0.1926905644417856 0.004741736615713463 -10.876761436462402 -0.0432920317209147 0.2442968825725751 -0.9687336234253446 0.48699095845222473 -0.1878242201647648 0.9503627620758445 0.24805782144304667 -10.69792366027832
0.9830262433144973 0.18343252979862773 0.0034513717073717254 -10.878758430480957 -0.04179413323875368 0.24221559751648924 -0.9693218530222826 0.5163488388061523 -0.17864113574932342 0.9527245726501473 0.2457706924895362 -10.68775749206543
0.9849342536158672 0.1729116768087096 0.0024633467792954528 -10.880804061889648 -0.03977320279165761 0.2403718828498957 -0.9698656867189857 0.5377966165542603 -0.16829322147326192 0.9551559610652054 0.24362775221176108 -10.680570602416992
0.9869342093789308 0.16111369911144455 0.0018006432772731118 -10.882081031799316 -0.03721107963217068 0.2387888603200627 -0.9703582924567885 0.5513317584991455 -0.15676798751720114 0.9576127902997499 0.2416641097559466 -10.676179885864258
0.9889663881591483 0.14813325526866897 0.0014218913307535302 -10.882587432861328 -0.03416207382404529 0.2373912167085881 -0.9708132482314282 0.55694580078125 -0.14414727123150683 0.9600530969238752 0.23983247337128244 -10.67457389831543
0.990967540901111 0.13409593234135975 0.001270358180449016 -10.882558822631836 -0.030700512707736688 0.23607759974123976 -0.9712491160458769 0.5570300221443176 -0.13054045886194543 0.962437347482898 0.2380620523523148 -10.674920082092285
0.9928780927542761 0.11912776003910587 0.0012921751801764705 -10.883010864257812 -0.026901209717053884 0.23474971021498048 -0.9716835382313224 0.5620703101158142 -0.11605782112546376 0.9647285371243289 0.23628252540880368 -10.673609733581543
0.9946433955823639 0.10335599823897801 0.0014329174469320319 -10.88394546508789 -0.022843319415605974 0.23330958238329608 -0.9721341581933065 0.5720544457435608 -0.1008102097134112 0.9668940874760568 0.23442082932491654 -10.670629501342773
0.996214823515976 0.08690988921155861 0.0016421218795189818 -10.885359764099121 -0.018607149788786068 0.2316638051635332 -0.972617939045898 0.5869689583778381 -0.08491053753080512 0.9689058532872981 0.23240406210271497 -10.665969848632812
0.9975508250780631 0.06992033991238317 0.0018701477514054196 -10.887249946594238 -0.014277221127282379 0.22972129786409579 -0.9731517282852237 0.6068041920661926 -0.06847271239667646 0.9707416089640807 0.23015693837655604 -10.659621238708496
0.9986177216360366 0.05252004258535258 0.0020715118353872505 -10.889615058898926 -0.009939338377902111 0.22739392282554516 -0.973752131404404 0.631549060344696 -0.05161255261136539 0.9723855454442147 0.22760161560080427 -10.651573181152344
0.9993904192323871 0.03484168308186945 0.002201605445058319 -10.892570495605469 -0.005683507345861252 0.22459776530627995 -0.9744349858064797 0.661175549030304 -0.03444543062240156 0.9738284761391235 0.2246588777898384 -10.641801834106445
0.9998527046740855 0.01701891330934732 0.0022193570430986964 -10.896732330322266 -0.0016013896110209482 0.221254065483398 -0.975214886093512 0.6955822706222534 -0.017088139372955304 0.9750676874437164 0.22124872970467724 -10.630231857299805
0.9999974954936839 -0.0008131991424381336 0.0020851171464730295 -10.901482582092285 0.0022119967770535725 0.2172865225492328 -0.9761053601884995 0.7348522543907166 0.00034070018796964906 0.9761075277988673 0.21728777714764685 -10.616914749145508
0.9998268919940039 -0.01852244306858409 0.0017621431216845625 -10.90682315826416 0.0056610945165883435 0.21262275287472987 -0.9771179647150314 0.7789745926856995 0.01772394015123309 0.9769587934313004 0.2126908034748397 -10.601839065551758
0.9993519167157958 -0.035975972220059785 0.0012148988792364673 -10.912870407104492 0.008648142721673224 0.20719521601731222 -0.9782613925158271 0.8278601169586182 0.0349421834453838 0.9776379042786553 0.20737206160355443 -10.584809303283691
0.9985921108069018 -0.0530436507379177 0.00040908508905929813 -10.919870376586914 0.011074780529266772 0.20093776605517727 -0.9795414046424904 0.8813341856002808 0.05187625150726352 0.9781668494122813 0.20124231473625637 -10.565424919128418
0.9975749502185063 -0.06959701227342102 -0.0006888970591061791 -10.92750072479248 0.012842481618045676 0.19378874813964386 -0.9809592202331143 0.9396069049835205 0.06840533138897084 0.9785714981426155 0.19421259912910416 -10.544179916381836
0.9963349534444969 -0.0855113815348366 -0.0021128589059429895 -10.935639381408691 0.013853270544135626 0.18568762248412818 -0.9825111672400592 1.0024523735046387 0.0844082190309913 0.9788809480647768 0.18619168100594796 -10.520439147949219
0.994912763726111 -0.10066480690100157 -0.0038973358150857784 -10.944197654724121 0.014010468209392196 0.1765751425007251 -0.9841874444593379 1.069708228111267 0.0997612116778114 0.9791260468920397 0.1770872241076194 -10.493744850158691
0.9933538386325146 -0.11493998300851074 -0.006078781132073156 -10.953367233276367 0.013219508907125942 0.16639250523385785 -0.9859709827303516 1.1417003870010376 0.1143389516232452 0.9793377019741474 0.16680608392289942 -10.465031623840332
0.9917071058759983 -0.12822397859952536 -0.008696405416058366 -10.961762428283691 0.011388936617411631 0.1550810758036995 -0.987836095741744 1.2174829244613647 0.1280129223077755 0.9795450327778075 0.15525533962652543 -10.431607246398926
0.9900233454541932 -0.14040903484958248 -0.01179315005824276 -10.970664978027344 0.008431273389117921 0.14257913134500355 -0.9897474955431524 1.2979114055633545 0.14065094768513098 0.9797736954202809 0.1423404955652522 -10.395926475524902
0.9883491088448073 -0.15142305346872714 -0.015397984409727422 -10.978890419006348 0.004293043794470874 0.12886075945659664 -0.9916534043945233 1.382293701171875 0.1521433824412155 0.9800336542948289 0.12800948257402606 -10.356163024902344
0.9867100859508808 -0.1613201556189641 -0.019468273520742582 -10.987415313720703 -0.0009575574507465212 0.11403678684850754 -0.9934760663090966 1.4712035655975342 0.16248781297849313 0.9802914967683546 0.11236677443588466 -10.313812255859375
0.9851213374164856 -0.17018344876285102 -0.02394878564638711 -10.99511432647705 -0.007218533706868077 0.09825367066975671 -0.9951352214503522 1.5642297267913818 0.17170860006964517 0.9805018153818486 0.09556331249502398 -10.267765998840332
0.9835922531454409 -0.17809448606655287 -0.028785996334421707 -11.002903938293457 -0.014380836818188872 0.08165332802797964 -0.9965570357758575 1.661834716796875 0.17983178552381546 0.9806197469226516 0.07775243314952196 -10.219178199768066
0.9821276503567848 -0.18513225547159295 -0.033931200813731466 -11.010149955749512 -0.022332916503341627 0.06437860786523708 -0.9976756164654866 1.7639575004577637 0.1868863805768513 0.9806025916921365 0.059093467672403754 -10.167794227600098
0.9807288877504008 -0.19137258518547917 -0.03933678140478769 -11.017016410827637 -0.03095952723924314 0.046570523364317495 -0.9984351225926981 1.8709239959716797 0.19290504504803418 0.9804120154266777 0.039748252817146834 -10.114311218261719
0.9793947167271622 -0.19688788201234864 -0.044957210362893005 -11.02363395690918 -0.04014416502444369 0.028370845853736226 -0.9987910397675953 1.982818603515625 0.19792532647797295 0.9800154371346582 0.01988235691141299 -10.05891227722168
0.9781221134144229 -0.20174723749034465 -0.05074626503219057 -11.029695510864258 -0.04976828172771233 0.009920446364106328 -0.9987115213502885 2.1000938415527344 0.20199071608263067 0.979387378369229 -0.00033720538953307955 -10.002516746520996
0.976907065666953 -0.20601561705514349 -0.05665819075272725 -11.03526496887207 -0.05971363073939673 -0.00863865924812085 -0.9981781683999676 2.223271369934082 0.20515084049036436 0.9785105717853965 -0.020741107740758213 -9.94635009765625
0.9757452199898433 -0.20975399493890332 -0.06264604755403774 -11.040445327758789 -0.06986246900504853 -0.02716595172715247 -0.997186665821037 2.352648973464966 0.2074620473520178 0.9773767301680188 -0.041160979514348106 -9.891286849975586
0.9746322752873491 -0.21301941823868176 -0.06866334845795688 -11.04520034790039 -0.0800997895914808 -0.045519417138303375 -0.9957469590065489 2.4888317584991455 0.2089879223199411 0.9759870440311402 -0.06142750367507671 -9.839160919189453
0.9735646469624784 -0.21586470297034505 -0.07466128981172081 -11.049299240112305 -0.0903120435702256 -0.06355833689130752 -0.9938833294697023 2.627333879470825 0.20979898229256194 0.9743524864355486 -0.08137333227703958 -9.793606758117676
0.9725398547535442 -0.21833798156525483 -0.08059005349275752 -11.052581787109375 -0.1003890261705225 -0.08114252013170553 -0.9916339722151565 2.7680394649505615 0.209972079907042 0.9724939162959766 -0.10083307208859882 -9.755390167236328
0.9715564111321441 -0.2204844516380598 -0.0863987648863821 -11.054963111877441 -0.1102246844899788 -0.09813288955937882 -0.9890502792658276 2.9105796813964844 0.2095916480137338 0.9704414163526776 -0.11964446711108823 -9.724552154541016
0.9706145474969048 -0.22234454830037456 -0.09203424378176372 -11.056452751159668 -0.11971597410967214 -0.11439117387112058 -0.9861960985946756 3.054494619369507 0.20874742089508802 0.9682342491264648 -0.13764793165231187 -9.70053768157959
0.96971572294207 -0.22395578018121773 -0.09744344617448969 -11.056964874267578 -0.12876595728115445 -0.12978112240423967 -0.9831460667230295 3.199439525604248 0.20753492458958922 0.9659195974774079 -0.15468867536014275 -9.683331489562988
0.9688630799416965 -0.2253521344756506 -0.10257069665922139 -11.056793212890625 -0.13728063252204442 -0.14416741632732977 -0.9799845835541751 3.3449254035949707 0.20605426532891072 0.9635518520332836 -0.1706149705711436 -9.670527458190918
0.9680612918606377 -0.22656433794650155 -0.10735891193551111 -11.056084632873535 -0.14517011504039368 -0.15741654676098743 -0.9768038024624007 3.4907946586608887 0.20440883762761397 0.9611912565024244 -0.18527923662142626 -9.66093635559082
0.967315772549907 -0.22762222306298252 -0.11175115097413016 -11.054937362670898 -0.15235018845357784 -0.1693969321331047 -0.973701237270474 3.636977434158325 0.20270573808932082 0.9589018734739015 -0.19853861285378593 -9.653851509094238
0.9666333696120769 -0.22855261957781997 -0.11568763476067068 -11.05318832397461 -0.15873775738712348 -0.17997674584811973 -0.9707783966146075 3.783439874649048 0.20105286153673307 0.9567507883655166 -0.21025145856771987 -9.64972972869873
0.9660215484563923 -0.22937499869393727 -0.11911959491229981 -11.051231384277344 -0.16426964000292557 -0.18905689953956473 -0.9681285937879307 3.9301280975341797 0.1995441136471416 0.9548008162494643 -0.22031238730069957 -9.646468162536621
0.9654900201397565 -0.2300796353144882 -0.1220343493615008 -11.048907279968262 -0.16893891017069815 -0.1966583334015654 -0.9658080267496516 4.077035903930664 0.19821368681518814 0.9530943611821818 -0.22874106111902964 -9.644671440124512
0.9650474287703239 -0.2306517670488607 -0.1244315980007678 -11.04638671875 -0.17275570219763398 -0.20283193246281134 -0.9638540732556997 4.224145412445068 0.19707594369173775 0.9516611631934129 -0.2355888428754031 -9.643669128417969
0.964701314660363 -0.23107906710696668 -0.12630850421702186 -11.04365062713623 -0.17572714419574875 -0.2076267806640243 -0.9622947005693733 4.371451377868652 0.19614113358848004 0.9505227954636687 -0.24090469281140814 -9.643545150756836
0.9644578721748267 -0.2313517220202327 -0.12766124516970231 -11.04075813293457 -0.17785915315161077 -0.21109081140204972 -0.961148683077606 4.518939018249512 0.19541528712001457 0.949693134680828 -0.2447362161591639 -9.644083023071289
0.9643219832200683 -0.23146168714637527 -0.12848579712119226 -11.037698745727539 -0.17915686991507823 -0.21326966649897428 -0.9604263976555665 4.666606426239014 0.19489979127938137 0.9491794017648982 -0.24712857913338115 -9.64532470703125
0.9642968579842712 -0.23140404419127952 -0.12877786305721378 -11.034533500671387 -0.1796251493009297 -0.21420736734389417 -0.9601302044588623 4.814445495605469 0.19459284524432252 0.9489822822937836 -0.24812547727349726 -9.647038459777832
0.9643848066727777 -0.231174949523286 -0.12853049199164895 -11.031224250793457 -0.17926580921681917 -0.21394668233585523 -0.9602554799444363 4.962448596954346 0.1944883397650053 0.9490969180386093 -0.24776869427969517 -9.649454116821289
0.9645864068802595 -0.2307732174168181 -0.1277371746396525 -11.027846336364746 -0.17808106182902966 -0.2125284812092464 -0.9607907056652542 5.110615253448486 0.19457697469042012 0.9495132262364657 -0.246098423648634 -9.652164459228516
0.964901008212661 -0.23019903302379985 -0.12639006901295075 -11.0243501663208 -0.1760714864591948 -0.20999175508889195 -0.9617184070458135 5.258930683135986 0.19484577492529964 0.9502167478999698 -0.2431527421275877 -9.655641555786133
0.9653263408553034 -0.22945516519769638 -0.1244804515376141 -11.020808219909668 -0.17323708302438318 -0.20637471889786113 -0.9630152586875411 5.407403469085693 0.19527920707569812 0.9511886261746019 -0.2389690957424409 -9.659258842468262
0.9658587526415252 -0.22854563021055496 -0.12199903629708396 -11.017186164855957 -0.16957716635917885 -0.20171411698520214 -0.9646527870993123 5.556008338928223 0.19585825128226875 0.9524065885537228 -0.23358346577639266 -9.663740158081055
0.9664931294457402 -0.2274763684319645 -0.11893499291287327 -11.013525009155273 -0.16508989102200639 -0.19604654883397737 -0.9665976818576739 5.704765319824219 0.19656133550757668 0.9538449834723105 -0.22703169137410267 -9.668327331542969
0.9672225125552739 -0.22625506922937316 -0.1152790304186938 -11.009844779968262 -0.1597748132800561 -0.18940590151801773 -0.9688123727076724 5.853644847869873 0.19736418177467202 0.9554758228852044 -0.21934751339884306 -9.673721313476562
0.9680388627165601 -0.2248905802100523 -0.11101795892203506 -11.006135940551758 -0.15362835449870557 -0.18182814371822587 -0.971255298490569 6.002662181854248 0.1982399782194517 0.9572683809072408 -0.21056627923478421 -9.679306030273438
0.9689319235129016 -0.2233938738544217 -0.10614190841464824 -11.002460479736328 -0.14665026386627425 -0.1733463119683979 -0.9738812844669041 6.151792049407959 0.19915980444241502 0.9591904051080108 -0.20072154603626735 -9.685672760009766
0.9698903142007235 -0.22177680233647254 -0.1006371122649676 -10.998781204223633 -0.13883715945514505 -0.16399541061396394 -0.9766420779650979 6.301049709320068 0.20009253252945033 0.9612078626618528 -0.1898484215972952 -9.692303657531738
0.9709004792154228 -0.2200531292609366 -0.09449274978394627 -10.99521255493164 -0.13018912300159377 -0.15380981864799342 -0.9794862591887378 6.450403690338135 0.20100510369475155 0.9632856066556484 -0.1779825505456118 -9.699838638305664
0.9719474946235211 -0.21823725054463 -0.0876958959688583 -10.991665840148926 -0.12070455671372678 -0.14282404723961117 -0.9823602707350496 6.599874019622803 0.20186252174091934 0.9653878982071495 -0.16515970547194359 -9.707655906677246
0.9730144259499953 -0.21634533503052705 -0.08023479858347266 -10.98830509185791 -0.11038379721845937 -0.1310730480731772 -0.9852082385873765 6.749428749084473 0.20262858684014817 0.9674784504470039 -0.15141698621960797 -9.71638298034668
0.9740808027910242 -0.21439821555914496 -0.07211098944715616 -10.985042572021484 -0.09924419609010175 -0.11860363040094701 -0.9879695179498933 6.899085521697998 0.2032662765350487 0.9695187383546382 -0.13680729806120429 -9.725448608398438
0.9751180034261142 -0.21243302249437962 -0.06338052025797392 -10.98194694519043 -0.08737048562315058 -0.10550863751690032 -0.9905727260788592 7.048825740814209 0.20374316586389807 0.9714628857363673 -0.12144374829741711 -9.735015869140625
0.9760973385204714 -0.21048870404066672 -0.054115535704018725 -10.979127883911133 -0.0748659266946957 -0.09189272288033873 -0.9929505629696685 7.198638916015625 0.20403205324996554 0.9732678115261585 -0.10545467411966797 -9.744988441467285
0.9769930522943366 -0.2086005849593951 -0.04438886936152234 -10.976540565490723 -0.06183406248367945 -0.07786433615263882 -0.9950445687868829 7.348526477813721 0.20411056926421162 0.9748963745496787 -0.08897153704715027 -9.755117416381836
0.9777825097935282 -0.20680063339601834 -0.03427625371703559 -10.9742431640625 -0.04838046751992851 -0.06353360184461576 -0.9968063060591075 7.498476505279541 0.20396248160978558 0.9763180728961518 -0.07212715599496788 -9.765302658081055
0.9784467066120612 -0.20511702532262932 -0.023854732084157018 -10.972373008728027 -0.034611137931341227 -0.049013003710950576 -0.9981982741912191 7.64849853515625 0.20357826861212064 0.9775094533507215 -0.05505594571765243 -9.775205612182617
0.978970658637926 -0.20357337755546095 -0.013203388833450083 -10.970966339111328 -0.02063296439531402 -0.03441664370737596 -0.9991945633439872 7.798594951629639 0.20295499576577863 0.978454584835996 -0.03789320660925222 -9.78441047668457
0.9793435680010392 -0.20218902387978116 -0.002403005937469796 -10.970052719116211 -0.006553338065002953 -0.01986007462602446 -0.999781291681363 7.94875955581665 0.20209707958107664 0.9791451251261939 -0.020774849371534843 -9.792542457580566
0.9795591370651502 -0.2009781969933775 0.008465301262772548 -10.96968936920166 0.007521341193008194 -0.005459981022883975 -0.9999568080841732 8.098990440368652 0.2010157367442577 0.9795804984484535 -0.003836748707225557 -9.799100875854492
0.9796154475462608 -0.19995084291441856 0.0193192998463355 -10.968009948730469 0.02148505920134909 0.008667036796717376 -0.9997316013332173 8.24924087524414 0.19972973529210325 0.9797675963671068 0.012786318827892218 -9.8037691116333
0.979515030794681 -0.19911229752947746 0.030076526059832895 -10.960420608520508 0.0352327171239145 0.02240281785304865 -0.9991280045100874 8.399249076843262 0.19826487356907474 0.9797205758402627 0.02895916407396537 -9.806079864501953
0.9792648990355362 -0.1984628231485054 0.040654216815067104 -10.936908721923828 0.04866065744822903 0.035631171986816534 -0.9981796231137722 8.547297477722168 0.19665298862114333 0.9794605287661015 0.04454968749162569 -9.804718971252441
0.9788761177779535 -0.19799902961757662 0.050969896159009265 -10.842242240905762 0.061666886602706666 0.04823659183799628 -0.9969305022440549 8.649165153503418 0.19493265796343898 0.979014614537675 0.0594276314600905 -9.791987419128418
0.9783636997984955 -0.19771326113775353 0.06094208141238992 -10.71084976196289 0.07415130664898847 0.06010277091429134 -0.9954341970470334 8.590065956115723 0.19314775338804113 0.9784156188955176 0.07346306597504454 -9.775723457336426
0.9777461732710158 -0.1975945601836237 0.07048978961328795 -10.601641654968262 0.08601570186008972 0.07111595668931148 -0.9937523935758246 8.492477416992188 0.19134711831486106 0.9777008287252316 0.08652958928941168 -9.76362419128418
0.9770452226179819 -0.19762876051196782 0.07953304959500429 -10.500983238220215 0.09716383802304894 0.0811642209839315 -0.9919534050612974 8.383849143981934 0.1895832839150352 0.9769110718231085 0.09850348323494118 -9.753108978271484
0.9762850330721757 -0.19779975081152956 0.08799314051764287 -10.407894134521484 0.10750120225109366 0.09013597693548209 -0.9901105984567863 8.273110389709473 0.18791228196642787 0.9760895267549913 0.10926211624065613 -9.74374771118164
0.9754918202204617 -0.19808959085689307 0.09579260241333418 -10.322047233581543 0.11693483315349765 0.09792085737074446 -0.9883004353369181 8.161138534545898 0.1863919351214909 0.9752804825720275 0.11868456865043114 -9.735512733459473
0.9746931372324734 -0.1984795532474627 0.10285502017211638 -10.239553451538086 0.1253729151436071 0.10441039659878854 -0.9866002742906966 8.051056861877441 0.18508084822669452 0.9745277502589506 0.12665205720759515 -9.727619171142578
0.9739171317656716 -0.1989509551204765 0.10910516903418399 -10.16268253326416 0.13272431757059872 0.10949682008284184 -0.9850861393386696 7.941271781921387 0.18403715923352704 0.9738731764703226 0.13304645870092718 -9.720548629760742
0.9731887228480584 -0.19948997135679866 0.11448782052877485 -10.088943481445312 0.1389240388101867 0.1131064090291517 -0.9838226728822609 7.833588600158691 0.1833134505758676 0.9733502409536837 0.13778783427202523 -9.71377182006836
0.9725192720874348 -0.20009855710212837 0.11902450530950534 -10.018399238586426 0.14401125750260557 0.11530422843303145 -0.982835536912449 7.728030681610107 0.1829399440555409 0.9729673696230053 0.14095202913702942 -9.707320213317871
0.9719132901714387 -0.20078757403754718 0.12275547442067523 -9.952433586120605 0.14804960501937478 0.11618957089222076 -0.9821309984261206 7.623680114746094 0.1829367946634456 0.972720069561638 0.14265270915852318 -9.701507568359375
0.9713717991161888 -0.2015714861218525 0.12572097623072193 -9.888419151306152 0.15110082856927853 0.11586043689159603 -0.9817050976586428 7.522316932678223 0.1833176682359216 0.9725971905912105 0.1430011795987301 -9.695762634277344
0.9708926408205963 -0.2024683957564274 0.1279610437603046 -9.827719688415527 0.15322492205633986 0.11441476816847362 -0.9815454060234721 7.423107624053955 0.18409129056323242 0.972582032295874 0.14210766057461643 -9.690404891967773
0.9704708814523251 -0.20349930853523615 0.12951563488177037 -9.770848274230957 0.1544801260024121 0.11194953529267188 -0.981632921319387 7.325740814208984 0.18526240558576956 0.9726537580112645 0.14008036301758447 -9.685564994812012
0.970099161261992 -0.20468737555653407 0.13042505743360022 -9.715828895568848 0.15492359337684067 0.10856170594199338 -0.9819434995040048 7.231464862823486 0.18683227112569945 0.9727884838394947 0.13702652361959194 -9.6807861328125
0.9697680385369611 -0.2060577095572811 0.1307293837061204 -9.662772178649902 0.15461105165096534 0.10434870549829345 -0.9824493729288104 7.140228271484375 0.1887998255813744 0.9729602088435259 0.1330528386303914 -9.676105499267578
0.9694662935783647 -0.20763648904571555 0.13046913057193626 -9.614532470703125 0.15359752378380034 0.09940811090816781 -0.9831204545594373 7.050406455993652 0.19116198969176218 0.9731418786088893 0.12826526339835242 -9.672211647033691
0.9691810879688023 -0.2094512083408693 0.12968504172863776 -9.568041801452637 0.15193731889854842 0.09383733023450708 -0.983925610287882 6.963778018951416 0.19391510990515815 0.9733060910006728 0.12276882084414026 -9.668375015258789
0.9688984581914941 -0.21152916250734777 0.12841803270212998 -9.523303985595703 0.14968437199410506 0.08773528338739317 -0.9848335437167357 6.880351543426514 0.19705422222037172 0.9734258746601476 0.11666919065139042 -9.664604187011719
0.968603306879724 -0.21389785901571512 0.126709667390285 -9.480547904968262 0.14689265070132584 0.08120022412013794 -0.9858139138664953 6.800024032592773 0.20057463217366667 0.973475335851573 0.11007082909229715 -9.660956382751465
0.9682797484451192 -0.21658451555376573 0.12460126954970363 -9.442261695861816 0.14361611174673228 0.07433272032933635 -0.9868379092511553 6.721502304077148 0.20447185918313404 0.9734299123772506 0.10307989373011262 -9.658052444458008
0.96791116119072 -0.21961570030068006 0.1221348771804111 -9.405613899230957 0.1399091959445446 0.06723184466988819 -0.9878791909704522 6.64628791809082 0.20874242724607583 0.9732670873114563 0.09580070888929182 -9.655203819274902
0.9674804647051113 -0.2230171585996426 0.11935198944351093 -9.37060546875 0.13582675796072757 0.059999260782647834 -0.9889141421414773 6.574391841888428 0.21338379093984627 0.9729663075747679 0.08833981032616212 -9.652413368225098
0.9669702955689168 -0.22681277648941955 0.11629450506590021 -9.337240219116211 0.13142469291513348 0.05273615303532303 -0.989922445576015 6.505829811096191 0.21839413357396975 0.9725095694049474 0.08080309298708471 -9.649690628051758
0.9663628287562025 -0.23102602706124864 0.11300379647872774 -9.306352615356445 0.12675968124151743 0.045543836495186674 -0.9908873508975925 6.440220832824707 0.22377414151295363 0.9718810286128622 0.07329665621667669 -9.647249221801758
0.9656401486884743 -0.23567839850896133 0.10952075473239145 -9.279010772705078 0.12188968582507759 0.03852434935504401 -0.9917957345120185 6.377073764801025 0.2295256145408728 0.9710672309284367 0.06592742438934618 -9.64536190032959
0.9647841758410357 -0.24078990599904548 0.10588538716794056 -9.253169059753418 0.11687398440298774 0.03177996768286517 -0.9926381543260598 6.317368030548096 0.23565221368895312 0.9700568307182045 0.05880288564729719 -9.643525123596191
0.9637767351041531 -0.24637865431128952 0.10213698434816569 -9.228824615478516 0.11177342029359673 0.025411484650738392 -0.9934087572413062 6.261116981506348 0.24215926038012736 0.9688404487569682 0.052029582590544465 -9.64175033569336
0.9626029270787613 -0.25245006475766263 0.098308542778606 -9.205978393554688 0.10663941784685377 0.019497906706140433 -0.9941065668203599 6.208328723907471 0.24904545637430364 0.9674134568207797 0.04568987000839714 -9.64003849029541
0.9612610880268075 -0.25896547600962905 0.0944139972706623 -9.18463134765625 0.1014804489597855 0.014024852824566614 -0.9947386701954287 6.159001350402832 0.25627883081604447 0.9657847512455121 0.03976147805610036 -9.638394355773926
0.9597538367057896 -0.26587441807314 0.0904619629611576 -9.164779663085938 0.09629423684704226 0.008954712301744772 -0.9953126308239231 6.113133430480957 0.26381810566858827 0.9639660818420233 0.034196493673700534 -9.63681697845459
0.9580845508265473 -0.2731273601817314 0.08646061870962936 -9.14823055267334 0.09107882799469891 0.004249815229974696 -0.9958346178766951 6.069964408874512 0.2716222387040597 0.9619684943856893 0.028947802174344228 -9.635848045349121
0.9562577432401785 -0.2806748542317371 0.08241816969087472 -9.133075714111328 0.08583233041218921 -0.00012891102216971984 -0.9963095876473141 6.03028678894043 0.27964967289309217 0.9598029014250485 0.023967704663672706 -9.634915351867676
0.9542792266741578 -0.28846762453372143 0.07834275418980427 -9.11926555633545 0.08055292321862297 -0.004220525720595558 -0.9967413976170434 5.994113445281982 0.2878582708540903 0.9574803479750977 0.019209350389315094 -9.634004592895508
0.9521559707043008 -0.2964575709192973 0.07424227971163395 -9.10679817199707 0.07523846284618009 -0.00806413081787477 -0.9971329617973204 5.961440086364746 0.2962063151938099 0.9550119781650814 0.014626701628300431 -9.633112907409668
0.9498965168987596 -0.3045965337569153 0.07012530789149497 -9.095674514770508 0.06988680970195095 -0.011700059691129083 -0.997486311902528 5.93226432800293 0.3046513433636686 0.9524096073783047 0.010173434042432317 -9.632241249084473
0.9475108790032359 -0.3128371345280659 0.06600046538308811 -9.085892677307129 0.06449532402601145 -0.015168986564762621 -0.9978027134786607 5.906578063964844 0.313150901881657 0.9496856475207294 0.005803752565189946 -9.631388664245605
0.9450105804922453 -0.32113285775202083 0.061876412547349935 -9.077454566955566 0.059061044437616506 -0.018510927203380267 -0.9980827313424518 5.884375095367432 0.32166254955721435 0.9468532268763155 0.0014734199201547615 -9.630555152893066
0.9424087452371399 -0.32943773214937616 0.0577627694699234 -9.070358276367188 0.053580622984738646 -0.02176812072948897 -0.998326232130797 5.865653991699219 0.33014371679789234 0.9439263369332284 -0.0028629884196051947 -9.629742622375488
0.9397200663012235 -0.33770671150063725 0.053669115869833445 -9.064607620239258 0.04805027575520249 -0.024981872672808603 -0.9985324616844505 5.850407600402832 0.33855186898121425 0.9409198069151191 -0.007249066432432227 -9.628945350646973
0.9369606904375409 -0.345895875659063 0.04960552163677806 -9.060196876525879 0.042465800065886794 -0.028194179629721094 -0.9987000270650699 5.838630199432373 0.3468448073700556 0.93784920506287 -0.011728092912830945 -9.628166198730469
0.9341485339488723 -0.3539615393382666 0.045582290316054874 -9.057130813598633 0.03682238981089245 -0.03144758593421376 -0.9988268923830219 5.83031702041626 0.354979757352144 0.9347311260507991 -0.0163430065170998 -9.627406120300293
0.9313028992904606 -0.36186116028969756 0.04161022046295604 -9.055410385131836 0.031114984944270785 -0.034785173948262194 -0.9989103310033923 5.825463771820068 0.3629142701590829 0.9315827887778857 -0.02113622879600935 -9.626660346984863
0.9284444368652112 -0.3695532884159496 0.03770006200258802 -9.052397727966309 0.025338053965547808 -0.03824992387297382 -0.9989469086718026 5.817234992980957 0.3706061395542173 0.9284219462855614 -0.026149167865351375 -9.625883102416992
0.9255951346218012 -0.37699727096835045 0.033863024774316325 -9.048097610473633 0.019485864004249037 -0.04188584862900124 -0.9989323684757824 5.805625915527344 0.3780131583271378 0.9252667903729414 -0.03142322014844651 -9.625073432922363
0.9227784450104191 -0.38415274676857514 0.030109941453147715 -9.04250717163086 0.013552392650228784 -0.04573651690377273 -0.9988616038646019 5.790632247924805 0.38509255261249475 0.9221360193440389 -0.036998483086784495 -9.624228477478027
0.9200186830067983 -0.3909807164181084 0.026451886655189744 -9.035629272460938 0.007531496610272609 -0.04984679320930879 -0.9987284784993156 5.77224588394165 0.3918021177549271 0.9190480817650026 -0.04291531110015551 -9.623350143432617
0.9173411344169562 -0.3974428910829737 0.022899594630027914 -9.027623176574707 0.0014170673984706672 -0.05426163380524418 -0.9985257467971339 5.750407695770264 0.39809952904594137 0.9160211915804094 -0.04921322534651251 -9.622492790222168
0.9147710365107391 -0.4035032279835219 0.019470381813054827 -9.019184112548828 -0.004779331464984576 -0.059003817723542684 -0.9982463160386794 5.724858283996582 0.4039444377037713 0.913073761807295 -0.055903459170780434 -9.621904373168945
0.9123300378455844 -0.40913459828400367 0.01621056851753938 -9.009597778320312 -0.010973915539315038 -0.06400871719110873 -0.9978890004911793 5.695868968963623 0.4093085330437308 0.9102262161740542 -0.06288688390319169 -9.621339797973633
0.910040133016939 -0.41431084662102846 0.013171130197472292 -8.998863220214844 -0.01706402348089686 -0.06919101624840918 -0.9974574789800095 5.66344690322876 0.41416877646818756 0.9075015843747487 -0.07003641164541097 -9.620816230773926
0.90792430353503 -0.4190051242550822 0.010400235498011251 -8.986979484558105 -0.022945900688492282 -0.07446628393805765 -0.9969595067995743 5.62760591506958 0.41850560891345867 0.9049251230927561 -0.0772241989504292 -9.620343208312988
0.9060066486286319 -0.42318888687840595 0.007944725503776479 -8.973944664001465 -0.028514260835399485 -0.07975230315390536 -0.9964067979849687 5.588354587554932 0.4223018938741874 0.9025246457378675 -0.08432303520397766 -9.619935035705566
0.9043115489100577 -0.4268329850297413 0.005850247729203728 -8.959756851196289 -0.03366227750416473 -0.08496754373099852 -0.9958149263721415 5.545702934265137 0.4255437387403615 0.9003300058328177 -0.09120530146846445 -9.61960506439209
0.9028635101555084 -0.4299071619400652 0.0041610265935859425 -8.944414138793945 -0.038282848957626125 -0.0900316541926528 -0.9952028560645422 5.499661922454834 0.4282194595127148 0.898373047990629 -0.09774436627583871 -9.619367599487305
