1.0 -0.0 0.0 21.336435317993164 0.0 -0.6565649840982213 0.7542694622322335 -29.520809173583984 -0.0 -0.7542694622322335 -0.6565649840982213 -1.5680031776428223
0.9999248699527086 0.011279021203117984 0.004799805283396405 21.273319244384766 0.004009824990357741 -0.6710063600360467 0.7414407502253448 -29.404369354248047 0.011583425814740977 -0.7413657993675424 -0.6710011741975712 -1.6080608367919922
0.999676110797121 0.02319369846486832 0.010475010886073916 21.18995475769043 0.008286495794843984 -0.6858208083111896 0.7277232666850969 -29.314205169677734 0.02406257444631881 -0.7274007638426753 -0.6857908728410638 -1.6464245319366455
0.9992231708279944 0.03558120701654938 0.01694203611416623 21.09478759765625 0.012863690856639883 -0.7008412926974623 0.7132012394182261 -29.2509822845459 0.03725023943537886 -0.712429266774881 -0.7007545643837161 -1.6812270879745483
0.9985427142352608 0.04828283056452129 0.024108424261161887 20.998241424560547 0.017765023093289894 -0.7159078955780425 0.6979686876955967 -29.207204818725586 0.050959315165858804 -0.6965232611490418 -0.7157223587929402 -1.712025761604309
0.9976199393703472 0.06114468165881216 0.031871373919978074 20.905466079711914 0.02300292867440778 -0.7308674158172067 0.6821317217144194 -29.17742156982422 0.06500247566904392 -0.6797750719182931 -0.7305344138063413 -1.738985538482666
0.9964494721523973 0.07401989214311222 0.04011863674567473 20.820016860961914 0.028577961692682518 -0.7455787914158956 0.6658044501926257 -29.154430389404297 0.07919437828975577 -0.6622939840870783 -0.7450469307965537 -1.7629895210266113
0.9950360712176198 0.08676888063225943 0.04872759310317294 20.742284774780273 0.034478401095146355 -0.7599130579569418 0.649109685803911 -29.136959075927734 0.0933512551266767 -0.644207502052215 -0.7591325559254587 -1.7842321395874023
0.9933948024772282 0.09926157752543341 0.05756653227693162 20.657976150512695 0.04068012477721414 -0.7737523258324303 0.632180722354783 -29.1207275390625 0.10729349402148727 -0.6256632300975239 -0.7726795122459208 -1.8065637350082397
0.991551136113214 0.11137715998880587 0.06649415542303591 20.56694984436035 0.047146918850016394 -0.7869926827003423 0.6151582604656045 -29.106191635131836 0.12084499375458169 -0.6068258775043682 -0.7855945785680479 -1.8298979997634888
0.9895403492802157 0.12300581694285467 0.07536223287966931 20.469633102416992 0.053831023720951825 -0.7995456198503714 0.5981881164510372 -29.09174156188965 0.13383616115065056 -0.5878744515424243 -0.797804180981869 -1.854376196861267
0.9874071330733347 0.1340475742297768 0.08401429282574617 20.365375518798828 0.06067397279071498 -0.8113364888701635 0.5814221967328272 -29.08036994934082 0.14610209643153424 -0.569002943464221 -0.8092526353045526 -1.8791582584381104
0.9852043204787136 0.1444136005462845 0.09228845478895997 20.25498390197754 0.0676077174187136 -0.8223046137449802 0.5650170959883869 -29.068161010742188 0.1574853753702454 -0.5504178723397133 -0.8199015321082866 -1.9053210020065308
0.9829917251037584 0.1540248242752923 0.100018107783053 20.137683868408203 0.07455602914848601 -0.8324044408283967 0.5491304448004812 -29.059309005737305 0.1678352373464738 -0.5323337302821696 -0.8297301565621941 -1.931304931640625
0.9808346462748896 0.16281114696423288 0.1070323646893945 20.014041900634766 0.08143597427027773 -0.8416023862516617 0.5339228460650094 -29.050533294677734 0.17700728448700423 -0.5149737409613233 -0.8387314631983451 -1.9583086967468262
0.97880201134561 0.17071028583999703 0.11315750480730455 19.883928298950195 0.08815977971869304 -0.8498762171001311 0.5195558380458472 -29.042701721191406 0.18486339774476765 -0.49856635858830023 -0.8469103318877758 -1.9858770370483398
0.976964368692025 0.17766560276825144 0.11821825535503035 19.74709701538086 0.09463666306890779 -0.8572141973612982 0.5061894130119745 -29.03725814819336 0.19127081405529517 -0.4833412391212022 -0.8542814069470351 -2.0133450031280518
0.9753915786895481 0.18362421437078086 0.12203858454695572 19.603958129882812 0.10077499691633467 -0.8636118332234909 0.4939827947539002 -29.031415939331055 0.19610116832396407 -0.4695282200390885 -0.8608644390198154 -2.041957139968872
0.9741504122386611 0.18853414698365684 0.12444215425807825 19.45412254333496 0.10648446512276277 -0.8690690052823953 0.4830943207542257 -29.028005599975586 0.19922859489231354 -0.45735537547798916 -0.8666798875586197 -2.0702168941497803
0.9733019056267613 0.19234088717818704 0.12525327789252844 19.29776382446289 0.11167829544527613 -0.8735877086512536 0.4736797162850548 -29.025524139404297 0.20052770090377203 -0.4470452979430164 -0.8717448839868733 -2.098904609680176
0.9728983149002731 0.1949843585217103 0.12429790342594649 19.13501739501953 0.11627594928342772 -0.8771683431950567 0.46589226363471276 -29.022802352905273 0.1998718901757987 -0.43881294150049416 -0.8760675943608672 -2.128619432449341
0.9729646136759068 0.19642930467783926 0.12147176132037575 18.965497970581055 0.12021716771086427 -0.8798287425946626 0.4598360754571929 -29.023237228393555 0.19719962759110798 -0.4328012384086671 -0.8796564073033589 -2.157346248626709
0.9734515998041556 0.19676430208837747 0.11694354305562944 18.789539337158203 0.12349994782837881 -0.881665893296632 0.4554261910385038 -29.02385711669922 0.19271674998587396 -0.42889283279290846 -0.8825594553647683 -2.1868505477905273
0.974286463630874 0.19609863497605687 0.11095590180866197 18.60389518737793 0.12614551987106873 -0.8827829279223202 0.4525280212156527 -29.024492263793945 0.18669010311771758 -0.42689533556765835 -0.8848204212542073 -2.217787504196167
0.9753928345477939 0.19453283584252318 0.10375834468555253 18.408273696899414 0.12818339897723674 -0.8832685132384136 0.45100526576553956 -29.028453826904297 0.17938181217576807 -0.42660720727698487 -0.8864696589054074 -2.2479894161224365
0.9766951725757204 0.19216205955168741 0.09560482590401892 18.202991485595703 0.12964814299980337 -0.8832006725558442 0.45071934839055555 -29.03253746032715 0.17104940480453756 -0.42782042361925426 -0.8875312874768165 -2.279573917388916
0.978121893149423 0.18908032358321253 0.0867536360935732 17.988039016723633 0.13057632673307712 -0.8826489786459081 0.4515313980137283 -29.037105560302734 0.16194871113622725 -0.4303247747097567 -0.8880277040905377 -2.312290668487549
0.9796081608087235 0.18538309760120059 0.07746585312725687 17.763229370117188 0.13100431767670928 -0.8816781388101358 0.45330070405234824 -29.044761657714844 0.1523342378686086 -0.43390870775783985 -0.8879850861950958 -2.344287157058716
0.9810977379411713 0.18117018810859012 0.06800434947424147 17.5288028717041 0.1309664019674783 -0.8803495813840111 0.4558864070277696 -29.052703857421875 0.14246062670931078 -0.4383628377242925 -0.8874361905736637 -2.3775787353515625
0.9825443699601337 0.17654696424629973 0.05863216246276134 17.284738540649414 0.1304929618446699 -0.8787234319722268 0.4591478160810054 -29.06146812438965 0.13258260809265068 -0.4434820171307592 -0.8864228971055426 -2.4117588996887207
0.9839121776423921 0.17162589055083435 0.0496123006888343 17.03092384338379 0.12960955140453725 -0.8768611110619778 0.4629427136178609 -29.073129653930664 0.12295605260303741 -0.4490647454430009 -0.8849986799586157 -2.445233106613159
0.985175518677172 0.16652711001224327 0.04120581306242025 16.767532348632812 0.12833614173246113 -0.8748251832508345 0.46713031744403977 -29.085222244262695 0.11383774472638916 -0.45491715771238384 -0.8832278004538214 -2.4799211025238037
0.9863180122463691 0.16137836562434033 0.033671973906917355 16.494558334350586 0.12668666046676236 -0.8726818844815645 0.47156846645793105 -29.09824562072754 0.10548587004026015 -0.46085068254926376 -0.8811863478378039 -2.5154008865356445
0.9873309077560911 0.15631440475077416 0.02726692973079821 16.211925506591797 0.12466910072414121 -0.8705010423922529 0.4761150601678497 -29.11384391784668 0.0981595329765126 -0.46668377094282204 -0.878960160658275 -2.550311803817749
0.9882106803468068 0.1514757059027244 0.022243240990759888 15.919769287109375 0.12228589380427911 -0.8683566775613815 0.4806275488473879 -29.129980087280273 0.0921184640828876 -0.47224124243423615 -0.876642685202574 -2.58636474609375
0.9889557016268509 0.14700772377276947 0.018850712742292497 15.624627113342285 0.11953491505922233 -0.8663262817131652 0.48496409938760004 -29.14690589904785 0.08762433624015546 -0.477354692827242 -0.8743308715436517 -2.6221814155578613
0.989562460924485 0.14305799107487788 0.017336294837637427 15.33595085144043 0.11641062159401178 -0.864493188059538 0.4889786242554498 -29.16514015197754 0.08493940845787148 -0.48185676189950544 -0.872123476293667 -2.6556220054626465
0.9900208138794294 0.13977411740619528 0.01794391787852114 15.053842544555664 0.11290593731754045 -0.8629428459108656 0.49252603383953586 -29.182992935180664 0.08432696724037689 -0.4855850500114013 -0.8701127063785846 -2.688249349594116
0.9903085220619998 0.1373008516764917 0.02091667421669851 14.778308868408203 0.10901438718064987 -0.8617656119540158 0.49545523858482665 -29.20075035095215 0.0860516967816721 -0.4883733266492245 -0.8683815977429303 -2.7197837829589844
0.990385109799939 0.13577658224780506 0.0264963016224496 14.50930404663086 0.10473286136935991 -0.8610526624943222 0.4976136454728962 -29.219825744628906 0.09037899112044365 -0.49005411142499744 -0.866994005653734 -2.7488152980804443
0.9901849004696542 0.13532954384967788 0.03492531235851157 14.246929168701172 0.10006477925724362 -0.8608972543359142 0.498841615574607 -29.238502502441406 0.09757511380521469 -0.49045064179621883 -0.8659891830315071 -2.7770817279815674
0.9896186953909278 0.13603645813321147 0.04635644282436688 13.99120044708252 0.09503210500343652 -0.8613706282546592 0.4990085568392487 -29.256793975830078 0.10781343492985282 -0.48942284666609603 -0.8653563083550506 -2.80458664894104
0.9886037313208397 0.13781287859386035 0.060582777356169105 13.742060661315918 0.08970151507276625 -0.862452648018127 0.4981255545745178 -29.276002883911133 0.12089789333219805 -0.48701441500246634 -0.8649859299246677 -2.8299009799957275
0.9870539572003075 0.14052795419218228 0.07730704796959464 13.49953842163086 0.08415646225373012 -0.8640971062893227 0.49623974121724207 -29.295297622680664 0.13653635206841358 -0.48330951262413485 -0.8647368036407791 -2.8539373874664307
0.9848810183593772 0.14404508838025157 0.0962309315600839 13.263650894165039 0.07848608894212247 -0.8662546518692507 0.49339924195062634 -29.314144134521484 0.15443222953116126 -0.47838675841666956 -0.8644632993098238 -2.8772947788238525
0.9820019518236652 0.1482252345372374 0.11705317791881278 13.034390449523926 0.07278271132105327 -0.8688718148286477 0.48965747857980135 -29.33255386352539 0.1742838017351828 -0.4723251520327425 -0.8640220525021213 -2.8999688625335693
0.9783459760651276 0.15292953868310802 0.1394693776975587 12.81171703338623 0.06713921131080444 -0.8718927128372846 0.48507259622225957 -29.35175132751465 0.19578426244654004 -0.4652049585928893 -0.8632802957781744 -2.920602321624756
0.9738600909268499 0.15802292329543702 0.16317254368646666 12.59565544128418 0.06164681638287106 -0.8752586335611664 0.479710323431231 -29.370441436767578 0.21862340526531926 -0.45711167135592157 -0.8621210626010661 -2.940631628036499
0.9685141194674 0.16337571031609927 0.18785307469135792 12.386198043823242 0.05639283488280802 -0.878909765446012 0.4736427687377021 -29.388620376586914 0.24248762559389964 -0.4481361416827994 -0.8604497370279606 -2.9600682258605957
0.9623042251363491 0.16886732803486695 0.21320038416263562 12.18333625793457 0.051458766188017195 -0.8827840211788135 0.46695221097428286 -29.40627670288086 0.26706286463515994 -0.4383790568374918 -0.8581964978133699 -2.9789226055145264
0.9552559481499592 0.17438667469048155 0.2389045022901798 11.987043380737305 0.046918435428938365 -0.8868206021337359 0.45972587489509287 -29.424100875854492 0.2920355011655653 -0.427946851047597 -0.8553226050663123 -2.9964287281036377
0.9474255117658531 0.1798359083993874 0.2646581676528776 11.797321319580078 0.04283656194197301 -0.8909576654429857 0.4520613535233646 -29.44142723083496 0.317096087355557 -0.4169574132193263 -0.8518195741735718 -3.013328790664673
0.9389005783323335 0.18513057378111797 0.290159222942652 11.607769966125488 0.03926752525097517 -0.8951353113995516 0.4440617476728792 -29.458749771118164 0.34194117252514883 -0.40553599709162913 -0.8477126810394101 -3.0302820205688477
0.929800068004938 0.19020113790070803 0.3151116638261561 11.41837215423584 0.03625462423500736 -0.899295023305737 0.43583719813608435 -29.47605323791504 0.3662750820893922 -0.39381720150192767 -0.8430602446098375 -3.0472917556762695
0.9202722275216035 0.19499359272991437 0.33922931189197975 11.22910213470459 0.03382958807794201 -0.903381305760496 0.4275017840581928 -29.494447708129883 0.3898135275011663 -0.3819420311994232 -0.8379532794734776 -3.0628905296325684
0.9104928044651547 0.19946978382459501 0.36223563927110664 11.039936065673828 0.032012646602916014 -0.9073412210147541 0.41917430635110764 -29.514427185058594 0.41228393550398584 -0.37005906824238854 -0.8325132086260979 -3.07641339302063
0.9006618421641553 0.2036063652524337 0.38386546353919715 10.850882530212402 0.030812847315957473 -0.9111258028031334 0.4109748652979028 -29.534372329711914 0.4334268271689624 -0.3583213913444722 -0.8268899358410454 -3.0900049209594727
0.8909994807409576 0.2073948510515773 0.4038654492236715 10.667985916137695 0.030228949050815634 -0.9146895422229806 0.4030251257517294 -29.553651809692383 0.45299683879540165 -0.3468867496823829 -0.8212572355456997 -3.1032257080078125
0.8817418035858249 0.21083965905633967 0.42199292645519887 10.491451263427734 0.030250664104623973 -0.9179907628453448 0.3954464017434614 -29.575658798217773 0.4707613929905952 -0.3359160572220809 -0.8158088706124285 -3.1113922595977783
0.873135542782382 0.21395573666666495 0.43801514434724703 10.321295738220215 0.030860283399686425 -0.9209920475849341 0.38835716961812516 -29.60089683532715 0.4864997089810085 -0.32557117660004076 -0.810753626034851 -3.1137988567352295
0.8654326642291847 0.21676702115768864 0.4517060573244479 10.157238006591797 0.03203476651059391 -0.923658973868128 0.38187415954406834 -29.625200271606445 0.500000077419781 -0.3160160732166941 -0.8063087275038723 -3.1161906719207764
0.8653577229415925 0.21533286205684143 0.4525348272384698 10.000042915344238 0.03400200908388558 -0.9261306887706533 0.37566715413442153 -29.65230369567871 0.49999987472358604 -0.30969937977917417 -0.8087560939126168 -3.1135454177856445
0.8652575418960669 0.21462651253525045 0.4530616363243883 9.849613189697266 0.03646027447528459 -0.9282709561444931 0.3701130642976223 -29.68193817138672 0.500000034577162 -0.3037243686231728 -0.8110187872838039 -3.106171131134033
0.8651294480786966 0.21457958261853718 0.4533284028056308 9.70528793334961 0.03938315551654234 -0.9301303612034375 0.3651115969523876 -29.710573196411133 0.5000000051286096 -0.29801529137079075 -0.8131339871021093 -3.098940372467041
0.8649696431954462 0.21512785787450628 0.4533734896491733 9.567460060119629 0.04274962477775274 -0.9317550048439668 0.3605621729044537 -29.73967170715332 0.49999998593170397 -0.29249378748025756 -0.815136429288834 -3.0903613567352295
0.8647739336848089 0.216211680683802 0.45323123541431665 9.435681343078613 0.046543223345353685 -0.933186301083157 0.3563664628319564 -29.76747703552246 0.49999977197987455 -0.28708158527955296 -0.8170583769923986 -3.082232713699341
0.8645370570617504 0.21777466030168757 0.45293473514127014 9.310613632202148 0.05075129916379996 -0.9344625975743842 0.3524258210854038 -29.796127319335938 0.49999998260019407 -0.28169815594891484 -0.8189298909765027 -3.072359561920166
0.8642538841505132 0.21976207438212325 0.4525150322298893 9.19189453125 0.0553642624329105 -0.9356199542404693 0.3486403586395619 -29.824413299560547 0.5000000221760109 -0.27626062312665667 -0.8207801446999436 -3.0619938373565674
0.8639183137071017 0.22212185217495845 0.45200335178828444 9.079781532287598 0.06037499957267517 -0.9366918714752351 0.3449104192958236 -29.852724075317383 0.5000000066680771 -0.2706847256469919 -0.8226358687981793 -3.050713539123535
0.8635236838122966 0.22480370609233158 0.4514312142756561 8.975111961364746 0.06577880417890475 -0.937709911526055 0.3411352675209517 -29.88323211669922 0.49999999641603404 -0.2648837774439019 -0.8245220361100214 -3.0362799167633057
0.8630627544837357 0.22775815201370667 0.4508313498574034 8.876585960388184 0.07157260188150075 -0.9387040361222938 0.3372122406254375 -29.912433624267578 0.5000000444828574 -0.25876815252077884 -0.8264617346000502 -3.0224084854125977
0.8625278382249595 0.23093804542101207 0.45023699033298076 8.785927772521973 0.07775532481287953 -0.9397014557301837 0.3330394624692654 -29.944108963012695 0.49999983775019535 -0.2522474841811039 -0.8284753279211652 -3.0059814453125
0.8619100761112602 0.2342965091289616 0.4496845188661314 8.70113754272461 0.08432793102667101 -0.9407281462964415 0.32851081384700614 -29.97382164001465 0.4999998207466106 -0.24522581547554026 -0.8305808080359874 -2.9906792640686035
0.8612000631921876 0.23778803527522013 0.4492118669822991 8.62360668182373 0.09129335931486898 -0.9418072389130533 0.32351916060100233 -30.004695892333984 0.4999999737027776 -0.23760466117254855 -0.8327929222119387 -2.975351572036743
0.8603875598249533 0.2413689174437626 0.4488588782573969 8.551847457885742 0.09865729056961015 -0.9429584990024362 0.31795598465280706 -30.033334732055664 0.49999998591592587 -0.2292821729901797 -0.8351225653956282 -2.961254119873047
0.8594609378488994 0.24499666801652162 0.4486686182169336 8.48593521118164 0.1064285124015786 -0.9441981676522159 0.31170946721295684 -30.060749053955078 0.49999986805985985 -0.22015097742912862 -0.8375760736059276 -2.950153112411499
0.8584068413251885 0.2486305309276161 0.4486875904867041 8.421836853027344 0.11461974896877897 -0.9455378508324245 0.30466454632847256 -30.087554931640625 0.5000000079124466 -0.2100976718906034 -0.8401541289273663 -2.9395501613616943
0.8572104729877205 0.2522319854559405 0.4489646205583716 8.358763694763184 0.12324847773022427 -0.9469829352246749 0.29670378010810955 -30.112831115722656 0.5000000177373505 -0.19900338164517017 -0.8428508980575601 -2.932615280151367
0.8558543484426233 0.25576470154868863 0.4495528352636239 8.29721736907959 0.13233807810954956 -0.9485316157282955 0.28770541713033443 -30.1370906829834 0.49999996733412244 -0.18674097409400858 -0.8456523170075851 -2.927335023880005
0.8543178264610667 0.2591960830993981 0.4505090919135471 8.237204551696777 0.14191904840227107 -0.9501722279381126 0.27754588981953504 -30.159942626953125 0.5000000350914315 -0.17317657971288603 -0.84853393399882 -2.9234721660614014
0.8525764695894065 0.26249631314717237 0.4518949535971889 8.178287506103516 0.15203073356385738 -0.9518819722633498 0.26609653686598533 -30.1804141998291 0.5000000195544989 -0.1581657246819832 -0.8514596784236608 -2.922560930252075
0.8513399149289663 0.26543272493944164 0.45251057200905587 8.121344566345215 0.1628330966592179 -0.953653380571123 0.25304270856446043 -30.200300216674805 0.4987040524009305 -0.14174166027139437 -0.8551044204437247 -2.9217991828918457
0.8494908671222747 0.2683411849784911 0.4542667444576868 8.065666198730469 0.1740367537338387 -0.9553280910458011 0.23887119292324305 -30.217496871948242 0.4980727607746014 -0.12385978727224284 -0.8582437171755131 -2.9230401515960693
0.8471152165373912 0.2711457995410602 0.45702928276210925 8.011504173278809 0.1855224279209457 -0.9568175627375921 0.22378914266606365 -30.232877731323242 0.49797313044894936 -0.10478600587928472 -0.8608383438966576 -2.9254631996154785
0.8442987584648952 0.27377503792390845 0.460659131098472 7.959236145019531 0.19716910067757526 -0.9580488113917632 0.2080067804876223 -30.24774169921875 0.4982809972220824 -0.08479211992038052 -0.8628594000222604 -2.927875280380249
0.8411280510566401 0.27616306270438296 0.46501351004394825 7.908421993255615 0.20885325632887677 -0.9589673066367193 0.1917342486952736 -30.260114669799805 0.4988826706215426 -0.0641534691162652 -0.8642918565819453 -2.931396961212158
0.8376910237717907 0.2782522128527797 0.46994622536488256 7.859100341796875 0.2204482839764706 -0.9595383383406633 0.17518199492604453 -30.270307540893555 0.4996761979362225 -0.04314954573307478 -0.865136875828924 -2.9358325004577637
0.8343957881781191 0.2799801545609747 0.47475760312250714 7.811638832092285 0.23191282377829145 -0.959752045174176 0.1584059782683897 -30.280094146728516 0.5000001108377822 -0.022070904739024982 -0.8657440524347865 -2.940145254135132
0.8312080851316664 0.2813498183920302 0.47951579630135194 7.766009330749512 0.2430907218977442 -0.9596045491146193 0.14165454544687794 -30.28947639465332 0.5000000201389811 -0.0011785623868287437 -0.8660245902119169 -2.9443156719207764
0.828004810382682 0.28234884806153404 0.48444521050523714 7.721806049346924 0.253787360026539 -0.9591186008869532 0.12523372278828568 -30.295650482177734 0.5000000098738986 0.019251946160793253 -0.8658113840179762 -2.949381113052368
0.8248525407340579 0.28295375664315736 0.4894440291249796 7.67929220199585 0.26385273918274066 -0.9583430605962029 0.10936320328550597 -30.30084800720215 0.5000000180703333 0.0389326316683981 -0.8651498321799751 -2.954479932785034
0.8218255543216054 0.28314748714107724 0.49439888631516926 7.638535022735596 0.2731350542464966 -0.957346703794227 0.09425778947170332 -30.305797576904297 0.5000000004057495 0.057574206551389485 -0.8641094897836897 -2.9593212604522705
0.8190043327966336 0.2829200657360744 0.49918747907398103 7.599507808685303 0.28148162267439825 -0.9562154210096472 0.08012593038418402 -30.310508728027344 0.49999999895692865 0.07488861747447824 -0.8627813720843958 -2.963885545730591
0.8164738785675888 0.28226837255073517 0.5036814186312188 7.562186241149902 0.2887392315315703 -0.9550486507847445 0.06716941870224079 -30.314998626708984 0.5000000617913523 0.09059050994336042 -0.8612742291029295 -2.968154191970825
0.8143216157363469 0.2811958404963384 0.507749156013187 7.5263824462890625 0.2947549202816503 -0.9539548892712602 0.05558422622665829 -30.316471099853516 0.4999998431142793 0.10439812509339519 -0.85970994431999 -2.972766637802124
0.8137977941913306 0.2759842568295112 0.5114350791171716 7.492490291595459 0.2961981050021464 -0.9541325145253141 0.04356405994325296 -30.317970275878906 0.49999983276243465 0.11603376537829083 -0.858216949570255 -2.976627826690674
0.8137978104388824 0.27048798039425775 0.5143630781725261 7.460234642028809 0.29619808387312335 -0.9545445611677418 0.03333730425474616 -30.31941795349121 0.49999981883473804 0.12522353296133654 -0.8569242953481423 -2.980114698410034
0.8137976649490701 0.26659267673536197 0.516392975585954 7.436769962310791 0.2961981000375315 -0.9547692556330234 0.026121907130197373 -30.32046127319336 0.5000000460575953 0.13169667121471593 -0.8559532351322503 -2.9826481342315674
0.8137976983654365 0.2644856436442792 0.5174752655356483 7.42205810546875 0.29619809687713183 -0.9548677986074241 0.022230037988657338 -30.32110595703125 0.49999999354148345 0.1351844350829019 -0.8554093610487516 -2.98422908782959
0.813797769262895 0.26434345604293635 0.5175478026134515 7.416060447692871 0.2961981222039652 -0.9548738642803094 0.021967606087928908 -30.321359634399414 0.49999986314556216 0.13541949845449022 -0.8553722559755803 -2.984856605529785
0.8137976956094265 0.26632787047944606 0.5165295500033573 7.411043643951416 0.2961981056300723 -0.9547825225937315 0.025632338377670053 -30.321537017822266 0.49999999284194385 0.1321355363081192 -0.855885627407437 -2.985330104827881
0.8174560934081753 0.2627222874707838 0.5125841735909954 7.407618999481201 0.28971019098797696 -0.9566951488594834 0.028326619749643837 -30.3219051361084 0.49782882659359406 0.12534509090845888 -0.8581696030491849 -2.9848406314849854
0.8220825074451971 0.25871523998507856 0.5071950074203023 7.40535831451416 0.281178203805366 -0.9590717961023557 0.033468008990519486 -30.322267532348633 0.495095110718542 0.11509871641536526 -0.861181233435872 -2.9839422702789307
0.8275631393203436 0.2542748266513688 0.5004833293624013 7.4042840003967285 0.270786618962208 -0.9617708738578031 0.040882675913078995 -30.322614669799805 0.4917457243629816 0.10169119298254993 -0.8647803442727594 -2.982658624649048
0.8337815366809712 0.24936243966302232 0.4925715407686727 7.396072864532471 0.25872380165209086 -0.9646356844303215 0.050398321225362364 -30.32326316833496 0.48771953369596366 0.08541879189587501 -0.8688114216804711 -2.981881618499756
0.8406197493476616 0.24393736303734986 0.4835834983961497 7.39190673828125 0.24518205865830622 -0.9675027012878005 0.06184077225329879 -30.323734283447266 0.4829536159081425 0.06658142319891985 -0.8731109431029124 -2.980473041534424
0.8479596901946683 0.23796150172102656 0.47364405148131683 7.3898444175720215 0.2303579828789298 -0.9702090035036747 0.07503125511650365 -30.3240909576416 0.4773882733466681 0.04548420845833255 -0.8775144575743504 -2.9786627292633057
0.8556840476303249 0.23140285119481904 0.46287960755459123 7.3833818435668945 0.21445175043824713 -0.9725992177464611 0.08978423231806062 -30.324581146240234 0.4709726715691216 0.022438406758951417 -0.8818623818585098 -2.9771549701690674
0.863677532406296 0.22423865151550218 0.4514179296207463 7.3725457191467285 0.1976662788318155 -0.9745316912068966 0.10590573660670542 -30.3251895904541 0.46366923795886533 -0.0022383029140551625 -0.8860055461286402 -2.9759740829467773
0.871828434306367 0.21645819297284294 0.43938710931232444 7.357358932495117 0.18020604547030486 -0.9758838703712297 0.12319274623622727 -30.32590103149414 0.45545687206459345 -0.02822272566922905 -0.8898103817358708 -2.975146532058716
0.8800294458963284 0.20806493837563902 0.426915864982953 7.337850093841553 0.16227569248051657 -0.9765569057610813 0.1414327028671636 -30.326705932617188 0.4463348227344246 -0.05518687551478261 -0.8931627146189801 -2.974696636199951
0.88817963322087 0.1990780796244472 0.4141314493547713 7.314051151275635 0.14407812402082734 -0.9764793979232613 0.1604041134449634 -30.326904296875 0.4363237711955198 -0.08280038432560466 -0.8959719097411771 -2.9747350215911865
0.8961856101334782 0.18953362656579056 0.40115876731102995 7.285996913909912 0.12581256502238766 -0.9756101707259961 0.17987771751520615 -30.325971603393555 0.42546744960357785 -0.11073300852416262 -0.8981735078207411 -2.975351572036743
0.9039624444338804 0.17948400258839617 0.38812033168589954 7.253708839416504 0.1076723125480761 -0.9739405207835768 0.19961596901642148 -30.324806213378906 0.41383399106848806 -0.13865552564057493 -0.899731111524806 -2.976459264755249
0.9114353557376761 0.16899984815064859 0.37513283465513064 7.2172160148620605 0.08984306760833458 -0.9714942683045119 0.21937891843612817 -30.323410034179688 0.4015144026234428 -0.166246617940152 -0.9006376888124331 -2.978080987930298
0.918539864133546 0.15816729973515556 0.3623087402920557 7.176549911499023 0.07250065686579352 -0.9683286558977189 0.23892105164958957 -30.321786880493164 0.38862343309630115 -0.1931908886614657 -0.9009157051503975 -2.980239152908325
0.9252233377137359 0.14708820891444768 0.3497525327259178 7.131740570068359 0.05580975591973523 -0.9645326035534129 0.25799637173157053 -30.319950103759766 0.3752959452139524 -0.21918466068777476 -0.9006170318315946 -2.9829540252685547
0.9314445086389738 0.13587888983414484 0.3375619270944827 7.08281946182251 0.03992249915342514 -0.9602245938988037 0.27636013340064514 -30.317914962768555 0.36168677248089304 -0.24393781291410713 -0.8998205499115015 -2.9862451553344727
0.9371741087538855 0.12466736309745408 0.325826239673369 7.02993631362915 0.024977816558625347 -0.9555503018896122 0.29376815558980207 -30.313995361328125 0.3479666630028282 -0.2671734813505975 -0.8986309210691995 -2.990182399749756
0.9423940444181378 0.1135924380297211 0.314627117502114 6.973143100738525 0.011101279616363466 -0.9506782933555089 0.3099799092417708 -30.30788230895996 0.3343205447412773 -0.2886304567524383 -0.8971745832327032 -2.9947917461395264
0.947097114679202 0.10280062333130957 0.30403797001201155 6.91234827041626 -0.0015945733020850464 -0.9457959529301405 0.3247575599688972 -30.30134391784668 0.32094316117081373 -0.3080617588466017 -0.8955966949660006 -3.0000321865081787
0.9512930532648358 0.09242481163474234 0.29410743105937914 6.847573757171631 -0.013041474955325587 -0.9410833396877107 0.3379231683285619 -30.294408798217773 0.3080120886281165 -0.3252995572645409 -0.8940406877220064 -3.005913734436035
0.9550259729075349 0.08251311901697078 0.2848104216177979 6.77881383895874 -0.02331019857978783 -0.9366390021236942 0.34951969092298873 -30.287086486816406 0.29560450895442625 -0.34043937035957217 -0.8925911770766003 -3.01242733001709
0.9583440090778453 0.07308543482970636 0.27610736947853315 6.706520080566406 -0.03250074201212557 -0.9325228810559348 0.35964535041593376 -30.275707244873047 0.2837612764865279 -0.35363766134688096 -0.8913023855257233 -3.019376754760742
0.9612910481793554 0.06415293457711264 0.2679625378208316 6.630336284637451 -0.040709493174651 -0.9287756943835791 0.36839984621028743 -30.263004302978516 0.2725110233654759 -0.3650480934170799 -0.8902121273251987 -3.026886463165283
0.9639069796328523 0.05572200599021925 0.2603428367816133 6.550161361694336 -0.048025348192945384 -0.9254219850509269 0.3758825820856141 -30.24968147277832 0.26187191629882367 -0.37481889978071814 -0.889344641756588 -3.0349791049957275
0.9662276218513938 0.047790500587574336 0.2532197678400892 6.46598482131958 -0.054534924226366535 -0.9224723463216894 0.3821919835781244 -30.235727310180664 0.2518533795902372 -0.3830937722351356 -0.8887120100817979 -3.043644428253174
0.9682852726988584 0.04035237105449972 0.24656706354413502 6.3782854080200195 -0.060318327149327236 -0.9199253822458866 0.3874261097418014 -30.21831703186035 0.24245686231658667 -0.39001150912510213 -0.8883162120920434 -3.0526373386383057
0.9701085759304319 0.0333967125941657 0.2403622484795248 6.286689758300781 -0.06545162835587345 -0.9177695520410795 0.39168243985642437 -30.199525833129883 0.23367805898670663 -0.39570659450433676 -0.8881502439418606 -3.062119722366333
0.9717231169796874 0.02690831411429482 0.23458500923717773 6.191084861755371 -0.07000680750023683 -0.9159845641271571 0.3950586351219355 -30.179941177368164 0.225506609284307 -0.40031015589453667 -0.8881996105925662 -3.0721330642700195
0.9731513369194904 0.02086863763555153 0.22921818299394284 6.091543674468994 -0.07405186798497157 -0.91454339619839 0.39765147719812516 -30.159130096435547 0.21792842012859395 -0.4039491012901882 -0.8884437670821401 -3.082606792449951
0.9744130961363139 0.015256741900299006 0.22424618147168252 5.988380432128906 -0.07765048971616842 -0.9134132555376636 0.39955803840609494 -30.13545799255371 0.21092538852609072 -0.4067474110976921 -0.8888571449003732 -3.093306303024292
0.9755255996995045 0.01004699920643623 0.21965623628266934 5.881189823150635 -0.08086531047465059 -0.9125569752640414 0.40087475408010187 -30.110883712768555 0.2044764189161194 -0.40882615462307403 -0.8894102368442529 -3.1044976711273193
0.9765038764839027 0.005214082378152851 0.21543674839002103 5.769960403442383 -0.0837535362374169 -0.911934156931028 0.4016981934116997 -30.085397720336914 0.19855861698661958 -0.41030343255626006 -0.8900705415038248 -3.11617374420166
0.9773609881891179 0.0007286694068705246 0.21157733292318007 5.654929161071777 -0.08637201730357554 -0.9115011045942696 0.4021263619191572 -30.05779266357422 0.1931459898442148 -0.41129697952248767 -0.8908026836751093 -3.1279966831207275
0.978107877148738 -0.0034394890013447754 0.20807006169797343 5.535904884338379 -0.08877495303307018 -0.9112131144771437 0.4022557242834957 -30.02892303466797 0.1882126148098608 -0.4119209025046838 -0.8915700655058812 -3.14019775390625
0.978754077375358 -0.007322042711491478 0.20490691474824052 5.412814617156982 -0.09101479256052197 -0.9110232127107569 0.40218529739081227 -29.999074935913086 0.18373013785516185 -0.41229006002170615 -0.8923340982227572 -3.1528477668762207
0.9793076017461618 -0.01095120941177645 0.20208090502222098 5.285696983337402 -0.09314169625809772 -0.9108844240088417 0.4020126745716416 -29.967912673950195 0.17966982378892887 -0.4125162264814558 -0.8930560549647234 -3.1656200885772705
0.9797749525612738 -0.014361350824399884 0.1995865575033841 5.154515743255615 -0.09520649779888726 -0.9107482259989277 0.4018375189260904 -29.935569763183594 0.1760021735957361 -0.4127122731907837 -0.8936955938390163 -3.1786487102508545
0.980161661832831 -0.01758619862239587 0.19741793811889655 5.019235610961914 -0.09725707883229177 -0.9105665770873554 0.4017580979998117 -29.902217864990234 0.17269677845898632 -0.41298817696083084 -0.8942128317131537 -3.192092180252075
0.9804719277275524 -0.020660969260413366 0.1955707628645899 4.884710788726807 -0.09934241117643516 -0.9102898866907112 0.40187486551197077 -29.869474411010742 0.16972296332514786 -0.413455495232356 -0.8945661904981084 -3.205033540725708
0.9807076158303395 -0.023611066462096576 0.1940491942598415 4.751018047332764 -0.10149716713508766 -0.909887922311026 0.4022465585882329 -29.837099075317383 0.1670655479622394 -0.4141817069512451 -0.8947304713214085 -3.2177116870880127
0.9808641279313814 -0.02642225884480056 0.19289226727618916 4.618223667144775 -0.10370468687389187 -0.9094063539169381 0.4027721705578585 -29.804935455322266 0.1647753029364488 -0.4150686060075358 -0.8947441823499958 -3.2302958965301514
0.9809354385296487 -0.029069578937201315 0.19214740439844707 4.48602294921875 -0.10593642966529306 -0.9089101768332921 0.403311000740923 -29.774181365966797 0.16292065033757064 -0.4159774633670534 -0.894661730300506 -3.242311954498291
0.980915712018635 -0.03152805714827946 0.19186022914462839 4.354649543762207 -0.10816432851055555 -0.9084658248843079 0.40372060023627077 -29.74404525756836 0.16156993517618032 -0.4167683128906623 -0.8945386125916733 -3.254084348678589
0.9807986537590005 -0.03377285574669586 0.19207653422332732 4.224233150482178 -0.11036164774176674 -0.9081393772894824 0.4038603448272599 -29.71413803100586 0.1607927470138325 -0.4173035653226365 -0.8944291066802119 -3.2657763957977295
0.9805776154595597 -0.035778699298177986 0.19284041261150406 4.094321250915527 -0.11249997959851168 -0.907998324247348 0.4035874103020843 -29.686391830444336 0.16065893890468416 -0.41744332290807934 -0.8943879345728468 -3.2768614292144775
0.9802447848904687 -0.037522635393570376 0.19419632727773295 3.9652256965637207 -0.11455232019767289 -0.9081087192491182 0.4027608719340255 -29.659603118896484 0.16123872869868772 -0.4170498841347973 -0.8944671411017755 -3.2876782417297363
0.9797912024588302 -0.03898161186702464 0.1961877506893036 3.837144613265991 -0.1164882555021676 -0.908536563056805 0.4012378346055992 -29.633047103881836 0.16260284719014428 -0.41598286926888844 -0.894717031558292 -3.2984282970428467
0.9792060759387361 -0.0401356686099688 0.19885821318188582 3.7095420360565186 -0.11827618372599273 -0.9093456490671451 0.3988749614677104 -29.60936737060547 0.1648217376679326 -0.4141009763667347 -0.8951838784094807 -3.308530807495117
0.9784764317378913 -0.040966741995791166 0.202251325295371 3.582735538482666 -0.1198804683385715 -0.9105967236850248 0.39552784999924284 -29.587148666381836 0.16796590679185003 -0.4112606629187249 -0.8959085451602986 -3.3183062076568604
0.9775866531325472 -0.04146068124110732 0.2064106284282096 3.4570019245147705 -0.12126159681078702 -0.9123453711673468 0.3910518493095441 -29.565147399902344 0.17210450533325164 -0.40731675096973313 -0.8969242463126177 -3.328038215637207
0.9765177127272545 -0.0416088305600879 0.21138084574850532 3.3319272994995117 -0.12237558104250384 -0.9146415455856977 0.385298663705334 -29.545820236206055 0.1773058766494813 -0.4021188236181295 -0.8982555748769562 -3.3371899127960205
0.9752469685512615 -0.041406603487020036 0.21720691406869053 3.207750082015991 -0.12317034893557714 -0.9175270511403275 0.3781179387027583 -29.52794075012207 0.18363663979354172 -0.3955118248717772 -0.8999155409881161 -3.346041679382324
0.9737475168925342 -0.040855858121735415 0.22393430331854158 3.0847058296203613 -0.12358594224866684 -0.921032676128587 0.36935798946540027 -29.51028060913086 0.19116037304873923 -0.38733655696377306 -0.9019024910794498 -3.354872941970825
0.971987384359841 -0.03996708761607783 0.23160992326064853 2.9624669551849365 -0.12355403164276943 -0.9251763997605236 0.35886352641494956 -29.495206832885742 0.199937304948657 -0.37742716016954114 -0.9041978836826723 -3.363173246383667
0.9699293848672893 -0.03875837765054493 0.24028062038553988 2.8412437438964844 -0.12299373395256152 -0.9299607102486395 0.34647600032650555 -29.481449127197266 0.21002268872521535 -0.3656102645656217 -0.9067632572313943 -3.371232748031616
0.9675301240191646 -0.03725937659481718 0.24999439587963898 2.7212181091308594 -0.12181358030250772 -0.9353682305956824 0.3320357282675872 -29.467878341674805 0.22146537149031806 -0.35170728176719357 -0.9095356382146812 -3.3793084621429443
0.9647398396932427 -0.03551026055135024 0.26079889398582967 2.602121591567993 -0.11990650020296745 -0.9413597319873315 0.3153795906551592 -29.456960678100586 0.23430636550835016 -0.33553073836582425 -0.9124251479951397 -3.386880397796631
0.9615017081589735 -0.03356614108173789 0.27274123153688634 2.484166145324707 -0.11715157804295975 -0.9478691619408229 0.2963436511951063 -29.447059631347656 0.2485758897588841 -0.31688699249808816 -0.915310144713854 -3.394315719604492
0.9577518166717742 -0.03149486451027144 0.2858662819770732 2.3674731254577637 -0.11340913121656518 -0.9547992685117768 0.2747666752102221 -29.437299728393555 0.26429117771620714 -0.29557812902658315 -0.9180325391959288 -3.40181827545166
0.9534321256856582 -0.029399980862568155 0.3001713224740294 2.251810312271118 -0.10855424734772973 -0.961990745505436 0.25057889165822245 -29.43039894104004 0.28139501966682895 -0.27149483731219626 -0.9203843741717526 -3.4088220596313477
0.9485399317974952 -0.027452639748093532 0.3154652918412178 2.1373424530029297 -0.10257486050617479 -0.9691569378989813 0.2240830821691117 -29.424015045166016 0.2995837041258121 -0.24491055978281434 -0.9221000064684559 -3.415818929672241
0.943099969613249 -0.025825909074783736 0.3315048562780789 2.024050235748291 -0.09551220569164595 -0.9760039998510875 0.19568753368213007 -29.417795181274414 0.31849625724552155 -0.21621566708991993 -0.9229360321416947 -3.4228711128234863
0.9371548940716464 -0.02466982966122197 0.34804037699963364 1.911715030670166 -0.08743698496009561 -0.9822733597858267 0.16581260602303838 -29.414508819580078 0.3377802217102843 -0.1858236964424872 -0.9226993419645432 -3.4293882846832275
0.9307667156853929 -0.024107664075830502 0.36481795666473676 1.8004577159881592 -0.07845402904820015 -0.9877498817531309 0.13488934881146028 -29.41115951538086 0.35709702644845837 -0.15417195474366455 -0.9212560567356864 -3.43597412109375
0.924017402461882 -0.024232604556944613 0.3815817354433823 1.6901953220367432 -0.06870445190948615 -0.9922687063606667 0.10335624153937902 -29.4086971282959 0.3761270240695473 -0.12171932982774798 -0.9185384404100193 -3.4424126148223877
0.9170083543095358 -0.02510583468188841 0.39807709704458344 1.58083975315094 -0.05836519973601645 -0.9957205979382411 0.07165189670404161 -29.40818214416504 0.39457468442145643 -0.08893923715907075 -0.9145494139232013 -3.4484703540802
0.9098590487217767 -0.0267548311412213 0.4140539704793423 1.4723998308181763 -0.0476472419094471 -0.9980545183842803 0.0402109272604408 -29.407533645629883 0.4121725995229741 -0.056314805720401526 -0.9093637285812247 -3.4545347690582275
0.9027047265268506 -0.029176145384354483 0.4292702286981884 1.3648169040679932 -0.036795079064525366 -0.9992780742338994 0.009457933813725308 -29.408857345581055 0.42868438140748644 -0.024332753561824686 -0.9031265793018055 -3.46016788482666
