0.9066798425810922 0.3632603877705326 0.21441444385565134 -1.970742106437683 0.33000446296323027 -0.2942521328563846 -0.8969463399411465 3.09576416015625 -0.26273316783663986 0.8840008896976693 -0.3866700266794068 -1.8703320026397705
0.9057145292188112 0.36631414601044415 0.21329589305606864 -1.7656054496765137 0.32965304974058646 -0.29236509362843754 -0.897692329712338 2.986647844314575 -0.2664771253948025 0.8833666274318233 -0.3855558885311555 -1.9781932830810547
0.9055867669191037 0.36647286718314076 0.2135655524647485 -1.5563671588897705 0.3296065567362808 -0.2910983128944592 -0.8981209773668872 2.867685556411743 -0.2669683976381064 0.8837190785812921 -0.3844066399192062 -2.083193302154541
0.9093450560284613 0.36087951421722153 0.20702063978003937 -1.3435351848602295 0.32154192238376 -0.2938475939194811 -0.9001468678485127 2.736931085586548 -0.2640120475022886 0.8851099184655395 -0.3832467495068619 -2.183183431625366
0.9152231170142953 0.3510039037221034 0.19789619919160154 -1.1286718845367432 0.30977036777764927 -0.2987993013838346 -0.9026412890730361 2.5933470726013184 -0.25769937006042054 0.8874205525366069 -0.38219863632159345 -2.2789158821105957
0.9228395196104395 0.33706864344532933 0.18641875080339557 -0.9140625 0.29456494263857075 -0.30572800360783287 -0.9054070258056894 2.434506893157959 -0.24819088543600584 0.8904578133835956 -0.3814264896026455 -2.369999885559082
0.9317684827615438 0.3192796791963163 0.17282355448418463 -0.6988476514816284 0.2761829690081963 -0.3143772629855521 -0.90823449843503 2.257688045501709 -0.23564902325719123 0.8939952029904915 -0.38110643509119785 -2.4580469131469727
0.9415576635176537 0.2978370943683795 0.15736019664889306 -0.49611327052116394 0.25487692654627186 -0.32447475465422 -0.9109082752431282 2.0723729133605957 -0.22024286273453597 0.8977801505994022 -0.3814234950867757 -2.53857421875
0.9517437988462984 0.2729480973806286 0.14029639159262652 -0.3047460913658142 0.23090283259175542 -0.33573957811171423 -0.9132156468164965 1.8813012838363647 -0.2021574219728785 0.9015421630881515 -0.3825625503308138 -2.6126561164855957
0.9618685621798866 0.24483449067920474 0.12192186540507083 -0.12357421964406967 0.20452766425305138 -0.3478917647231423 -0.9149534166245892 1.686767578125 -0.18159654084037197 0.9050013216629422 -0.3847015780356755 -2.681201219558716
0.9714930093368005 0.21374014107574357 0.10254991420107976 0.048457030206918716 0.17603494515253182 -0.36066110701305354 -0.9159340936842914 1.4904760122299194 -0.15878611682030866 0.907875937549311 -0.3880054782140162 -2.7449705600738525
0.9802110971645737 0.17993700819610564 0.08251592620129164 0.20994140207767487 0.14572762758513702 -0.37379761126565864 -0.9159906136912622 1.2915844917297363 -0.1339763544579043 0.9098890146020678 -0.3926223599753939 -2.803398370742798
0.9876621257888594 0.14372743803814114 0.06217675479810726 0.36406248807907104 0.11392970228958027 -0.3870759503994699 -0.9149820935726309 1.0937036275863647 -0.10744090570373681 0.9107769387601661 -0.39867508023981296 -2.858388662338257
0.9935417990538137 0.10544436494394946 0.041906794609929535 0.5114648342132568 0.08098525790240338 -0.4003045457041833 -0.9127966140882912 0.8975536823272705 -0.0794737789172808 0.9102954227008585 -0.4062587375976948 -2.9103710651397705
0.9976111220762605 0.06545201445607098 0.02209259861099741 0.6510937213897705 0.04725620333137763 -0.4133306195449649 -0.9093539740900013 0.7023730278015137 -0.05038750198658257 0.9082256507885128 -0.41543623685631276 -2.9589550495147705
0.9997036622783968 0.024141377200661833 0.0031275444068819217 0.7844530940055847 0.013118421702733326 -0.426046017069625 -0.904606377575981 0.5096948146820068 -0.020505965941425647 0.9043793370295257 -0.4262364603302316 -3.0050389766693115
0.9997301327797476 -0.018073793264628903 -0.014594506131251734 0.9126952886581421 -0.021042790912909778 -0.43839150613696504 -0.8985377500681639 0.3204296827316284 0.009841878010992176 0.8986023733242585 -0.43865352169249255 -3.0491697788238525
0.9976804597868434 -0.06076183532751089 -0.03068712314872945 1.034121036529541 -0.05483894770906555 -0.45035708682027015 -0.8911628269653767 0.13340331614017487 0.04032852555791263 0.890778588493455 -0.45264458055734286 -3.0908594131469727
0.993623216251778 -0.103479543267127 -0.0447759785007454 1.1510937213897705 -0.08788222367671339 -0.46198496183059984 -0.8825228664482384 -0.04956298694014549 0.07063723442426481 0.8808302215339833 -0.46813299600144137 -3.1311230659484863
0.987702301104218 -0.1457775980680086 -0.05650713490307835 1.2629882097244263 -0.1197924315996876 -0.47336882463301 -0.8726807716439022 -0.2289111316204071 0.10046859073793526 0.8687179333748583 -0.48501053030635155 -3.169814348220825
0.9801310699229682 -0.18720599470910512 -0.06555151650901547 1.3693358898162842 -0.15020041496503075 -0.4846495148571279 -0.8617161267453933 -0.4048705995082855 0.12954891399000532 0.8544406142580797 -0.5031384656238134 -3.2071971893310547
0.9711838900401939 -0.2273193175821096 -0.07160851611645166 1.4713281393051147 -0.1787513779200814 -0.4960137843186933 -0.8497165825482759 -0.5766699314117432 0.15763818261470902 0.8380311769975223 -0.522354237813841 -3.2435154914855957
0.9611858125262978 -0.26567802177551236 -0.07441117216931296 1.56689453125 -0.20510753728706912 -0.5076874808110743 -0.8367701715380029 -0.7455297708511353 0.18453382331213514 0.8195539094978168 -0.5424745685104972 -3.2788476943969727
0.9504789062720316 -0.3019027179338248 -0.07378751680394242 1.6588281393051147 -0.2290182936966068 -0.5198766646838748 -0.8229695466233639 -0.9098070859909058 0.21009633477102213 0.7991138857643131 -0.5632730489686535 -3.3133201599121094
0.9393293221054055 -0.335829744148784 -0.06984846152895112 1.7440624237060547 -0.2505281977286112 -0.5325909342380006 -0.8084445057704007 -1.0711644887924194 0.23429905415057267 0.7768946387461145 -0.5844131017625214 -3.347099542617798
0.9279583968617457 -0.36735506917647165 -0.06279702894348342 1.826015591621399 -0.2697455295313874 -0.5457776733851871 -0.7933247005684895 -1.2277319431304932 0.2571586339044645 0.7531115351557177 -0.6055513624984985 -3.3800389766693115
0.9165613441940638 -0.39638496478597685 -0.05286077960824098 1.9018748998641968 -0.28676699240561876 -0.559375765651846 -0.7777296733878981 -1.3808813095092773 0.278711310132558 0.7279956816444936 -0.6263723278619212 -3.412421703338623
0.9053085885184461 -0.42283929554124267 -0.040290069507565085 1.97412109375 -0.3016787170973544 -0.5733157367975475 -0.7617735999565615 -1.5293993949890137 0.29900888148219484 0.7017948390280956 -0.646589276672832 -3.4440038204193115
0.8943481901323364 -0.44665266146165217 -0.02535182076767839 2.0420117378234863 -0.3145534553625561 -0.5875231759669325 -0.7455686698227099 -1.67355215549469 0.3181154484247664 0.6747724932975198 -0.6659464270964731 -3.4749021530151367
0.8850260720655905 -0.46550801647452594 -0.0055801758130552825 2.1049609184265137 -0.32212313651605656 -0.6036803158900059 -0.7292508218219576 -1.8138256072998047 0.3361034612812104 0.6472034941229032 -0.6842237210955893 -3.505625009536743
0.8791800384011424 -0.47597074847883447 0.0222330085562871 2.1654295921325684 -0.3199953387513962 -0.6243586458372085 -0.7125863207680221 -1.9494261741638184 0.35305161556682474 0.6193772097525265 -0.7012320791184824 -3.536367177963257
0.8733625886320303 -0.4845223634291951 0.04975809597388112 2.2206249237060547 -0.3178779670787826 -0.6444049462977931 -0.6954824679550153 -2.0808324813842773 0.3690411722610627 0.591591366167497 -0.7168181559170047 -3.566396474838257
0.8675892655029209 -0.49131995167110665 0.07676959993385066 2.2724609375 -0.3157766264063222 -0.663578194835805 -0.6781954744422115 -2.2072534561157227 0.38415360026888223 0.5641530682610488 -0.7308606754861697 -3.5953807830810547
0.8618694650124927 -0.496549750009158 0.10305033258035737 2.322011709213257 -0.3136948358292312 -0.6816654311802284 -0.6610051360677504 -2.328237295150757 0.39846778446086617 0.537373785832279 -0.7432717127989821 -3.6231443881988525
0.8562082111467926 -0.5004226526954355 0.12839263154119626 2.367480516433716 -0.3116342738473085 -0.6984811728748688 -0.6442112467995331 -2.4444360733032227 0.4120577368870417 0.5115674147251874 -0.7539941655363906 -3.6500585079193115
0.8506079640514101 -0.5031701451505561 0.15259717075189544 2.409433603286743 -0.30959595242153065 -0.7138650961003365 -0.6281297404309578 -2.5556371212005615 0.4249899266294675 0.4870486932523537 -0.7629987763192378 -3.676015615463257
0.845070829679472 -0.5050394059368608 0.17547219516433996 2.449355363845825 -0.30758061650721924 -0.7276801377984838 -0.613087091205335 -2.6612842082977295 0.43732077148688964 0.46413017086214364 -0.7702815896291364 -3.7007129192352295
0.8396005319335839 -0.5062890558997266 0.19683073604751583 2.4872851371765137 -0.3055895761402413 -0.739807869830667 -0.5994158211884626 -2.761362314224243 0.44909459775338095 0.44312042111910704 -0.7758597390353198 -3.7241406440734863
0.8342046073902858 -0.5071841706191857 0.21648762108293343 2.5216991901397705 -0.30362560770359276 -0.7501439959247649 -0.5874482749354621 -2.856386661529541 0.46034135525221187 0.42432087204302715 -0.7797676796284918 -3.746699094772339
0.8288973158390782 -0.5079906170117818 0.2342536506071164 2.553339719772339 -0.30169392362278113 -0.758591663037252 -0.5775114416351145 -2.946098566055298 0.4710732599541852 0.4080247808630817 -0.7820522757193225 -3.7681736946105957
0.8237015004256272 -0.5089695846878304 0.24993159075888718 2.583261728286743 -0.29980281225313393 -0.7650542679492955 -0.5699212584714486 -3.030156135559082 0.4812838164344222 0.39451480194698013 -0.7827668612575858 -3.7883594036102295
0.8186519964437267 -0.5103695680272085 0.2633093480118416 2.6115429401397705 -0.2979649164499 -0.7694283478303303 -0.5649751553122424 -3.1085448265075684 0.4909438025718469 0.38406109095664587 -0.7819662787674968 -3.8072264194488525
0.813797683671266 -0.512418398366973 0.27415454595229344 2.6381640434265137 -0.29619811714285976 -0.7715949809503525 -0.5629456996667173 -3.1812524795532227 0.5000000054523066 0.37691984610424983 -0.7796995730154287 -3.8248143196105957
0.8188860283747383 -0.4981919535562995 0.2850095611455957 2.6609179973602295 -0.28182555379705543 -0.781599760877981 -0.5564855532917865 -3.246342658996582 0.5000000297596293 0.3753752671757167 -0.7804443471722562 -3.8419041633605957
0.8244158838239425 -0.48291299001691373 0.2951838318263921 2.6794140338897705 -0.26521399997282263 -0.7903491163224704 -0.5522769310289047 -3.3030858039855957 0.49999998471720297 0.37701898944378665 -0.7796516509836829 -3.8573241233825684
0.8301969386234545 -0.46674074133845345 0.30483786424109977 2.6951756477355957 -0.2465221561160632 -0.7978264626403537 -0.5501815718966492 -3.350956916809082 0.49999986964411464 0.3816097691171064 -0.7774150207387667 -3.8709373474121094
0.8360336029571973 -0.4498504543880125 0.3141375230902956 2.7082226276397705 -0.22593757667906755 -0.8039973813757226 -0.5500367462137156 -3.38995361328125 0.5000000261707971 0.38887373198492015 -0.7738069490521022 -3.8826756477355957
0.8417338778222956 -0.4324310918040286 0.3232451542829631 2.718515634536743 -0.20367632244285902 -0.8088233180497582 -0.551652785595371 -3.4200682640075684 0.5000000346023922 0.3985074541588345 -0.7688899624637138 -3.8925390243530273
0.8471154339011728 -0.4146893574728136 0.33230735538837053 2.726015567779541 -0.1799873069998032 -0.8122701166065254 -0.5548169310565244 -3.441298723220825 0.5000000109653863 0.4101828792950854 -0.7627253729671033 -3.9004881381988525
0.8520144738906239 -0.3968451181600438 0.34144587927433595 2.7306835651397705 -0.15514934240131378 -0.8143197339944821 -0.5592960328659555 -3.4536449909210205 0.5000000178333232 0.4235532115563485 -0.7553824588557638 -3.906494140625
0.8562930957810699 -0.37912714753472115 0.35074882768137267 2.732558488845825 -0.12946865823293568 -0.8149793543430781 -0.5648420297126473 -3.457104444503784 0.5000000006530347 0.4382593501532233 -0.7469462774190925 -3.910517454147339
0.8598455554308259 -0.36176752146138025 0.36026362739186474 2.73583984375 -0.10327437650779961 -0.8142876015232022 -0.5712005822498045 -3.4643163681030273 0.5000000239627793 0.4539382804096612 -0.7375228902318488 -3.915537118911743
0.8626034556743682 -0.34499269961888446 0.3699936694976179 2.740527391433716 -0.07691084975977233 -0.812319145130453 -0.5781196482076697 -3.475285530090332 0.4999999994478681 0.47023147881038774 -0.7272429833885836 -3.9215331077575684
0.8645383534106811 -0.32901497036344696 0.3798981241842196 2.7466015815734863 -0.05072896656178086 -0.8091853334824318 -0.585359434901753 -3.4900293350219727 0.5000000074335222 0.48679384276474363 -0.716262345242867 -3.9284374713897705
0.8656622106886538 -0.3140250606325177 0.38989382949769325 2.754042863845825 -0.025078679204162235 -0.8050319120053471 -0.5927011730226199 -3.5085668563842773 0.4999999968350074 0.5033009854428645 -0.7047610383791332 -3.936210870742798
0.8660253151146858 -0.3001835973132604 0.39986242819822376 2.762812376022339 -0.00029798180908974237 -0.8000343298063061 -0.5999541501966765 -3.5309178829193115 0.5000000647873466 0.5194563302486987 -0.6929394318244592 -3.94482421875
0.8657121543874953 -0.28761929413724363 0.4096554740092647 2.7728710174560547 0.023290630495347464 -0.7943901997563976 -0.606961083647148 -3.5571069717407227 0.5000000122768907 0.5349947216290873 -0.6810144165523404 -3.954228401184082
0.8648351578135239 -0.2764251797127773 0.419105320689699 2.7842187881469727 0.045388690307993765 -0.7883116258591923 -0.6135997452145506 -3.587162971496582 0.5000000166017814 0.5496852740941812 -0.6692130324808557 -3.9643847942352295
0.8635279026333703 -0.2666602044826828 0.4280325883841864 2.796875 0.06572320942331475 -0.7820173781632528 -0.6197816389614744 -3.621110677719116 0.5000000211167112 0.5633304142294521 -0.6577680619240817 -3.9752538204193115
0.8619373246267804 -0.25835262947029625 0.4362544753478317 2.810859203338623 0.08404785715241465 -0.775725534261852 -0.6254485216244833 -3.659191846847534 0.5000000061233153 0.5757636792469184 -0.6469128067496704 -3.98687481880188
0.860216097411582 -0.2515059160220992 0.4435910729037189 2.826113224029541 0.10014138441761046 -0.7696470607629142 -0.6305672882301547 -3.7014646530151367 0.499999968880911 0.5868459559926196 -0.6368766403740966 -3.999208927154541
0.858515349936184 -0.2461057003492344 0.44987040153755914 2.8415234088897705 0.11380411001389253 -0.7639816825114394 -0.6351225183623521 -3.7483105659484863 0.5000000184678973 0.5964595317727794 -0.6278821613085526 -4.012177467346191
0.8569782589019801 -0.24212721145731772 0.4549315082968365 2.858164072036743 0.12485290093891413 -0.7589155566824208 -0.639107918079998 -3.7993993759155273 0.5000000168964687 0.6045011094260416 -0.6201438476726318 -4.025800704956055
0.8587504459011829 -0.23579801379265133 0.4549142428589815 2.876113176345825 0.133646211924528 -0.7540141026537949 -0.6431185139905526 -3.854682445526123 0.49465782284599924 0.6130758759653108 -0.6159964355470112 -4.040146350860596
0.8605858209098903 -0.2309535557863054 0.45393006060241503 2.8952929973602295 0.13983770246130706 -0.749871100336497 -0.6466364897301067 -3.9142260551452637 0.48973203062408854 0.6199627310974374 -0.6130324218432607 -4.055146217346191
0.8625000950972622 -0.22751749462322401 0.45202806947974494 2.9157421588897705 0.14357501774084125 -0.7465163168285177 -0.6496919292938012 -3.978041887283325 0.4852626095609789 0.6252592888947398 -0.6112045659293731 -4.07082986831665
0.8644952076319549 -0.22541631268729195 0.4492610843995374 2.9374217987060547 0.14500231864305813 -0.7439591271413847 -0.6523029547159557 -4.046123027801514 0.48127161101556803 0.6290566771901352 -0.6104632120881534 -4.087206840515137
0.8665609536704172 -0.22457928610191236 0.44568627736084987 2.9603514671325684 0.1442604646971421 -0.7421918872005399 -0.6544769827114362 -4.118471622467041 0.47776671284130046 0.6314391077749749 -0.6107565974045323 -4.104306697845459
0.8686775109964934 -0.22493776501279691 0.44136423026791033 2.983574151992798 0.1414868972636146 -0.7411927108827393 -0.6562124832986732 -4.195407390594482 0.4747429196856469 0.6324842821804696 -0.6120316928092889 -4.121982097625732
0.8708171248114807 -0.22642502069007805 0.4363590782149076 3.006659984588623 0.13681653593379792 -0.7409273049154979 -0.6575013036684662 -4.277055740356445 0.47218510208406816 0.6322645323250028 -0.6142334983812783 -4.140204906463623
0.872946360620809 -0.22897496468709205 0.43073787507651257 3.030878782272339 0.13038193906341833 -0.7413519622087195 -0.658329566475139 -4.363000392913818 0.4700693581217004 0.6308468385240797 -0.6173062974563164 -4.159189224243164
0.8750270397045035 -0.23252279464833847 0.424571348250091 3.0562498569488525 0.12231406037944764 -0.7424151425926377 -0.6586797603408249 -4.453234672546387 0.4683662567045861 0.6282936463295489 -0.6211925173104178 -4.178935527801514
0.8770188048970802 -0.23700305548397277 0.41793249161576057 3.082714796066284 0.11274272413121837 -0.7440596424010879 -0.6585319481281351 -4.547749042510986 0.46704078409959965 0.6246637497415917 -0.6258339282480658 -4.199452877044678
0.8788801287151029 -0.24235044022285948 0.4108965605520566 3.1097068786621094 0.10179724801257153 -0.7462231421787777 -0.657866508019597 -4.646718502044678 0.46605476035203275 0.6200139403276491 -0.6311700833789504 -4.220634460449219
0.8805696967036356 -0.24849821531546368 0.4035413810655564 3.135058641433716 0.08960696615275958 -0.7488414363549813 -0.6566636085658367 -4.750844478607178 0.46536824221702683 0.6143981935055128 -0.6371399053214268 -4.241923809051514
0.8820476699007139 -0.255378428089361 0.3959466712694119 3.161367177963257 0.07630146867673539 -0.7518491269419935 -0.6549053184959907 -4.859270095825195 0.4649408498943643 0.6078690227204943 -0.6436810214044973 -4.264023303985596
0.8832768707321389 -0.26292091042409693 0.3881939779174897 3.188671827316284 0.062011049309195085 -0.7551817370287782 -0.6525757992921357 -4.971989631652832 0.46473282581846215 0.6004774258204559 -0.6507305599761132 -4.286933422088623
0.8842236311492242 -0.27105404590215537 0.38036597418453777 3.216913938522339 0.046866808949706476 -0.7587757104588304 -0.6496637002608107 -5.089001178741455 0.46470643672769574 0.5922745355135312 -0.6582239757453983 -4.310664176940918
0.8848591602129077 -0.2797032468325792 0.37254578282222095 3.2414257526397705 0.031000751209867033 -0.7625706988621499 -0.6461616536605344 -5.211679458618164 0.46482601047244765 0.5833112573474009 -0.6660966574304832 -4.333691120147705
0.8851593654774832 -0.28879265779858415 0.364817349517713 3.266738176345825 0.014545881784730375 -0.7665093458031849 -0.64206840766345 -5.338674068450928 0.46506054985410655 0.5736394543596206 -0.6742821823030716 -4.357519626617432
0.885106420600298 -0.2982431679904077 0.3572640997345998 3.292851448059082 -0.002364254037289182 -0.7705398784467657 -0.6373874065480829 -5.469985008239746 0.4653826753489818 0.5633110228553044 -0.6827149163558205 -4.382187366485596
0.8846885681690712 -0.30797358584913515 0.34996915259803135 3.3160154819488525 -0.019595326308066624 -0.774615821530039 -0.6321284301644906 -5.606557369232178 0.46577050200483844 0.55237903603827 -0.6913286049394981 -4.406210899353027
0.8839005180810725 -0.3179007987114306 0.34301451327115245 3.3359375 -0.03701282004301601 -0.7786967323984763 -0.6263077918279468 -5.742473125457764 0.466208027910797 0.5408978472230869 -0.7000568502492889 -4.428828239440918
0.8827462103744479 -0.32794322322551617 0.3364704599366932 3.3556249141693115 -0.05448050589545128 -0.7827350713705012 -0.6199658720639318 -5.876984596252441 0.46668083584707687 0.5289414432496995 -0.7088229306857943 -4.451171875
0.8812442553056055 -0.3380349882452802 0.33036481231039416 3.3705272674560547 -0.07185579977225828 -0.7866344369037539 -0.6132234557779105 -6.010942459106445 0.46716732177021736 0.5166610198177594 -0.7175068529783635 -4.471298694610596
0.8794210681401851 -0.34811135201164795 0.32471075053314513 3.3809568881988525 -0.08899357283796477 -0.7902967254200923 -0.6062270447479335 -6.144277095794678 0.46765235902827407 0.5042316653988538 -0.7259832633775991 -4.489345550537109
0.8773076228883785 -0.3581075088493908 0.3195158007479848 3.391249895095825 -0.10575002499371369 -0.7936364442368784 -0.5991311430670858 -6.276154518127441 0.4681327451009717 0.4918335150075963 -0.7341331803423006 -4.507206916809082
0.8749395801437226 -0.3679575055516253 0.3147824728382318 3.393007755279541 -0.12198116933016548 -0.7965810910811838 -0.5920972552383235 -6.407402038574219 0.4686163947481693 0.47965178978102063 -0.7418442121719976 -4.520888805389404
0.8723566772402742 -0.377595884666477 0.3105079315528811 3.3909177780151367 -0.13754432010310538 -0.7990706154465486 -0.5852928425474282 -6.537543773651123 0.4691219326376486 0.4678755170051268 -0.7490107562014732 -4.532617092132568
0.8696022854888181 -0.38695898716047095 0.3066832361384735 3.3867383003234863 -0.15229914296775726 -0.8010558621958059 -0.5788907294930716 -6.666144847869873 0.46967737450713 0.45669710738899644 -0.7555335306778996 -4.543291091918945
0.8667232491624358 -0.3959824249205371 0.3032964367007328 3.37158203125 -0.16610416265843214 -0.8024986924182987 -0.5730665369871656 -6.792990684509277 0.4703192708244598 0.4463112902683199 -0.7613186032602751 -4.54861307144165
0.8637690310129642 -0.4046047033573404 0.3003299769987058 3.356679677963257 -0.17882057739373997 -0.8033684621996384 -0.5679985167617584 -6.9183349609375 0.47109050315570367 0.4369143485445478 -0.7662764448111394 -4.553994178771973
0.8607907890158694 -0.41276632535260604 0.2977636280682112 3.3303515911102295 -0.19030990533591863 -0.8036403299359399 -0.5638655513785957 -7.040361404418945 0.4720395719391237 0.42870290499990854 -0.7703197139942407 -4.553866863250732
0.8578415306195485 -0.4204097001476441 0.2955733282386592 3.302910089492798 -0.20043447479875653 -0.80329237965068 -0.5608452318664164 -7.16067361831665 0.47321657796030014 0.42187324733492604 -0.7733621619439545 -4.553173542022705
0.8549744746778893 -0.42747941516936927 0.29373456939169 3.266249895095825 -0.20905551204826248 -0.8023023995323342 -0.559112379210922 -7.276691913604736 0.47467298272758934 0.41661998189130717 -0.7753150006012917 -4.548173904418945
0.8522431218952984 -0.43392226633706565 0.29222102586751053 3.2278125286102295 -0.2160339095941767 -0.8006440101726011 -0.5588367551263882 -7.39055871963501 0.47645672530420924 0.4131351301349721 -0.7760852744130307 -4.542304515838623
0.8497003369199424 -0.43968603643497256 0.2910077779067779 3.1815624237060547 -0.22122751358539644 -0.798283237750104 -0.560180559784106 -7.499467372894287 0.4786102011772835 0.411606683244229 -0.7755721846725329 -4.533046722412109
0.8473966638574012 -0.4447226185007602 0.29007014096106876 3.1346678733825684 -0.2244933908338579 -0.7951717615069339 -0.5632979559468299 -7.606359481811523 0.4811669269133777 0.41221797910303143 -0.7736631865023366 -4.523515701293945
0.8453810861579294 -0.44898264824948014 0.2893879761450422 3.081679582595825 -0.22568253349898287 -0.791245323904235 -0.5683293336377802 -7.70828104019165 0.48414689221342766 0.4151450577455624 -0.7702313728935699 -4.511913776397705
0.8436988427130565 -0.4524194178963225 0.2889445156340603 3.0289061069488525 -0.22464286839753617 -0.7864157733091766 -0.5754005675776285 -7.808403015136719 0.4875529145464893 0.42055546816190903 -0.7651308735872191 -4.500663757324219
0.8423908330102252 -0.4549866278602331 0.2887297229741215 2.9742772579193115 -0.22121649389360404 -0.7805668165334174 -0.5846184291966066 -7.905585765838623 0.4913664083855959 0.42860542856485195 -0.7581928773834399 -4.489599704742432
0.8414929472357237 -0.45663814818960724 0.28874075114278897 2.920664072036743 -0.21524039221151336 -0.7735484625169463 -0.596065725988588 -8.00148868560791 0.4955413134272153 0.43943643198491733 -0.7492225496681181 -4.479911804199219
0.8410342567613535 -0.457328382870336 0.2889846521445056 2.8680858612060547 -0.20654627296735778 -0.7651709432614816 -0.6097967404895076 -8.096117973327637 0.5000000160771709 0.453171245567873 -0.7379944485653608 -4.471767425537109
0.8436355045973757 -0.4545896971168776 0.28570499235735514 2.819277286529541 -0.19565058085606526 -0.7558162556637645 -0.6248700968082013 -8.191176414489746 0.49999998559341485 0.47126425172040376 -0.7265741665218991 -4.467226505279541
0.8466635706007317 -0.4507304510210919 0.28284776601547135 2.7724804878234863 -0.18210106777070126 -0.7448656628502068 -0.6418834360096015 -8.28543472290039 0.4999999993343902 0.4919524416333807 -0.7127291181343476 -4.464286804199219
0.8499318147301016 -0.44593667157270567 0.28063569847090636 2.7300195693969727 -0.16618038016827497 -0.7323169283694693 -0.6603756489079784 -8.380019187927246 0.4999999915567242 0.5146381266192417 -0.6965253814995642 -4.465195178985596
0.853250685524338 -0.4404261123774557 0.27926350851539417 2.689160108566284 -0.14820002847554664 -0.7182014886356023 -0.6798701150083386 -8.473495483398438 0.5000000192120937 0.538712781784213 -0.6780770749186411 -4.467138767242432
0.8564383519446804 -0.43444068067832775 0.27888105760347137 2.651113271713257 -0.12850442794902828 -0.7026041074153361 -0.6998814758518699 -8.566425323486328 0.49999996131577096 0.563567886962032 -0.6575646549727089 -4.47119140625
0.8593310632534904 -0.42823473033203063 0.2795802916249254 2.615117073059082 -0.10747143674486745 -0.6856779197313253 -0.7199275523807351 -8.658432006835938 0.5000000140116191 0.5886092134263403 -0.6352473375449955 -4.476416110992432
0.8617934262373128 -0.4220602023851121 0.2813845696849626 2.5805859565734863 -0.08551051026212234 -0.6676519710254285 -0.7395463462289379 -8.749380111694336 0.5000000431288629 0.6132748414442736 -0.6114686629113848 -4.482470512390137
0.8637271151594021 -0.41614594476195 0.2842499308647253 2.548222541809082 -0.06305138576115168 -0.648834058212852 -0.7583131857330716 -8.83951187133789 0.4999999932920154 0.6370533082570293 -0.5866541478134788 -4.489336013793945
0.8650761891413281 -0.4106818643624157 0.2880687301053822 2.516738176345825 -0.04053616412660449 -0.6296045464143631 -0.7758575478348232 -8.928442001342773 0.5000000063786181 0.6594986894741902 -0.5613033691358065 -4.496220588684082
0.8658297660146499 -0.4058029086716729 0.2926821067243888 2.4865429401397705 -0.01840709558538897 -0.610406736154065 -0.7918742294644092 -9.01638126373291 0.499999995115127 0.6802408512955918 -0.5359779744667887 -4.502949237823486
0.8660205126307634 -0.40157999733599414 0.29789591712941055 2.4570116996765137 0.0029056536646150377 -0.5917297444142755 -0.806131172174974 -9.1032075881958 0.5000000288795302 0.69899171333789 -0.5112832442056261 -4.508769512176514
0.8657200941193318 -0.3980174288064383 0.3034976853360287 2.4279491901397705 0.022993871576401342 -0.5740890964875994 -0.8184699085268681 -9.188905715942383 0.5000000005079432 0.7155444330440728 -0.4878485050009821 -4.51370096206665
0.8650316008598651 -0.39505762397932154 0.30927302379876553 2.3990232944488525 0.04147666042750045 -0.5580097325482212 -0.8287972158623872 -9.273447036743164 0.5000000161536003 0.7297633946131278 -0.46631038132248753 -4.516279220581055
0.8640808014286196 -0.39259075361807066 0.3150188387637627 2.369687557220459 0.0580033613163779 -0.5440106888372656 -0.8370710725540605 -9.356606483459473 0.49999997867847545 0.7415691947515072 -0.4472976086646619 -4.515830039978027
0.8630061860231495 -0.39047013378898743 0.32055170800447635 2.3399999141693115 0.07225165016427254 -0.5325933011361319 -0.8432817290997456 -9.43837833404541 0.5000000219343159 0.7509177386396779 -0.4314192020088534 -4.512431621551514
0.8619496375587609 -0.38852963762873904 0.3257108272630822 2.309882879257202 0.0839215480248289 -0.5242343427965609 -0.8474287743579245 -9.51871109008789 0.4999999960894369 0.7577750817470434 -0.4192575931260213 -4.505663871765137
0.8610469390835733 -0.3866045065438767 0.3303560567248236 2.2792577743530273 0.092726294334884 -0.5193805978602588 -0.849497280104675 -9.597392082214355 0.5000000030337297 0.7620897257451289 -0.4113626707419921 -4.49490213394165
0.8604191649536654 -0.38455094005736057 0.33436422518181763 2.248242139816284 0.09838106896498242 -0.5184491524059007 -0.8494301864420115 -9.674355506896973 0.5000000258497437 0.7637611216019073 -0.4082510542296888 -4.480390548706055
0.8601636438012797 -0.38226853170686836 0.33762297840813565 2.216972589492798 0.10059079353701833 -0.5218232278935601 -0.8471021255352502 -9.749652862548828 0.4999999981380984 0.7626082142866157 -0.4104006741764453 -4.462616920471191
0.860343825670983 -0.3797221078106736 0.3400288553485373 2.1855273246765137 0.0990378622242267 -0.5298502289241975 -0.8422886896753576 -9.823348999023438 0.5000000034758725 0.7583336045229665 -0.4182465071884438 -4.441962718963623
0.8609647879168764 -0.3769700289722959 0.3415160775481512 2.1539647579193115 0.09348609948543338 -0.542693737244006 -0.8347118405528544 -9.895620346069336 0.4999999831702478 0.7505845087748351 -0.4319987407585718 -4.419072151184082
0.8619299641941298 -0.374179846909676 0.3421493518786164 2.122441291809082 0.08412328378130898 -0.5599242738818757 -0.8242621431581725 -9.966679573059082 0.500000009950155 0.7392389665625763 -0.4511382718915999 -4.394814491271973
0.8630904369062198 -0.3715829590590852 0.3420540925905214 2.076894521713257 0.0712383245093467 -0.5809282906684488 -0.810831315516449 -10.017377853393555 0.4999999988421318 0.7241881148140505 -0.47492270478462056 -4.367148399353027
0.8642689508840405 -0.36943656426733007 0.34140270286005514 2.0227344036102295 0.055128476544057586 -0.6050416775117645 -0.7942829593713324 -10.053110122680664 0.5000000316117306 0.7052951108976308 -0.5025522608964837 -4.337968826293945
0.865271959152426 -0.36799028485624985 0.3404226592868617 1.9726366996765137 0.03611698155259599 -0.6315497778747599 -0.7744936679598298 -10.086352348327637 0.500000000348052 0.6824426923322997 -0.5331716152742851 -4.310741901397705
0.8659028624027657 -0.3674521843113644 0.3393981807958081 1.92654287815094 0.014567446864606731 -0.6596961965635503 -0.7513911882178499 -10.117006301879883 0.5000000223745432 0.6555759456267387 -0.5658799847503563 -4.285507678985596
0.8659775054908534 -0.3679592324093919 0.33865759000579065 1.8844921588897705 -0.009108154479433112 -0.6886956956563335 -0.7249932967320579 -10.14498519897461 0.5000000015058178 0.6247433409562123 -0.5997464100976779 -4.262333869934082
0.8653400113693962 -0.3695509624816331 0.33855391129347734 1.8464062213897705 -0.034448006370872225 -0.7177649672607601 -0.6954328052588777 -10.170166015625 0.4999999995802855 0.590123324316247 -0.6338410388399097 -4.241386413574219
0.8638780700182137 -0.37215712156065883 0.3394315203591017 1.8123241662979126 -0.060948327590203744 -0.7461552564929442 -0.6629763454090244 -10.192456245422363 0.4999999815055631 0.5520429422423893 -0.6672695170729762 -4.222763538360596
0.8633221336929054 -0.3737656740631481 0.33907833072617527 1.7823632955551147 -0.0882610958362558 -0.7733769338657565 -0.6277723290542396 -10.211811065673828 0.49687510748447866 0.5120423215482504 -0.7006623926726522 -4.206308364868164
0.8635431450568107 -0.37465789053945037 0.33752733471812507 1.7565429210662842 -0.1160009056042447 -0.798968136255984 -0.5900794074924448 -10.22818374633789 0.49075149161707815 0.47040555088579566 -0.7334041117770229 -4.192089557647705
0.8637600533145833 -0.37565643274277305 0.3358583255436172 1.7349413633346558 -0.14366102230311084 -0.8224336268906416 -0.5504220562716666 -10.241494178771973 0.4829907669602112 0.4271828342741303 -0.7643525005733334 -4.180146217346191
0.8639843784713818 -0.3767130149855247 0.33409324760901166 1.7176367044448853 -0.17080254964801692 -0.8434460862127778 -0.5093379906173151 -10.251718521118164 0.473663892218055 0.38299608874355795 -0.7930677860157854 -4.170556545257568
0.8642312970715154 -0.37777694012194163 0.33224817331956663 1.704687476158142 -0.19700774854420947 -0.8617940556813635 -0.46743871534759285 -10.258817672729492 0.4629170683563389 0.33851970268267895 -0.819214378975371 -4.163378715515137
0.8645195770595961 -0.3787955613605501 0.33033289811074346 1.6961718797683716 -0.221889810459797 -0.8773853177556172 -0.42539383658086766 -10.262787818908691 0.4509665319009964 0.29446379553422236 -0.8425676591376905 -4.158632755279541
0.8648719413553336 -0.37971350176026214 0.32835069915749515 1.6877928972244263 -0.24509914241570013 -0.890244894396861 -0.38391462382593633 -10.266376495361328 0.4380900996865198 0.2515585112479426 -0.8630152837437897 -4.154130935668945
0.8653140903931696 -0.38047406728634686 0.3262989566174329 1.6796483993530273 -0.26632907234404907 -0.9005071316615861 -0.3437378813150812 -10.269609451293945 0.4246178872720734 0.21053833368108288 -0.8805528149176479 -4.149892330169678
0.8658741411269217 -0.3810194934314308 0.3241698896458021 1.671816349029541 -0.2853179747286255 -0.9084028928885615 -0.30561059780126776 -10.272500038146973 0.4109204607031281 0.17212881750871556 -0.8952742848750768 -4.145976543426514
0.8665827499208327 -0.3812890315804565 0.32195187829252525 1.664394497871399 -0.3018466439393322 -0.9142427759159699 -0.2702753230097483 -10.275102615356445 0.39739519509200083 0.13703583867696595 -0.9073578334019556 -4.142392635345459
0.8674718990664217 -0.3812192147004057 0.31963168596574115 1.6574609279632568 -0.3157339429987113 -0.918394726485637 -0.23846006710109546 -10.277445793151855 0.38445361432633546 0.10593883474240429 -0.9170454632813138 -4.139179706573486
0.8720830913451758 -0.37068497249977633 0.31947415067995916 1.6506835222244263 -0.31741224719381506 -0.9253646045810959 -0.20724336881995492 -10.280107498168945 0.372452073589628 0.07932842965363344 -0.9246547751066203 -4.137519359588623
0.8761417026369644 -0.36215693992070214 0.31814787091488467 1.6445897817611694 -0.31888945805294905 -0.9303710784602106 -0.18088441034948705 -10.282489776611328 0.3615041223044318 0.057026373127335786 -0.9306249310677448 -4.135908126831055
0.8796876393771655 -0.35537662623683847 0.31600175735516467 1.6390819549560547 -0.32018011262190066 -0.9339229729000877 -0.15897350776430944 -10.284643173217773 0.35161676952110366 0.03866955150999773 -0.9353450236022847 -4.134365081787109
0.8827718176492177 -0.35009658176328 0.3132831010475401 1.6341601610183716 -0.3213026193913214 -0.9364091848141715 -0.14107609779099628 -10.286630630493164 0.3427514328731127 0.02387932229620593 -0.9391225869023182 -4.132861137390137
0.8854506325727601 -0.34608765695881427 0.3101620721127212 1.629726529121399 -0.322277663074931 -0.9381219685692651 -0.12674494061179722 -10.28848648071289 0.33483471319362934 0.012268080065146757 -0.9421970118038238 -4.131415843963623
0.887782829810495 -0.34314050179124717 0.3067511094097637 1.6257421970367432 -0.32312648457569987 -0.9392777742260717 -0.115527216752879 -10.290228843688965 0.3277665664149101 0.0034436717857285123 -0.9447524644398725 -4.130009651184082
0.889826970827644 -0.34106520971969095 0.30312123763696003 1.6221874952316284 -0.32387049837186127 -0.9400348889057112 -0.10696872404768276 -10.291884422302246 0.32142784924779205 -0.0029883706079299396 -0.9469293571164895 -4.128652095794678
0.8916404305811929 -0.33968892229063186 0.29931384636533875 1.6189452409744263 -0.3245305567405855 -0.9405085499944872 -0.1006160281909021 -10.293461799621582 0.3156853818196689 -0.007423170501604091 -0.9488348835519664 -4.127343654632568
0.8932783482215965 -0.3388533520772121 0.2953509749171872 1.61599600315094 -0.3251266909513636 -0.9407833026356744 -0.09601777081837126 -10.2949800491333 0.3103972091200443 -0.010255889427529793 -0.950551623691495 -4.126064300537109
0.8947930497756522 -0.3384118128511111 0.29124361451542935 1.6142773628234863 -0.3256780059935196 -0.9409230721714645 -0.09272329085778797 -10.29580020904541 0.30541649347288435 -0.011883483421855377 -0.9521447097665827 -4.125341892242432
0.896234117189115 -0.33822806280364076 0.28699509528621536 1.6137890815734863 -0.32620253560165496 -0.940978451332503 -0.0902854356745058 -10.29592227935791 0.30059326831001787 -0.01270164005082669 -0.9536678433221499 -4.125195026397705
0.8976475389630351 -0.3381745618813218 0.28260725661239255 1.6120312213897705 -0.3267169949112625 -0.9409921311468409 -0.08825992497096835 -10.296859741210938 0.29577846613599296 -0.013106289181265059 -0.9551666473208412 -4.124365329742432
0.8990760431395792 -0.3381311788593735 0.27808195650859463 1.6089452505111694 -0.32723686642422367 -0.9410022115375736 -0.0862025007424401 -10.298623085021973 0.2908234892599502 -0.013496064780740065 -0.956681532345065 -4.122870922088623
0.9005585372606391 -0.33798669348800214 0.27342149877437405 1.6044921875 -0.32777646369043123 -0.9410427205551646 -0.08367310165596444 -10.301200866699219 0.28558170602749255 -0.014268605929845829 -0.9582481390888506 -4.120712757110596
0.9021302250022473 -0.33763884189278276 0.2686281250775788 1.5986132621765137 -0.32834851277534843 -0.9411427552608543 -0.08023445879561072 -10.304604530334473 0.2799076835237141 -0.01582171499263544 -0.9598965371533955 -4.117900371551514
0.90382206485187 -0.3369957956799888 0.26370344855711164 1.5912303924560547 -0.3289643040616193 -0.9413233075856868 -0.07545142310915584 -10.308842658996582 0.27365701478338983 -0.01855436040270993 -0.9616483629528467 -4.114404201507568
0.9056606867671017 -0.33597850416064845 0.2586448630584314 1.5823241472244263 -0.3296335242717734 -0.941592070366437 -0.06889203654427005 -10.313910484313965 0.2666841954835566 -0.02286520861527307 -0.9635126995085578 -4.110253810882568
0.9076678654249494 -0.33452315513008757 0.2534429023601322 1.571816325187683 -0.3303640615129505 -0.941936488658537 -0.060126850859605875 -10.319804191589355 0.258840941382123 -0.02915321621086068 -0.9654799102254689 -4.105410099029541
0.9098597737794412 -0.3325856323653016 0.24807657931009264 1.559667944908142 -0.3311618533659446 -0.9423146708830836 -0.04873282172970021 -10.326518058776855 0.24997403651830896 -0.03781346562639515 -0.9675138876957088 -4.099912166595459
0.912246460174858 -0.3301448837938186 0.2425092814784777 1.5458202362060547 -0.33203055710311286 -0.9426451446976346 -0.034290528251576066 -10.334057807922363 0.23992103919464422 -0.049239078816948334 -0.969542886142238 -4.093730449676514
0.914815519049076 -0.32723811591545815 0.2367018833872496 1.530214786529541 -0.33296559356383915 -0.9427938327478239 -0.01654395464660362 -10.342377662658691 0.22857488840563886 -0.06367891664255712 -0.971441462963971 -4.08694314956665
0.9174923238367083 -0.32403798033148024 0.23066690920765404 1.5128710269927979 -0.33393988046912115 -0.9425853048411741 0.004135133581909742 -10.35146427154541 0.21608329859798509 -0.08082283340842719 -0.9730239861724108 -4.079560279846191
0.9201926052854064 -0.32073474130708723 0.22444329995954881 1.4939062595367432 -0.33492270811889047 -0.9418524474085652 0.027216665791464006 -10.361303329467773 0.20266314110948913 -0.10021573244342202 -0.9741070055217054 -4.071523189544678
0.9228400519561076 -0.31749611141223405 0.21808818799687105 1.4733984470367432 -0.33588628395862213 -0.9404565511101127 0.05217163714643869 -10.3718843460083 0.1885381732013869 -0.12139890737639308 -0.9745335615224863 -4.062831878662109
0.9253677653395452 -0.3144613513859108 0.21168031877112078 1.4513866901397705 -0.33680629464681955 -0.9382982072413831 0.07847288814543976 -10.3831787109375 0.1739425731578567 -0.14391154495784447 -0.9741834778269801 -4.05349588394165
0.9277200386206333 -0.3117362711913505 0.2053193297413651 1.4279491901397705 -0.3376624858928938 -0.9353250194765276 0.10559902254218376 -10.395195007324219 0.15912126056049816 -0.16729496455346796 -0.9729814074650615 -4.043515682220459
0.9298536170867134 -0.3093904762475472 0.19912253513370018 1.403164029121399 -0.3384390290885026 -0.9315368483076546 0.13303429570856196 -10.40792465209961 0.14433043469894832 -0.1910932585214805 -0.970902720238879 -4.032900333404541
