1.0 0.0 -0.0 -10.433493614196777 -0.0 0.15409159880471768 -0.9880565667904879 -6.579086780548096 0.0 0.9880565667904879 0.15409159880471768 -4.953517913818359
0.9997356081075186 0.006170989632546002 0.022150231801165127 -10.524163246154785 0.02062432463866562 0.18525008227007878 -0.9824749585878148 -6.445742130279541 -0.01016617504714862 0.9826720337456869 0.1850738311567216 -4.93585729598999
0.9988597117915723 0.012480168378749674 0.04608168352930776 -10.601078033447266 0.042244192366937564 0.21863655001498955 -0.9748915258677799 -6.299140453338623 -0.022241950699576504 0.9757265520599412 0.2178600267013125 -4.892996788024902
0.9972650373037693 0.01861258944878514 0.07152633700618896 -10.656891822814941 0.06448358894639791 0.2537816378057391 -0.9651097072712659 -6.143818378448486 -0.036115261706153146 0.9670824431384574 0.2518873479261084 -4.821268081665039
0.9948713969547092 0.024281397375189452 0.09819020960815975 -10.696958541870117 0.0869755176060085 0.2901977851816591 -0.9530060360841515 -5.983725547790527 -0.051634899617924224 0.9566585907298215 0.28659758883193537 -4.729372024536133
0.9916304022739012 0.029236073818295023 0.1257553071396689 -10.726410865783691 0.1093702018526696 0.32738649444177415 -0.9385394196323523 -5.81969690322876 -0.06860979691565602 0.9444381055658532 0.32144884588745226 -4.62266206741333
0.987528697860373 0.03326981478971858 0.1538836909034035 -10.751131057739258 0.1313432033988339 0.36484451919044175 -0.921757798848281 -5.651288986206055 -0.08681033246756378 0.9304738557533754 0.35592466890666324 -4.50508975982666
0.9825900203288291 0.03622155223951091 0.18222198304143108 -10.773225784301758 0.1526031578160944 0.4020741387766837 -0.9028004558879799 -5.478681564331055 -0.1059675807723636 0.9148903683394796 0.38954651294152803 -4.3773722648620605
0.9768754500403667 0.03798135986669292 0.2104085820757028 -10.793973922729492 0.17289851071542411 0.4385931704065041 -0.8818968963916132 -5.303017616271973 -0.12577941048048907 0.8978827580343929 0.4218839801695871 -4.238669395446777
0.9704823497389585 0.03849126124445261 0.23808072507651878 -10.81515884399414 0.19202307650586609 0.4739438948223423 -0.8593627421815835 -5.125561237335205 -0.1459148619379531 0.8797133665964385 0.4525629742888698 -4.088122367858887
0.9635419420290543 0.037745287272111905 0.2648815192489359 -10.839605331420898 0.20981932146757454 0.5077014457126451 -0.8355926605470975 -4.951064109802246 -0.16602041528006503 0.8607058355268865 0.4812719464088873 -3.9216582775115967
0.9562157520249635 0.03578603128113597 0.2904665136370784 -10.877372741699219 0.22618022743700575 0.5394810112559986 -0.8110503949883444 -4.786362171173096 -0.18572544331856594 0.841236945491192 0.5077661481871073 -3.73577880859375
0.9486907736380529 0.03270159963906542 0.31450981128587885 -10.956892967224121 0.2410479599370794 0.5689435902517043 -0.7862563653934213 -4.589487075805664 -0.20465018207713626 0.8217261079535852 0.5318688809126247 -3.588501453399658
0.9411742299230037 0.028618698330144007 0.33670764623739863 -11.05923843383789 0.2544109020038871 0.5957953582379214 -0.7617762033850333 -4.340918064117432 -0.22240989607121692 0.8026262275854406 0.5534663286249267 -3.555349111557007
0.9338875539162345 0.02369452426183488 0.35678089377145455 -11.156752586364746 0.2662976753184818 0.6197886151901604 -0.738205676353573 -4.077792644500732 -0.23862016838550143 0.7844110159863061 0.572503077056365 -3.566349983215332
0.9270598393367442 0.018109564117690352 0.3744757642043038 -11.247482299804688 0.2767683741410014 0.640715662119874 -0.7161582977175076 -3.8041014671325684 -0.2529018018209374 0.767564644835703 0.5889696041681307 -3.593015670776367
0.9209220146165119 0.01205410261596826 0.38956044666365786 -11.330920219421387 0.28590452137212163 0.6584010147525465 -0.6962519001279601 -3.5197997093200684 -0.26487968524151295 0.7525707955952985 0.6028896664924822 -3.626016855239868
0.9156998354344084 0.005718423422916091 0.40182223808414796 -11.39837646484375 0.293796032650669 0.6726909167648354 -0.6790955909890832 -3.2385692596435547 -0.27418552584723443 0.739901500292871 0.6143029116651118 -3.6599137783050537
0.9116075527468724 -0.0007192339776709578 0.41106100821817626 -11.449070930480957 0.3005259936298419 0.6834384527308396 -0.6652788952624847 -2.960688352584839 -0.28045640824850915 0.7300077835416287 0.6232438038528616 -3.6911461353302
0.9088406583010861 -0.007105744905230277 0.41708292485810367 -11.478280067443848 0.3061543940376533 0.6904880999658487 -0.6553591922121712 -2.6862547397613525 -0.2833339810723134 0.7233088497971624 0.629719114347675 -3.7167394161224365
0.9075692532486865 -0.013328108664497074 0.4196908529823453 -11.484342575073242 0.3106994659111547 0.6936574788739241 -0.6498500933944648 -2.4168407917022705 -0.2824604263257854 0.7201816878550152 0.6336832363556391 -3.737771511077881
0.9078825099156055 -0.019310219335736678 0.4187797316233748 -11.476619720458984 0.31413381181743305 0.6928398201126489 -0.649070821975015 -2.154360294342041 -0.277613573987998 0.7208329203743942 0.635083147660314 -3.7591497898101807
0.909646105955386 -0.024972109640912704 0.4146327961706418 -11.460813522338867 0.31641970941891007 0.6883541578994956 -0.6527228514413514 -1.8996728658676147 -0.2691143426342328 0.7249447889615859 0.6340603469276298 -3.787050724029541
0.912653370873006 -0.030264348442204242 0.4076124309285819 -11.446162223815918 0.3174782717549669 0.6805878818220656 -0.6603087778308215 -1.6533739566802979 -0.2574322660383086 0.7320411220213813 0.6307490975594485 -3.826988458633423
0.916684718704095 -0.03516857791083153 0.39806067078037755 -11.445595741271973 0.3171984255044882 0.6698981578296326 -0.6712835593055578 -1.41873037815094 -0.24305202190450495 0.741619598759495 0.6252408219109958 -3.8900511264801025
0.921516397214988 -0.03967562819118858 0.3863073571543044 -11.462729454040527 0.31545989958910914 0.6566259293409297 -0.685074770129794 -1.1983691453933716 -0.2264786555398498 0.7531721140913247 0.6176076304095238 -3.973614454269409
0.9269294240715145 -0.04377574715517052 0.37267348544195766 -11.491190910339355 0.31215337276684557 0.6411150988946109 -0.7010932190797711 -0.9899560213088989 -0.20823571898387938 0.7661952192035394 0.6079331965018089 -4.0658979415893555
0.9327168801368215 -0.04744568469247962 0.35747465436292936 -11.521608352661133 0.30719690421640555 0.6237217316414365 -0.7187497920125364 -0.7863183617591858 -0.1888631344325582 0.7802051707610439 0.596330955066094 -4.151504993438721
0.938689560314942 -0.0506390888811131 0.34102432762639034 -11.544564247131348 0.30054898277024256 0.6048234964500037 -0.7374678617389133 -0.5811669826507568 -0.1689148256119437 0.7947478976501184 0.5829610286024303 -4.215568542480469
0.9446805482058533 -0.05327978303084267 0.32363548408923615 -11.550468444824219 0.2922182901277826 0.5848247596768308 -0.7566957587985621 -0.3732275366783142 -0.14895345835623608 0.8094079720321039 0.5680419016715172 -4.242034912109375
0.9505489925897315 -0.055259002784727174 0.30561913437787946 -11.53847599029541 0.2822690353319343 0.5641573121143748 -0.7759192734303378 -0.16988280415534973 -0.12954074409013586 0.8238161019299889 0.5518570701018992 -4.231581211090088
0.9561811936291409 -0.05642909473524853 0.28728606338858875 -11.518353462219238 0.2708218005263026 0.5432804351345805 -0.7946709515011059 0.02529296837747097 -0.11123433512024715 0.8376527479017435 0.5347567639806114 -4.204982757568359
0.9614906823280767 -0.05660627612757675 0.2689449707640176 -11.494502067565918 0.2580522567416647 0.5226764093668474 -0.812538247642481 0.2128954976797104 -0.09457642722594085 0.8506498107884044 0.5171558747793823 -4.172379493713379
0.9664159256681558 -0.05556823041162347 0.2509032291220718 -11.4713716506958 0.24418398517235723 0.5028457524481831 -0.8291684573294906 0.3947412073612213 -0.08009019915263153 0.8625881526045567 0.499527015271397 -4.143118381500244
0.9709161136550578 -0.05306003539989072 0.23346634208879302 -11.451992988586426 0.22947969063643303 0.48430220000418006 -0.8442691813968566 0.5719286799430847 -0.06827131044857697 0.873290336437129 0.4823930103713781 -4.124296188354492
0.9749642380281698 -0.048793291399864075 0.21694227176951525 -11.438864707946777 0.2142284002012094 0.46756702794342525 -0.8576055427335942 0.7442870736122131 -0.05958965609382823 0.882609930317193 0.4663140398831019 -4.120489597320557
0.9785385624687639 -0.04245593181234243 0.20164269293855058 -11.431497573852539 0.1987307978197566 0.45316074352425706 -0.8689944824488044 0.9107470512390137 -0.0544825821661188 0.8904172248909429 0.4518725637367508 -4.125821590423584
0.9816109863707302 -0.03371495097714959 0.18789138755379517 -11.429656982421875 0.1832822166751329 0.4416034927652157 -0.8782903758030208 1.0710644721984863 -0.053361976040357584 0.8965766321169487 0.4396621910682085 -4.135951995849609
0.9841337411704054 -0.022226453180866537 0.1760305776532599 -11.433351516723633 0.16815375160926488 0.4334034942871903 -0.8853732133735374 1.2253222465515137 -0.05661356118167515 0.9009258548397047 0.43026446375650934 -4.1469550132751465
0.9860234329843152 -0.0076468791895445976 0.16643111140795203 -11.442344665527344 0.15357197905459508 0.42905936083463986 -0.8901256720988476 1.3736865520477295 -0.06460214280564257 0.9032439261455517 0.4242369302949574 -4.15505838394165
0.9871427725398811 0.010356374641439792 0.15950514764910517 -11.455994606018066 0.13969709201780126 0.4290508882573096 -0.8924124930587782 1.5161279439926147 -0.07767798339327986 0.9032209479357196 0.4220877279737632 -4.157548904418945
0.9872990442161642 0.03197822259913664 0.15562130499789797 -11.47396469116211 0.1265737917914439 0.4336832880484561 -0.8921310895260944 1.652285099029541 -0.09601912581035575 0.900497750661755 0.4241274908936405 -4.152239799499512
0.9863015628741392 0.05693849047615971 0.15481355035760483 -11.495193481445312 0.11405360027492181 0.4426341743333712 -0.8894193409053701 1.7816991806030273 -0.11916796270960886 0.8948927287750812 0.43007673809348285 -4.138975620269775
0.9839453485460319 0.08479342682114101 0.15704020454188028 -11.517818450927734 0.10191092478388668 0.455412814070909 -0.8844282515782208 1.9043017625808716 -0.1465118237014364 0.8862331767362038 0.43945994353039247 -4.120131969451904
0.9800182119746133 0.11504701995106711 0.1622605540433677 -11.540371894836426 0.08989589130081868 0.4715118141430266 -0.8772658307780962 2.0202832221984863 -0.17743458773675802 0.8743230480342666 0.45174791062135083 -4.0977277755737305
0.974321059513801 0.14715856390569731 0.17041957063998545 -11.561795234680176 0.07775555670509442 0.49041015861188025 -0.8680160999265805 2.129941463470459 -0.21131149138034364 0.8589774347440584 0.46637454927464866 -4.07338809967041
0.9666860234932921 0.18055413963311706 0.1814341055151185 -11.58140754699707 0.06525198039328395 0.5115744683663805 -0.8567576917486119 2.233535051345825 -0.24750820398015247 0.840054620829503 0.48275037336652504 -4.048351764678955
0.9569914938119547 0.2146404052228642 0.19518395737695332 -11.5982666015625 0.05217789428444654 0.5344691338789949 -0.8435758485629365 2.331298828125 -0.28538526261810504 0.8174791993539665 0.5002829304543515 -4.023428440093994
0.9451760204973954 0.24881635679042463 0.21150108952496519 -11.612123489379883 0.03837018094839449 0.5585582671001672 -0.8285773298057616 2.423413038253784 -0.3242992745762696 0.7912667583360232 0.5183887514806884 -3.999699115753174
0.9312471972352366 0.28249222842049837 0.23016689276161617 -11.623297691345215 0.023719678767473412 0.5833185132114831 -0.8118970926071313 2.5098047256469727 -0.363615228614925 0.7615363766930413 0.536513105611177 -3.977595806121826
0.9152878212116388 0.3151060773766262 0.25091106859197454 -11.63198184967041 0.008179080455668092 0.6082489682719873 -0.7937041610316545 2.590400218963623 -0.4027174033792811 0.7285199740545062 0.5541455949649611 -3.957245349884033
0.8974588433955581 0.3461404103111535 0.27341258339866864 -11.636722564697266 -0.008233093806558622 0.6328821351837539 -0.7742043781403111 2.6653075218200684 -0.44102136068163417 0.692565534310566 0.5708354755160552 -3.9395337104797363
0.8779981869757462 0.3751375793189896 0.2973062062083324 -11.640646934509277 -0.02542949912241113 0.6567957877148161 -0.7536395914589794 2.733999013900757 -0.4779879959179791 0.6541338470242638 0.5862050715709912 -3.923238515853882
0.8572158748934078 0.40171658222920675 0.32218741656497735 -11.642958641052246 -0.04325887509769494 0.679622089299185 -0.7322857949338444 2.7964160442352295 -0.5131370319476185 0.6137895431649967 0.5999606513308128 -3.908348798751831
0.8354866175059701 0.4255792772986466 0.3476267980210886 -11.645304679870605 -0.06150528034257691 0.7010598977029678 -0.7104450156927598 2.8524413108825684 -0.5460578837984249 0.5721864194182402 0.6119015353591785 -3.8946189880371094
0.8132397994763879 0.4465204237212178 0.37317628508176776 -11.64736270904541 -0.07989812479804312 0.720877391944519 -0.6884417734543895 2.901933431625366 -0.5764176595155297 0.5300521643980833 0.621922330211375 -3.881603956222534
0.7909476186343597 0.4644289460883366 0.3983812478166012 -11.649487495422363 -0.09811911220543054 0.7389160907473346 -0.6666150693276404 2.9450292587280273 -0.6039656483581276 0.4881687872754193 0.630013278219906 -3.8700170516967773
0.7691125130107854 0.4792844475835616 0.42279115486816243 -11.651840209960938 -0.11581001567488622 0.7550901011896303 -0.645311536666451 2.981621026992798 -0.6285331992819607 0.44735372736790063 0.6362551846629062 -3.859477996826172
0.7482548339049553 0.49114804407446344 0.4459689477303286 -11.654417037963867 -0.13258397552951795 0.7693843377273072 -0.6248753718084118 3.011674642562866 -0.6500278401504476 0.4084376814909977 0.6408139100921596 -3.8499560356140137
0.728898192114032 0.5001552617270453 0.46749560393617273 -11.656838417053223 -0.14803526362182015 0.7818399110582528 -0.6056499931485526 3.0353758335113525 -0.6684257522397788 0.3722513500891224 0.6439223137145595 -3.842207670211792
0.7115614544217046 0.5064924002741047 0.48697612369175186 -11.659061431884766 -0.16174634719373188 0.7925471947919005 -0.5879685903149707 3.052729368209839 -0.6837531833569428 0.3396091761010962 0.6458693302496887 -3.8362865447998047
0.6966661327800543 0.5104258626747757 0.5041048880441398 -11.661051750183105 -0.17336967689771482 0.8016476158529519 -0.5721049336700919 3.0637598037719727 -0.6961316359494559 0.31116963012156107 0.6469731112807897 -3.832235097885132
0.6842790859530804 0.5123934510585434 0.5188594066214208 -11.662803649902344 -0.18285990589851178 0.8093620462543771 -0.5581176694010994 3.068491220474243 -0.7059209497826257 0.2870296664026971 0.6475257394596389 -3.830059766769409
0.6805349751853702 0.5104796497128952 0.5256259837360094 -11.664521217346191 -0.1920211183326687 0.8165476772528442 -0.5444058971826596 3.074589729309082 -0.7071068078188182 0.2695559645082728 0.653712126500875 -3.8275487422943115
0.6784865580093488 0.5079021084303563 0.5307461152496787 -11.666000366210938 -0.19913819883966483 0.8225946583285928 -0.5326180675232111 3.081977367401123 -0.7071067588161782 0.25568237393544413 0.6592621294259324 -3.8249168395996094
0.6770559914257784 0.5051599470729717 0.5351715728135122 -11.667198181152344 -0.2039489120292181 0.8275154537471826 -0.523089872862869 3.0906591415405273 -0.7071067993991815 0.2450134724516729 0.6633011175632216 -3.822195291519165
0.6762656014560705 0.5023248163316856 0.5388270735445622 -11.668415069580078 -0.20655466523240126 0.8314080832987283 -0.515844714324248 3.100532054901123 -0.7071067858237463 0.237550790196271 0.6660102217827721 -3.8189971446990967
0.6760980650492676 0.4994939606496552 0.5416615084267635 -11.669486999511719 -0.2071024770813969 0.8343334313219787 -0.5108779593652895 3.1116650104522705 -0.7071067602727226 0.23322415966836188 0.6675376550604473 -3.815502882003784
0.6765020819518814 0.49678492271734315 0.5436448046983372 -11.670336723327637 -0.2057786823043965 0.8363169074940476 -0.5081625371361594 3.124091625213623 -0.7071068285795549 0.23190250279010738 0.6679978758767486 -3.8117949962615967
0.6774011109833544 0.49432972495627037 0.5447622030420021 -11.67096996307373 -0.20279965697620828 0.8373521158542854 -0.5076551321563525 3.137807607650757 -0.7071068052061511 0.2334085626085932 0.6674731522182303 -3.8078434467315674
0.6787010480221333 0.49226985811591184 0.5450094257939011 -11.671395301818848 -0.19840586803400936 0.8374072518789788 -0.5092977577313371 3.1528172492980957 -0.7071067804393683 0.23752785371622503 0.6660184079780636 -3.803619861602783
0.6802991667428077 0.49075233832009846 0.5443851450603671 -11.671618461608887 -0.19285503316088373 0.8364305891225314 -0.5130212527416862 3.1691064834594727 -0.7071067669832863 0.24402051555861093 0.6636670912987578 -3.7990922927856445
0.6820912278966554 0.4899286209493716 0.5428825869385383 -11.671649932861328 -0.18641768222772984 0.8343543329248498 -0.518749742055232 3.1866650581359863 -0.7071067844245831 0.25263173495065017 0.6604371294200156 -3.794227123260498
0.6839785642464115 0.4899455313762561 0.5404874651052102 -11.671502113342285 -0.17936926102517298 0.8311036348483781 -0.5263966340518309 3.205497980117798 -0.707106775424123 0.2630971767736244 0.6563382388091122 -3.788987874984741
0.686459287999946 0.4907191531210152 0.5366268337297353 -11.672524452209473 -0.17213406976571957 0.8266527684057388 -0.535737867350273 3.2250049114227295 -0.7065008902644765 0.27539047414048634 0.6519329557616953 -3.7819769382476807
0.6941577495826725 0.4904083095869513 0.5269200210491042 -11.67365837097168 -0.16608993521870014 0.8213817464568285 -0.5456612135808977 3.2457714080810547 -0.7003992804917546 0.2912588478923842 0.6516203890387664 -3.774243116378784
0.7021991525812938 0.4908410808316026 0.5157435249057198 -11.674736022949219 -0.16022759588892155 0.8147408889054859 -0.5572471637084886 3.2677342891693115 -0.6937171380539544 0.30866214104350853 0.6507566481079299 -3.7659428119659424
0.7104155726878112 0.49210713478048695 0.5031304820628434 -11.675765037536621 -0.15477225081411486 0.8066352966942577 -0.5704253224611437 3.290888547897339 -0.6865531767172753 0.32736839496980585 0.6492108051429144 -3.7570488452911377
0.7186411135293371 0.49429697701497033 0.4891067863556753 -11.677055358886719 -0.14994643396425547 0.796969631993823 -0.5851115044340125 3.315053701400757 -0.6790221033859778 0.34714536464353407 0.6468532128078134 -3.747272253036499
0.7267107310732526 0.49750193114953145 0.47369118827086654 -11.680418014526367 -0.14596785283376343 0.7856495774175871 -0.601205561719673 3.3392186164855957 -0.6712562098648172 0.36775884762443667 0.6435592674430746 -3.7349865436553955
0.734460283077995 0.5018147819973813 0.45689169083045483 -11.683895111083984 -0.1430463772715473 0.7725800313234548 -0.6185934279878308 3.3644676208496094 -0.6634047230239453 0.3889756030513612 0.6392121351322676 -3.7219176292419434
0.7417470112185167 0.50726793933693 0.4387375172802782 -11.687504768371582 -0.14133060194908753 0.7577011458802463 -0.6371143025270036 3.3907909393310547 -0.6556195789488798 0.410570592289105 0.6337150435694795 -3.7080466747283936
0.748529111437322 0.5136520589684088 0.41936348392339495 -11.691944122314453 -0.14075335534248148 0.7410919363758797 -0.6564839943201071 3.417734384536743 -0.647991251708452 0.432370563470923 0.6270271394071794 -3.6928656101226807
0.754789019018329 0.5207083554957213 0.39894403778762033 -11.697122573852539 -0.1411859339245825 0.7228799336766789 -0.6763956930299332 3.4377293586730957 -0.6405935285586266 0.4542107550515969 0.6191385314808522 -3.6787309646606445
0.7605119155970355 0.5281935570226594 0.3776680984074226 -11.700566291809082 -0.14248787052027403 0.7032104708080519 -0.6965574208207934 3.452587842941284 -0.6334973030641295 0.4759270953262369 0.6100611173848123 -3.6676177978515625
0.765688071269281 0.5358836231432924 0.35573939894640044 -11.702305793762207 -0.14450986595853196 0.682249491446149 -0.7166955630266718 3.46233868598938 -0.6267684390239951 0.4973573904832307 0.5998307677796593 -3.6595458984375
0.7703143859483809 0.5435757743979482 0.3333783500598675 -11.702375411987305 -0.14709315411077808 0.6601853223876737 -0.7365588531255504 3.466992139816284 -0.6204670424887301 0.5183442076376991 0.5885065263815977 -3.6545355319976807
0.7743950149972687 0.551091575366736 0.3108221940389534 -11.700803756713867 -0.1500717709738982 0.6372296753812061 -0.7559211628009368 3.4665868282318115 -0.6146469102697398 0.5387359430865659 0.5761707727076154 -3.6526055335998535
0.7779429639638147 0.5582789025297511 0.28832171581303345 -11.699150085449219 -0.15327371530428013 0.613614905073409 -0.7745862872970148 3.4656102657318115 -0.6093536846659889 0.5583918115999982 0.5629268795519136 -3.650956392288208
0.78098010618322 0.5650129349389121 0.2661399201505917 -11.69743824005127 -0.15652316580842168 0.5895932583020751 -0.7923889753965865 3.4640965461730957 -0.6046243232879043 0.5771829632936678 0.5488982187730115 -3.6496081352233887
0.7835369134554413 0.5711951102833277 0.24455275758236142 -11.695684432983398 -0.15964101230253988 0.5654377060956147 -0.8091940111718262 3.4620800018310547 -0.600487012718627 0.5949927281183748 0.5342274806133743 -3.6485838890075684
0.7856510688280156 0.5767556649269208 0.22384213415731666 -11.69389820098877 -0.16244802280566453 0.5414335753022452 -0.8249001899757075 3.459599494934082 -0.5969615045678631 0.6117210038163913 0.5190706845449276 -3.6479058265686035
0.7873679544263587 0.5816472174552295 0.20429933619334315 -11.692091941833496 -0.1647635853714793 0.5178833641709524 -0.8394342035267041 3.4566893577575684 -0.5940577962437551 0.6272825005861121 0.5035990460479918 -3.6475956439971924
0.7887360542458419 0.5858480566791779 0.18621893356458535 -11.692517280578613 -0.16640927909415765 0.49509707697467625 -0.8527525058318473 3.459902286529541 -0.5917798480550545 0.6416080882099 0.48799146773235114 -3.6435539722442627
0.7898081269219308 0.5893543319830521 0.16989583285319684 -11.695173263549805 -0.16720896493067594 0.47339111065210054 -0.8648364113532585 3.46929669380188 -0.5901222624972582 0.6546467197873835 0.4724334742339242 -3.63580322265625
0.7906361016387843 0.5921781333642544 0.15562651814730505 -11.700690269470215 -0.16699004715901405 0.4530872314821599 -0.8756861794145561 3.484321117401123 -0.5890745953911578 0.666361027546674 0.457114976818398 -3.6239354610443115
0.7912683076695376 0.594342323460728 0.14370688160658524 -11.710675239562988 -0.16558195536170872 0.43450700973435574 -0.8853170474752541 3.5035643577575684 -0.5886230384009608 0.6767280554513841 0.4422239903359035 -3.606881618499756
0.7917477610319373 0.5958727123857294 0.13442913945639937 -11.723603248596191 -0.1628183290380556 0.41797051513777805 -0.8937509945195674 3.528452157974243 -0.5887492459699373 0.6857378209706202 0.42794621888771966 -3.585695743560791
0.7921060340958235 0.5967934728251209 0.12808427515631107 -11.739471435546875 -0.15853578317385916 0.4037948906315019 -0.9010083749629325 3.55901837348938 -0.589435693017005 0.6933882297048493 0.41446149001365357 -3.560397148132324
0.7923615484717692 0.5971169111524905 0.12495827671318505 -11.759889602661133 -0.15257419740355163 0.39229082328080045 -0.9070992361678702 3.592973470687866 -0.5906642792569077 0.6996851466090876 0.4019407976612193 -3.529411554336548
0.7925126639941288 0.5968375242180741 0.12533414177377636 -11.784555435180664 -0.14477526493681075 0.3837604240913426 -0.912013190454891 3.630790948867798 -0.5924219780455529 0.7046367195842641 0.3905423067250484 -3.4930615425109863
0.7925308503169444 0.5959451651115945 0.129399426103888 -11.812711715698242 -0.13503902823670713 0.37842008782946734 -0.9157306907492093 3.6732029914855957 -0.5946926198876079 0.708270850245337 0.3803854499635343 -3.451768636703491
0.7923474243742712 0.5944937782319735 0.13697702993908042 -11.845077514648438 -0.12348897484704396 0.3761689910453417 -0.9182850120018053 3.717602491378784 -0.5974412374273177 0.7106856110963573 0.37146995841105707 -3.403499126434326
0.7918775587127873 0.5925261202737325 0.1477928577450007 -11.88066291809082 -0.11030980831739065 0.3768207418315904 -0.9196944463866626 3.76629376411438 -0.6006343964476696 0.7119823911578486 0.36375733186438397 -3.3498828411102295
0.7910295395171855 0.5900583739213229 0.1615654139243722 -11.918709754943848 -0.09569039021923556 0.38017620111882294 -0.9199507624446815 3.8170604705810547 -0.6042479762737479 0.7122479704907446 0.3571935213590744 -3.2885730266571045
0.7897111834306447 0.587085689509907 0.17800741539960568 -11.958471298217773 -0.07982653185385957 0.38603096304199225 -0.9190254731970473 3.871342658996582 -0.6082630776043829 0.7115549794257285 0.35171798315937086 -3.2205090522766113
0.7878334172746537 0.58359070497608 0.19682580036891398 -11.999186515808105 -0.0629184712809226 0.39417182181617433 -0.9168804943163477 3.928642511367798 -0.6126661183687355 0.7099651146018656 0.34726036838566327 -3.144874095916748
0.785314650867355 0.5795491070225526 0.2177239804946758 -12.03665542602539 -0.04517255897925765 0.40438292842882695 -0.9134735284126144 3.9889209270477295 -0.6174466285018889 0.7075289956918288 0.34374755447415517 -3.0599663257598877
0.7820854279631685 0.5749359984258378 0.24039754799446852 -12.070474624633789 -0.026800549865955037 0.4164394087147836 -0.9087683694958602 4.052787780761719 -0.6225946625972232 0.7042917127038815 0.3410997940809746 -2.9666714668273926
0.7780901692759458 0.5697297431520478 0.26454434079003053 -12.09715747833252 -0.008017534661170111 0.4301199136206364 -0.9027361624776828 4.120204925537109 -0.6281014309919116 0.7002891400520774 0.33923990436125717 -2.8643133640289307
0.7732921814820177 0.5639170164653557 0.2898565172625821 -12.110944747924805 0.010958298125096022 0.44519618437928915 -0.8953659995310985 4.191166877746582 -0.6339551386028695 0.6955558611318959 0.33808715782188914 -2.7527010440826416
0.7676723223725238 0.5574979297903633 0.3160304791355334 -12.102617263793945 0.029907642287985203 0.4614437878015527 -0.8866651925231582 4.26492166519165 -0.6401443106018748 0.6901200540332201 0.33756417556552964 -2.633690357208252
0.7612339817674565 0.5504863180580969 0.3427646986393195 -12.07663345336914 0.04861179519059555 0.4786398930502973 -0.8766645573702335 4.340371131896973 -0.6466527030569125 0.6840092590101684 0.33759682347076203 -2.5096445083618164
0.7540016194638148 0.5429151315566733 0.36976305625730765 -12.03483772277832 0.06685464228272955 0.4965644506208351 -0.8654214020839076 4.416982173919678 -0.6534615632546362 0.6772495155453627 0.3381140030261667 -2.3816747665405273
0.7460213747210709 0.5348370283855499 0.39673853042904506 -11.97978401184082 0.08442440426568151 0.5150044482879378 -0.8530198932076685 4.494672775268555 -0.6605487328151259 0.6698654874759198 0.33905102899855655 -2.2501964569091797
0.737362413699219 0.5263244341665978 0.42341381751529134 -11.914338111877441 0.10111612024475641 0.5337535637842218 -0.8395729053359753 4.573813438415527 -0.6678863683968327 0.6618834664401683 0.3403499313395507 -2.114962339401245
0.7281130630207714 0.5174719678981798 0.4495265619494531 -11.841764450073242 0.11673319941167687 0.5526163537643471 -0.8252202891999879 4.655146598815918 -0.6754440965865525 0.653328346233181 0.34196102759611796 -1.9751348495483398
0.7183812140785745 0.5083957781901876 0.47482856272278645 -11.766189575195312 0.13108911691036335 0.5714066735155806 -0.8101296543699162 4.739863395690918 -0.6831867055839529 0.6442267816384634 0.34384266624881377 -1.8292925357818604
0.7082924973250359 0.4992315189512655 0.4990887984303759 -11.696308135986328 0.14400888889313768 0.5899510555545225 -0.7944930408567898 4.830424785614014 -0.6910739310325836 0.6346066833367869 0.34596413009364857 -1.6746190786361694
0.6979852099772239 0.4901359159193467 0.5220952313313673 -11.643983840942383 0.15532928302259416 0.6080892112553764 -0.7785244536881941 4.930068016052246 -0.6990632735945564 0.6244952322321744 0.3483048153995936 -1.5093233585357666
0.6876102777584779 0.48128346468000005 0.5436527683609492 -11.636422157287598 0.1649003928894521 0.625671658632173 -0.7624584159213995 5.045478343963623 -0.7071067573894433 0.6139227982491614 0.35085443056074733 -1.3373421430587769
0.6852040416506598 0.46611391401741087 0.5596724403300298 -11.696176528930664 0.17462940060792467 0.640862250195684 -0.7475293631138791 5.174687385559082 -0.7071067767663651 0.6099454036497811 0.35772421055554476 -1.1768447160720825
0.6830758892046965 0.4516131369326933 0.5739798812998812 -11.819788932800293 0.18277679658687968 0.6551859049504101 -0.7330239236094213 5.307446002960205 -0.7071067615407532 0.6056211724371307 0.36499729215327564 -1.0458608865737915
0.681278306388129 0.4378828618741193 0.586616116827567 -11.982813835144043 0.18936701273985623 0.6686603553133972 -0.7190503902496296 5.437099456787109 -0.7071067838246963 0.6009591737456818 0.37262322493371475 -0.9437850713729858
0.679851246473225 0.42502197066383474 0.597627481899747 -12.169157028198242 0.19442807146643695 0.6813026555325478 -0.7057084501337224 5.563798904418945 -0.7071067866274826 0.5959723282312098 0.38054825750228705 -0.8616741895675659
0.6788216400102981 0.4131255215520609 0.6070654696950463 -12.369546890258789 0.19799279658945917 0.6931277715415908 -0.6930892762238308 5.689492225646973 -0.707106804911687 0.590678589217627 0.38871425325997444 -0.7895428538322449
0.6782031325802578 0.4022831583276891 0.6149868059432048 -12.581124305725098 0.20010133216790663 0.7041466946583926 -0.6812759274084839 5.815014362335205 -0.7071067584339402 0.5851031472548751 0.3970570982232727 -0.7235650420188904
0.6779958503256537 0.39257965828313723 0.6214522015758646 -12.802492141723633 0.2008024943564866 0.7143633837726349 -0.6703456676858026 5.94079065322876 -0.7071067707223619 0.5792807331745176 0.4055044352055677 -0.6614816188812256
0.6781868204409064 0.3840933982565721 0.6265260553209037 -13.032899856567383 0.2001565312336569 0.7237727722313316 -0.6603713630837448 6.066933631896973 -0.7071067808929313 0.5732584370005306 0.41397435285648415 -0.6017062067985535
0.6787506089917357 0.3768952521899112 0.6302757965129637 -13.271930694580078 0.19823629323043795 0.7323598056429566 -0.6514226639631648 6.19326639175415 -0.7071067690523147 0.5670970674896088 0.42237534635094687 -0.5428004264831543
0.6796504685853035 0.3710488271347371 0.6327701070955497 -13.519359588623047 0.19512875546055208 0.740096836881413 -0.643569297613352 6.319179534912109 -0.70710678779389 0.5608738181802242 0.4306048661310545 -0.48296889662742615
0.6808405936252471 0.3666073738245412 0.634078165157494 -13.7752046585083 0.19093489449478732 0.7469453399322741 -0.6368803068220308 6.442949295043945 -0.7071067473417898 0.5546816137307353 0.43855256840290163 -0.4191927909851074
0.6822682351359979 0.363615610592423 0.6342663029500387 -14.027039527893066 0.1857687759344482 0.7528536864824863 -0.6314279758116101 6.554296493530273 -0.7071067933574303 0.5486301253879793 0.4460997291016244 -0.36136505007743835
0.6838769695154597 0.3621077188947163 0.6333958402793755 -14.278303146362305 0.1797561201612045 0.757758601210146 -0.6272875254272425 6.653007507324219 -0.7071068008659948 0.542844270678901 0.45312257719093013 -0.3399789333343506
0.6856096994380827 0.36210846772442856 0.6315194356777062 -14.518230438232422 0.17302974065159277 0.761586137784318 -0.6245376398463173 6.741738319396973 -0.7071068157544972 0.5374607077145569 0.45949530876441297 -0.38788649439811707
0.6874119305310649 0.36363370581148885 0.628677473559661 -14.735055923461914 0.1657253502762352 0.764252561491923 -0.6232600825729606 6.825165748596191 -0.7071067430306217 0.5326242111008832 0.4650930054406197 -0.48257535696029663
0.6892342179307914 0.3666920788505499 0.6248944808058337 -14.932653427124023 0.15797534604293828 0.7656656893114364 -0.6235381642320357 6.90771484375 -0.7071067690780115 0.5284817608200922 0.4697946845213881 -0.5932900905609131
0.6910348513812054 0.37128611506036224 0.620175342092814 -15.117137908935547 0.14990263571021267 0.7657258793533472 -0.6254542968880095 6.991376876831055 -0.7071068052166425 0.5251766354779375 0.47348650198752956 -0.7045583724975586
0.692781027761166 0.3774167552403009 0.6145006431551273 -15.290380477905273 0.14161382543333406 0.764324188913955 -0.6290898653508589 7.07763147354126 -0.7071067614019254 0.5228433102803433 0.4760618666463141 -0.8115878105163574
0.6944490332801465 0.38508281501514285 0.6078254402016117 -15.453414916992188 0.13319362530144674 0.7613442800197794 -0.6345189874702105 7.167831897735596 -0.7071067800235884 0.5215995713774856 0.47742422307995175 -0.910990297794342
0.6960243588291326 0.39428538807910907 0.6000742659569738 -15.606595993041992 0.12470002240784492 0.7566575614063004 -0.6418093479984173 7.263442039489746 -0.7071067785900356 0.5215442143423479 0.47748469730248455 -0.9997463822364807
0.714734163963918 0.3919396634743491 0.5792567436451759 -15.761449813842773 0.11902373685884898 0.7479792754729059 -0.6529627504897826 7.376557350158691 -0.6891940401127643 0.5356400878002323 0.4879562187475477 -1.0797613859176636
0.7349998863623993 0.3888267776542507 0.555507789347973 -15.915372848510742 0.11308079954708078 0.7374900303345531 -0.6658236913259643 7.512460708618164 -0.6685715368014502 0.5521976024360771 0.49808624558684134 -1.14207124710083
0.7564290165158679 0.38473241393932367 0.5289575716796742 -16.06747055053711 0.10669415475772578 0.7252988910053116 -0.6801160754216882 7.667275428771973 -0.6453150395840557 0.5708962150609214 0.5075884270900419 -1.1865569353103638
0.7786230929609872 0.3794526996408196 0.49976167104246794 -16.218605041503906 0.0996938222657901 0.7115210684867748 -0.6955565475944248 7.83669900894165 -0.6195217679064255 0.5913995416253992 0.5161776450558129 -1.2132095098495483
0.8011855968581605 0.37280116656004136 0.4681035458085161 -16.375221252441406 0.0919240087418112 0.6962822038251992 -0.7118574781886886 8.011859893798828 -0.591313466787176 0.6133599129775242 0.5235818953595849 -1.2307729721069336
0.8237279566147603 0.3646158689080663 0.4341975606008026 -16.548583984375 0.0832498888355809 0.6797221475073747 -0.72872989385425 8.180028915405273 -0.5608401817809913 0.6364220850413497 0.5295519050777611 -1.2519220113754272
0.8458738994705827 0.3547703163184793 0.39829055832861116 -16.750303268432617 0.07356203638328501 0.6619955508367482 -0.7458890785334604 8.319658279418945 -0.5282858818836397 0.660227167974506 0.5338671311017271 -1.2960866689682007
0.8672689010828146 0.3431745949987657 0.3606602980119112 -16.97285270690918 0.06278132464236916 0.6432756001097363 -0.7630563593730206 8.4257173538208 -0.49386552672843737 0.6844177815127921 0.536347967142928 -1.3667964935302734
0.8875851644082544 0.32978409882729165 0.321613159063872 -17.206024169921875 0.05086232578006655 0.6237504500380233 -0.7799669223073539 8.503623008728027 -0.45782704129246743 0.7086450622406358 0.5368580594750821 -1.4624584913253784
0.9065290053009513 0.3146008252610361 0.2814808755371182 -17.44239044189453 0.03779560680447769 0.6036245243851079 -0.7963723536557088 8.562933921813965 -0.42044815929475643 0.7325733781034682 0.5353126105741615 -1.5812783241271973
0.923847146050023 0.29767622159690205 0.24061445889850322 -17.685632705688477 0.023608926167584643 0.5831141917811358 -0.8120470786528615 8.606972694396973 -0.38203281186364213 0.7558880250666928 0.5316805659607412 -1.7092483043670654
0.9393334166418091 0.2791084659370341 0.19937702129960008 -17.947362899780273 0.008367287898443099 0.5624463603434778 -0.8267914369595272 8.633715629577637 -0.34290336958573364 0.7783010702669312 0.5259892804498012 -1.8208348751068115
0.9528314750738036 0.25904486700825885 0.15813897996810677 -18.219833374023438 -0.007828004251386134 0.5418539750318996 -0.8404361915645768 8.648378372192383 -0.30339891637598193 0.7995561435063852 0.5183233266244891 -1.9115148782730103
0.9642394993395021 0.23767658164190075 0.11726905155464709 -18.499713897705078 -0.02484144088650332 0.5215721247379987 -0.852845485132548 8.656577110290527 -0.2638656679603998 0.8194341713861522 0.5088246731797719 -1.9884716272354126
0.9735117591144529 0.21523521338982057 0.07712754231091455 -18.78534698486328 -0.04250600367866128 0.5018328013685375 -0.863919602232682 8.66030216217041 -0.2246510505587569 0.8377575081058029 0.49768892201374393 -2.0543270111083984
0.9806589556293431 0.19198847448464695 0.03805835531160004 -19.075105667114258 -0.06062928587036852 0.4828634349155764 -0.8735942953776541 8.661835670471191 -0.18609702426104258 0.8543906184448591 0.48516447589925205 -2.11407470703125
0.9857474423898239 0.168231482288438 0.00038495318664144573 -19.36648178100586 -0.0789938768889952 0.4648801708689384 -0.8818426130250868 8.662226676940918 -0.14853264703750219 0.869243691435205 0.47154369645254635 -2.1702492237091064
0.9888958741622009 0.1442842761226768 -0.03559491155673335 -19.66012191772461 -0.0973653039524281 0.4480872801676475 -0.8886719231179814 8.6603364944458 -0.11227175803036042 0.8822697076380415 0.4571599450225892 -2.218775987625122
0.9902716117922048 0.1204817771174304 -0.0696152013650336 -19.95459747314453 -0.1154973774337031 0.4326737855746705 -0.8941217764278088 8.658588409423828 -0.07760470787526413 0.8934637858688562 0.442379896306879 -2.2672712802886963
0.9900849640086405 0.09716841640683961 -0.10143994724464128 -20.24090003967285 -0.13313472325201356 0.41881012479045854 -0.898261223051296 8.656533241271973 -0.044798543599299606 0.9028601099982142 0.42759409755677646 -2.311901092529297
0.988579504704807 0.07465967025988834 -0.13090644183646227 -20.518596649169922 -0.15004357779234245 0.4066230005900888 -0.9011906902284255 8.654692649841309 -0.01405302959762119 0.9105403170798081 0.41318136856752263 -2.3551928997039795
0.9860017442037812 0.05312940542681776 -0.15804374934205528 -20.787601470947266 -0.16609247672534638 0.39610843820526126 -0.9030566949853309 8.653534889221191 0.014623597448707573 0.9166653541296199 0.39938800549850845 -2.3975911140441895
0.9825813131504665 0.03269935515822128 -0.1829336361081295 -21.047941207885742 -0.18119111796744627 0.3872267195541539 -0.9040051141630979 8.652753829956055 0.041276407513396784 0.921404482209396 0.3864065713044006 -2.438819169998169
0.9785304283205396 0.013469414047490746 -0.20566179940873425 -21.29962921142578 -0.1952628509738437 0.3799337769421968 -0.9041696434674211 8.652153015136719 0.06595922892505408 0.9249156177855655 0.3744068376725484 -2.478726863861084
0.9740432117343378 -0.004478042104850685 -0.22631784908213215 -21.542179107666016 -0.2082466049408221 0.3741827188930596 -0.9036706504099924 8.65316390991211 0.0887309033250351 0.9273441863842705 0.36353760022096554 -2.520009756088257
0.9692961461434143 -0.021077193616725914 -0.24499129164271893 -21.77606201171875 -0.2200935931166894 0.36992521037544357 -0.9026151721512711 8.654311180114746 0.10965304984591122 0.9288224214767463 0.3539281255022879 -2.559910774230957
0.9644486919310182 -0.03627749871013035 -0.2617683397966318 -22.001266479492188 -0.2307646936385913 0.3671130179220961 -0.9010969360962328 8.6555757522583 0.12878810815613168 0.9294686520585121 0.3456901040499963 -2.598412036895752
0.959643009993226 -0.05004069836772761 -0.2767331239263033 -22.21709632873535 -0.2402324850710843 0.3656985607825875 -0.8991957049264164 8.658652305603027 0.14619728618449757 0.9293871589108674 0.33891866629602124 -2.639068603515625
0.955005256928728 -0.06234016956895681 -0.28996320886727667 -22.424116134643555 -0.24847684256988678 0.36563669119934705 -0.8969777415049344 8.66213321685791 0.16193893276477375 0.9286676010860436 0.33369487372163664 -2.6789498329162598
0.9506456824532352 -0.07315984394816029 -0.3015301372441959 -22.62246322631836 -0.2554857510716901 0.36688354608695833 -0.8944962239215956 8.665629386901855 0.1760676501585604 0.9273856268263702 0.3300849613713161 -2.717263698577881
