1.0 -0.0 0.0 -46.23619079589844 0.0 0.1764023516471281 0.9843181448766262 23.359603881835938 -0.0 -0.9843181448766262 0.1764023516471281 -3.058039426803589
0.9999943740244979 -0.00015425958409274 -0.003350839198346419 -46.100276947021484 0.0033248820478054735 0.17778731078775384 0.9840633197524571 23.388763427734375 0.0004439354915302678 -0.9840689245814234 0.17778682345562064 -3.110882520675659
0.9999744968934128 -0.00045466371202025103 -0.00712733075385405 -45.96544647216797 0.007093068157653312 0.17963124158792237 0.9837084453381969 23.41691780090332 0.0008330347392194507 -0.9837339123596839 0.17962988539391994 -3.1629443168640137
0.999936288469903 -0.0008798609173107548 -0.011253659218273572 -45.83163833618164 0.011226013575462625 0.18185173191804932 0.9832618797744626 23.443891525268555 0.0011813637197635148 -0.9833255683867741 0.18185002319656035 -3.2141528129577637
0.999876477738641 -0.0014080973545180838 -0.01565396201635426 -45.69824981689453 0.015645204858052 0.18436602981257944 0.9827331248187866 23.467811584472656 0.0015022749145375313 -0.9828566448434825 0.18436528647523065 -3.26373028755188
0.9997928627379671 -0.0020163779524929905 -0.020252551399089408 -45.565799713134766 0.020272148420538927 0.18709308850504242 0.9821329931491253 23.4901065826416 0.0018087610775609098 -0.9823401195378293 0.18709521086806907 -3.312246084213257
0.9996845107357366 -0.0026811595685333946 -0.024973793833128307 -45.433631896972656 0.025028330392072792 0.1899494258065309 0.9814748077834474 23.50855827331543 0.002112267226650342 -0.9817902153816456 0.18995660374945106 -3.358769416809082
0.9995518910072548 -0.0033770354054909434 -0.029742441320297602 -45.30218505859375 0.029835247524222865 0.192855246111571 0.9807735274019247 23.524198532104492 0.0024238789139804096 -0.981221407063215 0.19286958062871118 -3.403693675994873
0.9993969506938583 -0.004078220806953128 -0.03448337365843813 -45.1713752746582 0.03461442591254684 0.19572868970730678 0.9800469996608354 23.536712646484375 0.0027525374770447503 -0.9806496051804183 0.19575182092876403 -3.446873664855957
0.9992231215031355 -0.004757149709110186 -0.039121898984779455 -45.04121017456055 0.039287435139791535 0.19849079664129193 0.9793150162684334 23.54526710510254 0.0031065887508404076 -0.980091206559548 0.19852348962020278 -3.4878931045532227
0.999035269613818 -0.005385474081796057 -0.043583560393341575 -44.91196060180664 0.043775918949653395 0.2010604660722456 0.9786002033021067 23.551307678222656 0.0034927049344492707 -0.9795640283573736 0.201102251008076 -3.5273852348327637
0.9988395765123639 -0.0059335349172697435 -0.047794283716648615 -44.7835693359375 0.04800165282513967 0.20335932792713063 0.9779267994441511 23.55330467224121 0.003916850604340549 -0.9790861948308799 0.20340816446969867 -3.5646092891693115
0.9986433641968274 -0.006370831298279513 -0.05168020563244294 -44.6562385559082 0.05188652479252857 0.2053082746783127 0.9773209815068787 23.552709579467773 0.004384026755967999 -0.9786766191430055 0.2053603064183036 -3.6002233028411865
0.9984548530119353 -0.006666577486537758 -0.05516759231225016 -44.53011703491211 0.05535262635478487 0.2068292233905668 0.976809991301933 23.549394607543945 0.0048982907776314935 -0.9783543474101144 0.2068786544116787 -3.6341185569763184
0.9982828572947378 -0.006789042672207434 -0.05818286458270102 -44.40511703491211 0.058322228263061784 0.20784297074417835 0.9764219462930285 23.542333602905273 0.005463929161811619 -0.9781386447798847 0.20788202679954115 -3.665806770324707
0.9981364276191502 -0.006707128259810291 -0.060652174653408567 -44.28158187866211 0.06071776969267699 0.20827207514973173 0.976184457547021 23.535282135009766 0.006084759915408151 -0.9780479319252872 0.2082911869317588 -3.6970579624176025
0.9980244146841313 -0.006389628913153471 -0.06250152267544373 -44.15931701660156 0.06246194823599264 0.20803696865593452 0.9761245436392908 23.522226333618164 0.006765553706903123 -0.9781000931984424 0.20802508254592061 -3.7249228954315186
0.9979549915843615 -0.00580681025360328 -0.06365623085398488 -44.03852462768555 0.0634776455001542 0.20705815944943334 0.976267128980163 23.509180068969727 0.007511544023296499 -0.9783114021415125 0.2070033264135976 -3.7523436546325684
0.9979350926820083 -0.004929974580912176 -0.06404097238786269 -43.91924285888672 0.06368800290881979 0.20525595894377058 0.9766339281448088 23.49485206604004 0.008330010758551977 -0.9786959112353054 0.2051461046475358 -3.778630256652832
0.9979698074610723 -0.0037323785939562155 -0.06357934213359961 -43.801483154296875 0.06301637696601853 0.20254699961199518 0.9772428813668866 23.477157592773438 0.009230364574955248 -0.9792654299515579 0.2023709911810574 -3.8026745319366455
0.9980617018560108 -0.002190305325773908 -0.062193583679212364 -43.685203552246094 0.06138642891103552 0.19884858742604083 0.9781057946992333 23.45956039428711 0.010224755930274596 -0.9800277760559892 0.19859761460027225 -3.8263022899627686
0.9982086131173674 -0.00029218976274649616 -0.0598287499739433 -43.570472717285156 0.05874747572173954 0.1941044047962529 0.9792202071725319 23.44100570678711 0.011326905783385775 -0.9809808329747504 0.1937738541226327 -3.8489158153533936
0.9983992522189604 0.0019349144328469937 -0.05652600529630741 -43.45736312866211 0.055150300623218115 0.18836890356868424 0.9805486222057019 23.419775009155273 0.012545019321997114 -0.9820964373596258 0.1879606613516281 -3.869527578353882
0.9986188437753379 0.004453148645676076 -0.0523504949732739 -43.34572219848633 0.05067113373372917 0.18172782130510534 0.9820424813468296 23.398685455322266 0.01388672254154294 -0.9833387861926526 0.18125118070295432 -3.8897595405578613
0.9988514022517238 0.007224430488128528 -0.04736753977026576 -43.23554611206055 0.045386355839578015 0.1742648380992896 0.9836522987854153 23.377763748168945 0.015360824306290093 -0.9846723179852022 0.17373678732577247 -3.909621477127075
0.9990804062447041 0.010209350552175733 -0.04164265864734949 -43.134971618652344 0.03937249163200695 0.16606482633140746 0.9853285139273129 23.35569190979004 0.01697494508398848 -0.9860619872081178 0.16551014658495494 -3.9259557723999023
0.999289353989311 0.01337021671961573 -0.03524236525116023 -43.04373550415039 0.03270628192319626 0.15721370125176048 0.9870228727144486 23.335351943969727 0.018737292397411197 -0.9874740955810399 0.1566646878847343 -3.9405407905578613
0.9994623372587988 0.016669674279404193 -0.028233992997761845 -42.961814880371094 0.02546462031143384 0.1477972507765759 0.9886898026050842 23.316898345947266 0.020654043516309478 -0.9888771888471816 0.14729329877534114 -3.9534826278686523
0.9995845179212319 0.020071837515603253 -0.020686054987000324 -42.88922882080078 0.017724491021779903 0.13790477129814488 0.990286885943273 23.30034637451172 0.02272958315052924 -0.9902420892852177 0.13749171123325804 -3.9647886753082275
0.9996425631712849 0.023542722847896807 -0.012668310749659397 -42.825984954833984 0.009562905654516358 0.127625158703368 0.9917763708121816 23.285287857055664 0.024965911395052998 -0.9915430192719055 0.12735440393393194 -3.974184513092041
0.9996250049758129 0.027051258068646455 -0.0042519247418316836 -42.77217102050781 0.0010567456351633399 0.11704984032455873 0.9931254795687494 23.271209716796875 0.027362980754465943 -0.9927575556584294 0.11697736091796535 -3.981337785720825
0.9995225799746427 0.030568685638618164 0.0044908327915116186 -42.72763442993164 -0.007717503468743739 0.10627055355096271 0.9943073013853323 23.25931167602539 0.029917424037572228 -0.9938672571859379 0.10645573179804269 -3.9870433807373047
0.9993284947552146 0.034069015483958354 0.01348561286079096 -42.6923713684082 -0.01668303586603498 0.09538258582043796 0.9953008784465628 23.249589920043945 0.0326226284129577 -0.9948575096495783 0.09588691052103765 -3.991307258605957
0.9990385836927516 0.03753011183626434 0.022658309706120785 -42.66638946533203 -0.02576511656449 0.08448113739012181 0.9960919115190573 23.2420597076416 0.035469241063197834 -0.9957180465025371 0.08536688355311967 -3.994143009185791
0.9986515236903931 0.04093259623908375 0.03193206532600764 -42.64967346191406 -0.034888055886176626 0.07366229287261383 0.9966728099859212 23.23674201965332 0.03844421656555493 -0.9964428679928807 0.07499101972091926 -3.995556592941284
0.9981688504889894 0.04426068626214786 0.04123029911476829 -42.642234802246094 -0.04397837370238578 0.06302385631090246 0.9970425749095152 23.2336368560791 0.04153129615100942 -0.9970300823883432 0.06485496320799755 -3.995561361312866
0.9975950044528912 0.047502334504281346 0.050475095911547044 -42.62809371948242 -0.052963223026275236 0.05266567139511197 0.9972067107993063 23.22900390625 0.044711341931388496 -0.9974817568623227 0.055054887426540244 -3.9965929985046387
0.9969373257164188 0.050648670381855526 0.05958758916036648 -42.60725402832031 -0.06177055282346955 0.04268594166504813 0.9971771704105797 23.222835540771484 0.047962145461576594 -0.997803899858443 0.04568380489850099 -3.9986631870269775
0.9962059001701151 0.05369356443811624 0.06848945615334168 -42.57972717285156 -0.07033069850095618 0.03318488262376207 0.9969715925810598 23.215150833129883 0.05125814388580857 -0.998005894122463 0.03683528175818329 -4.001777172088623
0.9954135014925671 0.05663462029527419 0.07710045933921043 -42.54550552368164 -0.07857387360938284 0.024263903936002695 0.9966129686853374 23.205961227416992 0.05457203892401179 -0.9981000865393183 0.028602619073811952 -4.0059494972229
0.9945752383999809 0.05947133331893463 0.08534199244738613 -42.504600524902344 -0.08643332163827235 0.016021581120270634 0.9961288018368819 23.19527816772461 0.05787379434767084 -0.9981014324464599 0.021074972743250098 -4.01118278503418
0.993707893009316 0.06220247485596282 0.0931422325949885 -42.45701217651367 -0.09384963555333974 0.008543055982477232 0.9955497285926933 23.18311882019043 0.06112993765325573 -0.9980269877695058 0.014326981755955981 -4.017488956451416
0.9928276905534278 0.06481193555392852 0.10046188272225695 -42.402870178222656 -0.10079251053045081 0.0018436372303406445 0.9949057597696035 23.16861343383789 0.06429655271720294 -0.9978957931625508 0.008362971790435658 -4.024240493774414
0.9919509351907403 0.06728000921748199 0.10726948556747838 -42.34211730957031 -0.10723883886625137 -0.004077436739335749 0.9942249272414442 23.152118682861328 0.06732884681051719 -0.9977258014451328 0.003170412880628304 -4.031700134277344
0.9910942283385495 0.06958567171426787 0.11353442141522237 -42.274715423583984 -0.1131663795065836 -0.009221411466073859 0.9935332586883769 23.13399314880371 0.07018262679172856 -0.9975333577693768 -0.0012645291477234033 -4.0401291847229
0.9902743888347341 0.07170737706877972 0.11922536178141849 -42.2006721496582 -0.11855204203943973 -0.013588947085261927 0.992854850340871 23.11423683166504 0.07281516426042858 -0.9973331402249852 -0.0049557302889692845 -4.049530982971191
0.9895080968572628 0.07362211638411151 0.12431214837272363 -42.11997985839844 -0.12337348958506467 -0.017180777918452406 0.9922115716608635 23.092851638793945 0.07518449522023575 -0.9971382074964539 -0.007917501451669584 -4.059912204742432
0.9888117307868237 0.07530583692829507 0.1287648709194205 -42.03264617919922 -0.1276080109105203 -0.019997357182700737 0.9916230641010566 23.069833755493164 0.07724996187589045 -0.9969599473550763 -0.01016399330661688 -4.07127046585083
0.9882010894223863 0.07673358698380163 0.1325540021765037 -41.93898391723633 -0.13123235429310134 -0.02203979519830873 0.9911066121332794 23.043338775634766 0.07897262849303625 -0.9968080076204324 -0.011709820352376277 -4.082159519195557
0.9876913448898519 0.07787827595643818 0.13564947977684289 -41.83872985839844 -0.1342217184548245 -0.023308334371190287 0.9906771683267331 23.01497459411621 0.08031399333060876 -0.9966903710194522 -0.012568484093051224 -4.093844890594482
0.9872962850074616 0.07871177401761352 0.13802355683529374 -41.743534088134766 -0.13655212890851168 -0.02380558787912035 0.990346813028791 22.988134384155273 0.08123768645781729 -0.9966131398976886 -0.01275490816320346 -4.105002403259277
0.9870284340908768 0.07920413246751434 0.13964804222107716 -41.65342330932617 -0.1381978365796398 -0.02353197676419233 0.9901250446455117 22.962812423706055 0.081708189680218 -0.9965806296881541 -0.012280890421445922 -4.115638256072998
0.9868987358462971 0.07932392306355256 0.14049412946734974 -41.56853485107422 -0.13913056725558157 -0.02249035657033316 0.9900186205907844 22.938251495361328 0.08169192395898707 -0.9965951530542114 -0.01115932205522413 -4.125111103057861
0.9869157964320614 0.07903689087678183 0.14053604745189657 -41.48887252807617 -0.13932329892292356 -0.020682371526561993 0.9900309378424853 22.914413452148438 0.08115558594516915 -0.9966571172617839 -0.009400078793676436 -4.133381366729736
0.9870860543528935 0.07830815498784843 0.1397460345213253 -41.414268493652344 -0.1387446557167844 -0.018112715459266737 0.9901625371870632 22.892187118530273 0.08006898158505142 -0.9967646474474757 -0.007013970832698502 -4.141225337982178
0.9874129607664628 0.07709934054662695 0.13809901012564538 -41.3447151184082 -0.13736373739961716 -0.014785464789941694 0.9904103158179213 22.871585845947266 0.0784018402718768 -0.9969137784774674 -0.004008705996014106 -4.148643493652344
0.9878967812968821 0.0753711077857788 0.13556970758397732 -41.28021240234375 -0.13514683165069075 -0.010706647903366895 0.9907677334196211 22.852596282958984 0.07612675875170608 -0.997098071305836 -0.00039089658696445095 -4.155640602111816
0.9885341092553935 0.07308100564968656 0.13213433108725503 -41.22077941894531 -0.13205895108625595 -0.005883822487370238 0.9912244014706938 22.835224151611328 0.07321713103259174 -0.9973086519459097 0.0038346417288569468 -4.162222862243652
0.9893174694721214 0.07018439308996523 0.12776969736158517 -41.16645050048828 -0.12806276414596487 -0.000326474332265847 0.9917660116447856 22.819169998168945 0.0696482091411746 -0.9975339815670959 0.008665020618763064 -4.168117523193359
0.990234862209163 0.0666348260328287 0.12245292003531304 -41.117313385009766 -0.12311810092504731 0.00595366152417226 0.9923741669043313 22.804101943969727 0.06539763673260664 -0.9977596673919178 0.014099476435661507 -4.173032283782959
0.9912690225057346 0.06238252348557939 0.11616430512036062 -41.073204040527344 -0.11718468653050788 0.0129426930375372 0.9930257982246394 22.790740966796875 0.06044397623644317 -0.9979683900106792 0.02013996713555094 -4.177630424499512
0.99239175466792 0.05740048438074569 0.10892102487574638 -41.03411102294922 -0.11025483383851217 0.020596763199853096 0.9936899138870894 22.779081344604492 0.05479486182452935 -0.9981387467374188 0.026768738840031114 -4.181916236877441
0.9935505286817516 0.05175735992589606 0.10088866462449027 -41.00003433227539 -0.10246529126952736 0.028764327582039284 0.9943206110424363 22.769100189208984 0.04856141514888694 -0.998245355186917 0.03388214583645899 -4.185871601104736
0.9946917387406304 0.04555045641337853 0.09226863389947068 -40.97096633911133 -0.09399227339872789 0.03726783767947134 0.9948751483558306 22.760780334472656 0.041878364610863694 -0.9982666298115098 0.041351401213140127 -4.189473628997803
0.9957689356936548 0.03888269628331427 0.08326081093326988 -40.934383392333984 -0.0850169297397202 0.04593450038805902 0.9953201210322893 22.75006866455078 0.034876186218645716 -0.9981874361079881 0.04904583602104673 -4.193793773651123
0.996744446167469 0.031863598616604066 0.07406227188997755 -40.890281677246094 -0.0757249158558198 0.054593282584716574 0.9956331204892964 22.7369327545166 0.027681151582512283 -0.9980001425750523 0.05682841953847334 -4.198808670043945
0.9975903830322002 0.024608666002512217 0.06486787524842172 -40.83866500854492 -0.06630769677770196 0.06307814840183479 0.9958034125982057 22.72136116027832 0.02041364812335946 -0.9977051472012023 0.06455789818854674 -4.204493522644043
0.9982892729114121 0.017240509756645917 0.05586852793240896 -40.7795295715332 -0.05696115739383667 0.07122950194453675 0.995832207051513 22.70332908630371 0.01318916746265392 -0.997310945932142 0.0720896870958519 -4.210824012756348
0.9988341151839266 0.009886976446876885 0.04725101101015024 -40.712974548339844 -0.04788519416856006 0.07889175012724087 0.9957324439533445 22.682323455810547 0.006117068266885593 -0.9968341584529495 0.07927321122055281 -4.217043399810791
0.9992277884008693 0.002681592077178191 0.039199948360158075 -40.638980865478516 -0.039285357216501386 0.08591540872587117 0.9955276004470385 22.65848159790039 -0.000698280659425031 -0.9962988264609157 0.08595441115336994 -4.223355770111084
0.9994822689000096 -0.00423831044604416 0.03189405711181109 -40.557498931884766 -0.03136821707238865 0.09215735649708529 0.9952502482296441 22.632036209106445 -0.007157451514891323 -0.9957354359306652 0.09197669552544224 -4.230114459991455
0.9996169382234366 -0.01073225953378118 0.02551069230933152 -40.46852493286133 -0.024344768246260765 0.0974782526730888 0.9949398587426462 22.60297393798828 -0.013164690495324108 -0.995179787204855 0.097179638109335 -4.23729133605957
0.9996567078100091 -0.016658437909316284 0.020222833057605305 -40.3720703125 -0.0184258988586492 0.10174230786914684 0.9946401304193948 22.5712833404541 -0.018626668561638977 -0.994671302107325 0.1014004338374036 -4.24485969543457
0.9996293802125973 -0.021876006002996523 0.01620316565167931 -40.268165588378906 -0.013824486065816877 0.10481760164029108 0.9943953710528792 22.536664962768555 -0.02345177606909411 -0.994250828889639 0.10447632962289088 -4.25177001953125
0.9995627034265306 -0.026245621755967896 0.013622380749641168 -40.15681076049805 -0.010751685821896638 0.10657115826826308 0.994246945923068 22.499170303344727 -0.027546382169583657 -0.9939586286983998 0.10624237038660128 -4.258228778839111
0.999480809618521 -0.029630842013383403 0.012654027259464398 -40.03799057006836 -0.009419249648264976 0.10686953957729722 0.9942284341370448 22.45896339416504 -0.03081215572414587 -0.9938314317388609 0.10653495364206328 -4.264877796173096
0.999400122656738 -0.031904020982683697 0.013473243070361896 -39.911712646484375 -0.010034963737033714 0.10557657560814493 0.9943605413458712 22.416019439697266 -0.03314655844115637 -0.9938992504917157 0.10519308691883167 -4.271691799163818
0.9993248891923954 -0.03294541510266364 0.01625931930678398 -39.77775955200195 -0.012802388525395413 0.10254885507811157 0.99464558068199 22.370668411254883 -0.03443638611485821 -0.9941822428236593 0.10205784323346606 -4.276559829711914
0.9992421230974924 -0.03264599552040973 0.021199490656555187 -39.63631820678711 -0.017920991015261418 0.09763453647811193 0.9950609706785486 22.322587966918945 -0.034554558435131284 -0.9946867528338686 0.09697549292562258 -4.281343936920166
0.9991160164231595 -0.030912908834482184 0.02848820447321249 -39.48739242553711 -0.025581265294010617 0.09066924104211038 0.9955524534622999 22.271732330322266 -0.033358426112063785 -0.9954011657599353 0.08979829960020014 -4.286096096038818
0.9988819063475183 -0.027673015961016397 0.03832937984326144 -39.33039093017578 -0.035962585668083226 0.08147622421655909 0.9960262633683303 22.219642639160156 -0.030685983829974554 -0.996291036331771 0.0803899329602421 -4.288264274597168
0.9984434798333127 -0.02291898060846642 0.05084621820955735 -39.16584014892578 -0.04913354276732304 0.06994471856720264 0.9963401182927878 22.16482925415039 -0.026391524273463605 -0.9972875496427414 0.06870975748829 -4.290233135223389
0.9976906255111899 -0.016844386937080097 0.0658003221557824 -38.99327850341797 -0.06475917373027565 0.056283300841878436 0.996312420611183 22.108667373657227 -0.02048573125038008 -0.9982727366181331 0.055062493042729865 -4.290778636932373
0.9965140987035674 -0.00968624457364408 0.08286029055631036 -38.81253433227539 -0.08240151865656417 0.04078438750344959 0.9957643413273345 22.05167007446289 -0.013024623146507146 -0.9991210188971245 0.03984405589122997 -4.289522647857666
0.9948152388237195 -0.0016737505152239762 0.10168499969670415 -38.62385559082031 -0.10161692264933538 0.0237478884584279 0.9945401142362459 21.993144989013672 -0.004079416059306437 -0.9997165780124778 0.02345467995169015 -4.2874755859375
0.9925148342999679 0.006978880600080742 0.12192456241495146 -38.42631149291992 -0.12196369520493842 0.005485520021424384 0.9925194033982668 21.936357498168945 0.006257854781349256 -0.9999606013717063 0.006295630061493085 -4.282569408416748
0.9895606038467555 0.016075847886450584 0.14321794031885954 -38.220699310302734 -0.14300538522458503 -0.013678872488724403 0.9896273784835408 21.87870979309082 0.01786815914448768 -0.9997772029618244 -0.011237140500071241 -4.276803016662598
0.985932868643343 0.025446368378978373 0.16519340442351152 -38.00578689575195 -0.16431599140071712 -0.03340551951551152 0.9858419377546778 21.82522964477539 0.030604468606854812 -0.9991178877400905 -0.028754354436709817 -4.267711162567139
0.9816484232531495 0.03494687609187164 0.18747023490683773 -37.78231430053711 -0.1854851701325961 -0.05334407350056586 0.9811980745411438 21.773788452148438 0.044290233522611064 -0.9979644911888327 -0.04588299838422699 -4.256812572479248
0.9767620866956999 0.04446402556156036 0.20966348376558858 -37.54966735839844 -0.2061255761131503 -0.07313045608587565 0.9757890055051316 21.727577209472656 0.058720293475800836 -0.9963307115729861 -0.06226588400226163 -4.242863655090332
0.9713676853603241 0.0539162276967841 0.23138249767144248 -37.3082160949707 -0.22587263195136031 -0.0923917017614137 0.9697656044534656 21.686655044555664 0.0736639258598934 -0.9942619442765467 -0.07756811323172424 -4.225777626037598
0.9655958990131046 0.06325249091368532 0.2522373529085023 -37.05838394165039 -0.24439100700290742 -0.11075006730900255 0.9633314374020793 21.648744583129883 0.08886841680360373 -0.9918334260269036 -0.09148147085916053 -4.206528186798096
0.959611168572972 0.0724511357080104 0.27184046439894705 -36.800140380859375 -0.26137564197118623 -0.12782016543277486 0.956736525430533 21.615673065185547 0.10406334097157363 -0.9891475310808585 -0.10372069621091295 -4.184205055236816
0.9536076354995713 0.08151632874793183 0.28980608286296566 -36.540931701660156 -0.27654879478678895 -0.1432165113964829 0.9502682752598846 21.586219787597656 0.11896739729392887 -0.9863286059984675 -0.11402911632661311 -4.159992694854736
0.9478021922954308 0.09047354446558517 0.30575405480845036 -36.28097915649414 -0.2896612073747271 -0.1565495424114497 0.944239707761213 21.558305740356445 0.1332943705570135 -0.9835175537440088 -0.12217132337504621 -4.134741306304932
0.9424284545569077 0.09936170498642082 0.3193052765359039 -36.02042007446289 -0.3004838039078818 -0.167426811701255 0.9389769679351044 21.530887603759766 0.14675861688680567 -0.9808646768569781 -0.12793120832591148 -4.108742713928223
0.9377276867761479 0.1082245191054455 0.33008216994840794 -35.75950241088867 -0.3088031277210714 -0.17545466376289842 0.9348028076945063 21.501571655273438 0.15908304046358396 -0.9785208809362442 -0.13110862598859896 -4.082520484924316
0.933939974344002 0.11710204097753964 0.3377028817188561 -35.49862289428711 -0.31441083594391006 -0.1802299869768838 0.9320209107285974 21.466976165771484 0.17000573685430956 -0.9766290307958324 -0.1315058388187243 -4.057120323181152
0.9312934847034322 0.12601507042831578 0.34177865260118967 -35.23822784423828 -0.3170944483475948 -0.18134379954355562 0.9308950194271325 21.425077438354492 0.17928624090005507 -0.9753125798389218 -0.12892561976532835 -4.033348083496094
0.9299932961264531 0.13495425550970397 0.3419061539072926 -34.97908020019531 -0.3166235013796406 -0.1783718327395606 0.9316292436689756 21.373075485229492 0.18671375828779316 -0.9746644746808782 -0.12315491976001514 -4.012111663818359
0.9302079336166968 0.14386134117107174 0.3376642041333596 -34.72188949584961 -0.31273804908764713 -0.1708770875828733 0.9343425140664676 21.30950164794922 0.1921148429700503 -0.9747332637473984 -0.11396030736593049 -3.993995189666748
0.9320092130120416 0.1526184101316597 0.3287346159891888 -34.467041015625 -0.30523386222948845 -0.1585437067649758 0.9389867849941718 21.235107421875 0.19542547482133593 -0.9754852709980331 -0.1011798885982263 -3.9789390563964844
0.9352296682542676 0.16106239625136412 0.31528458911082485 -34.21481704711914 -0.2942542065363206 -0.14159407937486984 0.9451801831511618 21.1506290435791 0.19687541632386069 -0.9767343657309043 -0.08502969626874429 -3.9668333530426025
0.9396129777017037 0.16898975335530775 0.2976069814292831 -33.9654426574707 -0.28000898574640337 -0.12039810902957532 0.9524175886885821 21.056621551513672 0.19678013120182608 -0.9782365555442175 -0.06580897629637911 -3.9575915336608887
0.9448720253304764 0.17616964758108378 0.2760092589371607 -33.71884536743164 -0.2626964546134613 -0.09534780732818537 0.9601559083665658 20.954139709472656 0.19546720564176884 -0.9797311115346212 -0.04381233399094897 -3.9509971141815186
0.9507021634952599 0.18236242638188627 0.2508173474254574 -33.47494125366211 -0.24251460922746748 -0.06685711155499802 0.9678413046288998 20.843996047973633 0.19326681204148904 -0.980955693229125 -0.019335648028604602 -3.9468982219696045
0.9567916485537 0.18733374960045587 0.22238661721993808 -33.233646392822266 -0.21967673756243492 -0.035374183284695215 0.9749311760995575 20.726791381835938 0.19050425777871388 -0.9816591737551149 0.007307143806361938 -3.9452197551727295
0.9628330748702006 0.19087189168416197 0.1911030897209781 -32.99441146850586 -0.19441971057167856 -0.0013759570582086988 0.9809174699654394 20.603906631469727 0.18749252272349262 -0.9816139911936278 0.03578444097225919 -3.945713996887207
0.9685342536330455 0.19279854965959572 0.15738525594424665 -32.75740432739258 -0.16701051058351793 0.034628575442213094 0.9853468176827263 20.475202560424805 0.18452341015197035 -0.980627136587602 0.06573834568871029 -3.9487767219543457
0.973627949411147 0.192982815510859 0.12168093130374638 -32.52614974975586 -0.13774949211356335 0.07210802361526686 0.9878388078794819 20.335195541381836 0.18186174294749471 -0.9785489593514481 0.0967896719918892 -3.957418203353882
0.9778810862156977 0.19134910994453644 0.08446359775098941 -32.30794906616211 -0.10697100405650403 0.11051174052592055 0.9881013913040884 20.17544937133789 0.17973810256245235 -0.975280817677332 0.12853614728115997 -3.977285146713257
0.9811027883391898 0.1878843129321141 0.046225573734611655 -32.14274978637695 -0.07504170187397373 0.14928252763436345 0.9859429344150467 19.972063064575195 0.17834254033439206 -0.9707802078210716 0.16056066271024416 -4.032503604888916
0.9831510835283694 0.182642314670871 0.0074653766589512505 -32.088829040527344 -0.04235133220488353 0.1878651365444302 0.9812813333247579 19.71728515625 0.17782101005636278 -0.9650639747513163 0.1924349578941565 -4.097885608673096
0.9839371704154048 0.1757463234414548 -0.031318915558144755 -32.08205795288086 -0.009309955892569943 0.2257211045226969 0.9741474773843704 19.448810577392578 0.1782721778523083 -0.9582083347424324 0.22373157540662347 -4.142013072967529
0.9834285883352099 0.1673860624173082 -0.06964278680126207 -32.07825469970703 0.02366389860852995 0.26233763449584985 0.9646859517116271 19.17791748046875 0.17974490687544462 -0.9503477635242541 0.25402932274992757 -4.174797058105469
0.9816494632129443 0.1578157349740802 -0.10704450087851106 -32.07646942138672 0.05615118198835382 0.29723773861645186 0.9531509699431088 18.905071258544922 0.1822398862352845 -0.9416708132552315 0.282921726504314 -4.195954322814941
0.9786791233119005 0.14734728271991065 -0.14309420627163386 -32.07583999633789 0.08774154888009647 0.3299899434412615 0.9398978975547051 18.630741119384766 0.18571105027319137 -0.9324137576755783 0.310025789739719 -4.2060227394104
0.9746485213782452 0.13634259388072728 -0.17740055487251177 -32.07619094848633 0.11804175932632897 0.36021225864195944 0.9253719640118794 18.35535430908203 0.190069468432847 -0.9228530900516794 0.3349862256149076 -4.203982830047607
0.9697346126770237 0.12520507048400936 -0.20961505504432934 -32.0775146484375 0.14668244555067955 0.38757437020427477 0.9100936038276676 18.0794677734375 0.19518975675842956 -0.9132961173058024 0.3574788958396441 -4.188348293304443
0.9641534575841731 0.11436865636850363 -0.2394324971029352 -32.07989501953125 0.17332249530375626 0.4117969074376495 0.8946410563161447 17.802494049072266 0.20091645739003897 -0.9040703055986581 0.3772127512221526 -4.157084941864014
0.9581516963690053 0.10428843138708185 -0.26658816519871903 -32.08346176147461 0.19765156852397128 0.43264237610458206 0.8796331234432883 17.525697708129883 0.20707289587295452 -0.8955135384110077 0.3939242545431612 -4.107717037200928
0.9519808481608178 0.09536826446659923 -0.2909250055729808 -32.08836364746094 0.2194594273750597 0.45000106578157156 0.8656423051882692 17.250980377197266 0.2134713668650225 -0.8879211310291465 0.4074629315664194 -4.037258148193359
0.9458246956309697 0.08775479950326388 -0.31259357046926906 -32.093841552734375 0.23883581136275878 0.46414308853077796 0.85295289939117 16.97953987121582 0.21993885592426965 -0.881402455484016 0.4180390066985029 -3.9464025497436523
0.9398217302759635 0.08149292586314684 -0.3318041867357283 -32.09800338745117 0.25594395111808116 0.47540671551772934 0.8417132223784477 16.710613250732422 0.2263356118403812 -0.8759836516025333 0.4259399405290984 -3.8408191204071045
0.934081607192794 0.07658927674095663 -0.3487486685170625 -32.09886169433594 0.2709442798725971 0.4841019716363666 0.8320062970086839 16.442626953125 0.23255267856648426 -0.8716532359522793 0.43143932127875617 -3.725987434387207
0.9286885712948477 0.07301851208451153 -0.36360120247229455 -32.09425735473633 0.2839917264106393 0.49051360137887545 0.8238598826212078 16.17349624633789 0.23850835808549575 -0.8683689905537217 0.43479772235842173 -3.6073949337005615
0.9237052070677156 0.07072783663298114 -0.3765186098471193 -32.08170700073242 0.2952340514982933 0.4949015282513519 0.8172572007455057 15.900927543640137 0.24414246920986943 -0.8660658464918791 0.4362618528686794 -3.4909448623657227
0.9191751641772687 0.06964331708348225 -0.3876426523814183 -32.05830001831055 0.3048104482587509 0.49750473075607005 0.8121450815634053 15.622729301452637 0.24941453083569703 -0.8646611193183953 0.4360659818732359 -3.383493661880493
0.9151260471215923 0.06967254742432973 -0.3971020700210636 -32.0223388671875 0.31285172281407786 0.49854465903056344 0.8084411063796564 15.348791122436523 0.2542992674229963 -0.8640595807509479 0.4344340266376745 -3.2967259883880615
0.9115720425706207 0.07070757805836758 -0.4050146288823978 -31.972318649291992 0.31948032961168316 0.4982290429776659 0.8060397879290883 15.079777717590332 0.2587831721631776 -0.8641575430086109 0.4315819860310254 -3.23734974861145
0.9085157782447754 0.07262933188399587 -0.4114900494913267 -31.910629272460938 0.3248109209092991 0.4967545430227844 0.8048184824196557 14.818547248840332 0.26286298015951803 -0.8648467518215636 0.4277185400767049 -3.2034997940063477
0.9059506062262112 0.07530918015619967 -0.4166317636265408 -31.840980529785156 0.32895084367324723 0.4943105281310546 0.8046418111342817 14.567411422729492 0.2665423822303305 -0.8660171067380824 0.42304790427560496 -3.189610481262207
0.9048374610839338 0.08005954394128731 -0.4181622154655933 -31.766645431518555 0.32933385843457774 0.49084791672797407 0.8066024623892497 14.32733154296875 0.2698302775964434 -0.8675591000431732 0.4177712642397815 -3.1900928020477295
0.9040670569356845 0.08509443014335187 -0.41883373135676166 -31.68994140625 0.3290534284046224 0.48678717801420257 0.8091737048224769 14.098461151123047 0.2727390654431701 -0.869365965103044 0.4120876374045197 -3.200779914855957
0.903386219278253 0.08994577960411239 -0.4192887973098646 -31.612722396850586 0.3288056457409249 0.48237367287467814 0.8119128568056344 13.880485534667969 0.27528201202955066 -0.8713354098444535 0.40619504847321913 -3.2180371284484863
0.9027938957297954 0.09452649256789646 -0.4195568186024762 -31.53643035888672 0.3285900293863868 0.47779712951733205 0.8147014763782202 13.672887802124023 0.2774739166496072 -0.8733697070701557 0.4002918689547886 -3.238896369934082
0.9022888733564989 0.09874846205819755 -0.41967074029315027 -31.4621524810791 0.3284062585337579 0.47324814808885385 0.817426155494384 13.4751558303833 0.27932797635202716 -0.8753770225289279 0.39457692539664607 -3.2610387802124023
0.9018698585720055 0.10252324570398978 -0.4196662272444978 -31.39069938659668 0.32825374307197447 0.4689188683385511 0.8199783991516675 13.28682804107666 0.28085625924758967 -0.8772708128089138 0.3892501543160115 -3.2826831340789795
0.9015359328357414 0.10576049102055184 -0.41958036220142725 -31.323007583618164 0.328132188501885 0.4650020821125487 0.8222544195685163 13.107311248779297 0.2820677731945862 -0.8789697276755816 0.38451266449229105 -3.3015270233154297
0.9012863311429874 0.10836922760321334 -0.4194509027329614 -31.260000228881836 0.3280413642000155 0.4616908944656994 0.8241543431550035 12.936293601989746 0.2829696320607673 -0.8803962905851804 0.38056610313485434 -3.3174328804016113
0.9011210960947449 0.11025606709015622 -0.4193141660411877 -31.202070236206055 0.3279811914914228 0.4591775799497433 0.8255811820162593 12.773700714111328 0.2835649981941925 -0.8814757794411077 0.3776126878930573 -3.3304357528686523
0.9020452767570337 0.11277330117339622 -0.4166491344318153 -31.149505615234375 0.3251725288448794 0.4572476995480176 0.8277604531159192 12.61950397491455 0.2838611371162888 -0.8821602597037005 0.37578734815657006 -3.340294122695923
0.9031633631751721 0.11477381033515675 -0.41367005194872636 -31.103517532348633 0.3220292947223211 0.45608742545263203 0.8296272618981578 12.473312377929688 0.2838891909861257 -0.8825028231145436 0.3749609238788807 -3.346367120742798
0.9044657363290536 0.11639484026595442 -0.4103583470166112 -31.064056396484375 0.31853324931821003 0.45552872408637746 0.831282232825302 12.33535385131836 0.2836869769402989 -0.8825790744696476 0.37493449617603125 -3.3490796089172363
0.9059416466412633 0.1177723524490537 -0.40669325772568804 -31.029760360717773 0.3146664615239083 0.45540274746357146 0.8328225234674275 12.206125259399414 0.28329269470450474 -0.8824613366041864 0.3755093055116129 -3.349604368209839
0.9075792903492348 0.11904157301521553 -0.4026523756582627 -31.0028076171875 0.31041083862920527 0.45553878190423913 0.8343437717408309 12.08517837524414 0.2827453677616895 -0.8822207898679701 0.37648576989581134 -3.3464391231536865
0.9093656957207203 0.12033634651385679 -0.39821249999725966 -30.981088638305664 0.3057479469805008 0.45576545083504505 0.8359402172059538 11.973268508911133 0.28208549123196575 -0.8819280115365569 0.37766487539033256 -3.3413145542144775
0.9112866914863522 0.12178916537206037 -0.39334967283300865 -30.964481353759766 0.3006589534033066 0.45590918694673677 0.8377057997865324 11.870397567749023 0.28135521971039795 -0.881654247681903 0.3788469715942987 -3.334315061569214
0.9133268249519695 0.1235303145418804 -0.3880391374749955 -30.952836990356445 0.295124145419005 0.4557957040851153 0.8397332998805369 11.776877403259277 0.2805990905435304 -0.8814706674227668 0.3798336647262925 -3.3256945610046387
0.9154693471117108 0.12568731072003797 -0.3822545937236377 -30.945253372192383 0.2891231060920747 0.45524786873178374 0.8421147235019941 11.69274616241455 0.2798637240203339 -0.8814488515728713 0.38042636349014664 -3.316030263900757
0.9176954543028016 0.12838493620966973 -0.37596856425293573 -30.93919563293457 0.2826349901469062 0.45408653928722187 0.8449395701367128 11.618229866027832 0.2791997770354287 -0.8816590741281993 0.38042707778334284 -3.3069920539855957
0.9199846209139555 0.13174363340470363 -0.36915025712998295 -30.938602447509766 0.2756382251386163 0.45212885404236003 0.8482942108636459 11.55340576171875 0.27866084426097426 -0.8821695496896668 0.3796380111054367 -3.2961864471435547
0.9223136752721914 0.13588000156826874 -0.3617652686200133 -30.938232421875 0.2681112348589145 0.4491868231107976 0.8522602675744407 11.498114585876465 0.27830531821783616 -0.8830446325738223 0.3778601946940596 -3.2868003845214844
0.9246566126310335 0.1409048829011313 -0.3537738863911831 -30.93810272216797 0.26003277168694616 0.4450669495027475 0.8569121122432123 11.452338218688965 0.27819616526204627 -0.8843422552580745 0.37489421067623196 -3.2788305282592773
0.9269839589135734 0.14692352172999937 -0.34512927821234346 -30.938690185546875 0.25138240532687617 0.43956724951892645 0.8623152088664795 11.416112899780273 0.2784019148802553 -0.8861117942521816 0.3705378008762222 -3.2719664573669434
0.9292621792653918 0.15403291879972617 -0.33577620837839567 -30.940736770629883 0.2421414967107244 0.4324786346239661 0.8685215749562474 11.389509201049805 0.2789969493697468 -0.8883896051394495 0.36458827699550067 -3.2657201290130615
0.9314530570966907 0.16232189256738042 -0.32564828514606503 -30.942413330078125 0.23229400496191008 0.4235799326653116 0.8755681217940762 11.37225341796875 0.28006195329602546 -0.8911967481070574 0.35683842068844107 -3.2612950801849365
0.9335127711349064 0.17186857926918395 -0.31466664517870335 -30.9437255859375 0.22182790119835274 0.4126392346996096 0.8834711337878869 11.364323616027832 0.28168473224149304 -0.8945334277971464 0.34707874924219384 -3.258687734603882
0.9353909915252465 0.18273942156978082 -0.3027375047425711 -30.945087432861328 0.21073660004352598 0.39941085010670274 0.8922225385065858 11.35728931427002 0.28396087472662723 -0.8983747974099581 0.3350954267117141 -3.256235361099243
0.9370303792073311 0.1949850622514439 -0.28974970913077003 -30.946489334106445 0.1990206685999325 0.38363574647451193 0.9017840026841129 11.351118087768555 0.2869927558538736 -0.9026651868360409 0.3206722915402176 -3.2539403438568115
0.9383650267497053 0.20863917842692764 -0.2755735288418714 -30.94792366027832 0.18669017971176294 0.36504101327231664 0.9120810465239974 11.345773696899414 0.29089148040500384 -0.9073118272426836 0.30359083446857926 -3.251800537109375
0.9393241695572887 0.22365325323316 -0.2600948419398853 -30.94937515258789 0.173794814251238 0.34342273000479173 0.9229605576921657 11.341232299804688 0.2957456120129047 -0.9121622941309732 0.28371549506650584 -3.2498254776000977
0.9398508892300563 0.239722887728975 -0.2433377141183702 -30.9507999420166 0.16050590720419733 0.31890690240394 0.9340964839628084 11.33751392364502 0.3015263832005916 -0.9169685516406793 0.26124799623339673 -3.2480344772338867
0.9399034051739537 0.25648702274913504 -0.2253796710080382 -30.95224380493164 0.14702577063885947 0.2917265022564789 0.945134419354861 11.33287525177002 0.3081639364209517 -0.9214716789150308 0.2364845306717933 -3.246103525161743
0.9394555002261851 0.2735953546555108 -0.20632242972031328 -30.953659057617188 0.13355600974287452 0.2621432787580366 0.9557424829228568 11.327348709106445 0.3155727417828251 -0.9254331328156084 0.20973164122458704 -3.2440576553344727
0.9384986168234377 0.29071330094180514 -0.18629579403736943 -30.955013275146484 0.12029376981843762 0.23045163875677532 0.9656197238753906 11.32097339630127 0.32365066841173573 -0.9286429986005581 0.18130754531127646 -3.241922616958618
0.9370434186288419 0.30752670969550583 -0.16545982723377117 -30.956274032592773 0.10742856623530615 0.19697828686266045 0.9745043138238425 11.313786506652832 0.3322780985274229 -0.9309279657033125 0.15154005381579055 -3.239720344543457
0.9351203873630796 0.3237476554323366 -0.1440045719412723 -30.957406997680664 0.09513831774505349 0.16207913526519285 0.9821807646295708 11.305839538574219 0.34131885625403885 -0.9321576098030591 0.12076269644092247 -3.237474203109741
0.9327800766454661 0.3391174562369975 -0.12215023327290879 -30.958402633666992 0.08358656901189027 0.12613851569085321 0.9884848811894538 11.297172546386719 0.3506203275540345 -0.9322491221420679 0.08931382967516899 -3.235203742980957
