0.8241491123727059 0.07263168815333126 0.5616964290889506 17.00519561767578 -0.299965745316354 -0.7852520364181842 0.541663909576685 5.264543533325195 0.4804152289552086 -0.6149015182751562 -0.6253777503324073 4.464320659637451
0.842574965938 0.06580638012223367 0.5345436811990077 17.019750595092773 -0.2872684699884694 -0.7846247381535925 0.5494004426899294 5.266878128051758 0.45557025026340575 -0.6164686047258324 -0.6422010638906814 4.4646759033203125
0.862443887108781 0.05782955904731969 0.5028382281500567 17.03545379638672 -0.27254527874401874 -0.7840715573628056 0.5576296835436663 5.269377708435059 0.4265086313581955 -0.6179704968969448 -0.6604565484132183 4.464930057525635
0.8830256045801647 0.048699129611237235 0.46679136284955286 17.052335739135742 -0.256057931699393 -0.7835394427586052 0.5661274390588781 5.272051811218262 0.3933193578628746 -0.6194306550507834 -0.6794155917505084 4.465115070343018
0.9035934145064921 0.038405761031792385 0.42666607409081353 17.070419311523438 -0.23808155745364612 -0.7829759274468091 0.5746876273587724 5.274905681610107 0.35614058075561245 -0.6208652789119213 -0.698348188356408 4.465264797210693
0.9234421394325989 0.026933532135790486 0.3827913269221691 17.08972930908203 -0.21890671828816421 -0.7823266461492524 0.583133661704732 5.277946472167969 0.31517370418302815 -0.622285789305487 -0.7165374607234407 4.46541690826416
0.9419082834632162 0.014260039209360156 0.33556733575413067 17.11027717590332 -0.19883591592347954 -0.781535055089847 0.5913266746939301 5.281180381774902 0.27068997780163373 -0.6236983316856455 -0.73329893424871 4.465607643127441
0.9583873465460353 0.0003542164304284612 0.28547078398878184 17.132081985473633 -0.1781847386156053 -0.7805392534894391 0.5991733244117575 5.284615516662598 0.22303338966382985 -0.6251066695315842 -0.7479958280646977 4.465878009796143
0.9723513794442699 -0.014821524941511038 0.23305174809735657 17.15515899658203 -0.1572747146932369 -0.779271536557811 0.6066304776624641 5.287997722625732 0.17261940508235596 -0.6265111289588051 -0.7600568046401383 4.46627140045166
0.9833638975847167 -0.03131276375513862 0.17892723591731502 17.179716110229492 -0.13642941606527997 -0.777655832454249 0.6137087425497345 5.2872161865234375 0.11992689172609435 -0.627909959369896 -0.768990652456201 4.466885089874268
0.9910914845855211 -0.04917215483770911 0.12377305187593719 17.205533981323242 -0.11596915627643523 -0.7756058704906327 0.6204729554565608 5.286442279815674 0.06548911340519752 -0.6292993189644208 -0.7743988269466301 4.467702388763428
0.995312799959304 -0.06845705158198621 0.06830858164148598 17.232601165771484 -0.09620209747785059 -0.7730222160541628 0.6270421117656877 5.285686492919922 0.009878596966796951 -0.6306744687835495 -0.7759846182409514 4.468759536743164
0.9959224650946484 -0.08922989183126787 0.013284198266313354 17.260892868041992 -0.07742065844105034 -0.7697904327192061 0.633584036525962 5.284965515136719 -0.04630858631347658 -0.6320290468781933 -0.7735598223381884 4.470095634460449
0.9929310304580141 -0.11155725254503113 -0.04053329690748614 17.290380477905273 -0.059897399073011254 -0.765776467198781 0.6403114116340912 5.284295082092285 -0.10247082676486371 -0.6333572307072514 -0.7670452059513617 4.471743583679199
0.98646053450008 -0.1355053540515281 -0.09237917999845288 17.32103729248047 -0.04387683054587382 -0.7608243608683277 0.647472868659799 5.283693313598633 -0.15802037088636775 -0.6346531264656865 -0.7564687511406297 4.473733425140381
0.9767356350592162 -0.1611392006591163 -0.1414979053428368 17.352827072143555 -0.029578488740111236 -0.7547516940494858 0.6553434163347351 5.283185958862305 -0.21239729802735358 -0.6359119737356516 -0.74195912923173 4.47609281539917
0.9640701544017528 -0.18852108402864126 -0.18715912552810932 17.385711669921875 -0.017194144008367537 -0.747344305931335 0.6642144607006315 5.282797336578369 -0.26509073692530283 -0.6371312967267244 -0.7237337990778948 4.478847026824951
0.9488513824773772 -0.21770317932331687 -0.22866215183822952 17.419584274291992 -0.006889084542068602 -0.7383528607959087 0.6743794135860538 5.28175163269043 -0.31564789637338314 -0.6383105659998253 -0.7020869083297598 4.4820404052734375
0.9315201697655786 -0.248725156098995 -0.26534123321383374 17.454248428344727 0.0011932955214057905 -0.7274872713902525 0.6861201396336969 5.278253078460693 -0.3636877085711121 -0.6394513794564023 -0.6773722639329118 4.485747337341309
0.912550173753629 -0.2816072316406162 -0.29656288956969984 17.48988914489746 0.006926661243897625 -0.7144083681904132 0.6996947225923055 5.274868011474609 -0.408906103826091 -0.6405607313496663 -0.6499828826258018 4.489906311035156
0.8924238989559631 -0.31634247157508016 -0.3217250771233215 17.5264835357666 0.01019577415615086 -0.6987254728230529 0.7153172441774058 5.271646499633789 -0.45108273161538154 -0.6416464402659545 -0.6203339543604195 4.494531154632568
0.8715938814410841 -0.35279890798376046 -0.34037778476265357 17.561946868896484 0.010996891364282696 -0.6800792199273576 0.7330561526945386 5.268912315368652 -0.49010526850339753 -0.6426703549631511 -0.5888731957193755 4.4993510246276855
0.8504128061309938 -0.3904587022411883 -0.35261886082927557 17.596317291259766 0.009734731870070512 -0.6584375684755682 0.752572390813933 5.266668796539307 -0.5260259443828097 -0.6434298487512904 -0.5561427294967226 4.50431489944458
0.8291809740045403 -0.42868639423459703 -0.35872954679956537 17.629655838012695 0.006864993673780684 -0.6338989783041452 0.7733853872208991 5.264904499053955 -0.5589380862052082 -0.6437391247260809 -0.5226740428662576 4.509366512298584
0.8081726836110011 -0.4668371534541025 -0.3590542934151656 17.662025451660156 0.0027836630329902134 -0.6066214618108648 0.7949859453415316 5.263598918914795 -0.5889390161002341 -0.6434854110431103 -0.4889553774012184 4.514455795288086
0.787646907442022 -0.5042748525238082 -0.35400455125479724 17.693490982055664 -0.0021714493017770398 -0.5768327861297808 0.8168593646728209 5.26272439956665 -0.6161230672560059 -0.6426280494639541 -0.45543556738270374 4.519540786743164
0.7678546969498277 -0.540390462925865 -0.3440600412004533 17.723886489868164 -0.0077174005519397015 -0.5448339777275284 0.8385084247891131 5.260932445526123 -0.6405775566633671 -0.641197383254461 -0.4225237385127876 4.524711608886719
0.7490432223881653 -0.5746197177646861 -0.32976723753336346 17.753433227539062 -0.01362499151010127 -0.5110012676907385 0.8594719681437015 5.259108543395996 -0.6623810161838147 -0.6392885767589551 -0.39059122497158905 4.529849529266357
0.7314595910462274 -0.6064552340241463 -0.31173532971288986 17.78225326538086 -0.019712617622864748 -0.47578272832818086 0.8793419176469682 5.257619380950928 -0.6815997941409174 -0.6370579601176888 -0.35997066002349226 4.534892559051514
0.7153526869986433 -0.6354583509105205 -0.2906255622995043 17.81039047241211 -0.02584436528125572 -0.43969038380460246 0.8977774975866629 5.256402492523193 -0.6982854731318919 -0.6347165120333985 -0.3309567152440429 4.539823532104492
0.7063746710363291 -0.6564333376982352 -0.26482087772053087 17.837892532348633 -0.032169127081222826 -0.40351100917200566 0.9144091057835226 5.255359172821045 -0.7071067609499642 -0.637396374821307 -0.30614684382417867 4.5446600914001465
0.7060388791917275 -0.667999849058662 -0.23512826866902667 17.86478614807129 -0.03884729189420011 -0.3680541178800679 0.9289924941699002 5.254386901855469 -0.7071067733957694 -0.64677072287568 -0.2858105019916065 4.5494232177734375
0.7056445164272698 -0.6779216390467461 -0.20612633928806384 17.891063690185547 -0.04545135109803988 -0.33361357221020477 0.9416135933176141 5.253450393676758 -0.7071067749070767 -0.655075748100416 -0.2662250422691162 4.55405855178833
0.7052016709433875 -0.6862140907493518 -0.1783278580471792 17.916725158691406 -0.051871159463249716 -0.30077803593124663 0.9522824979580797 5.252475261688232 -0.7071067713680818 -0.6623011360086757 -0.24770389404897397 4.558553218841553
0.7047244810316946 -0.6929531923562247 -0.15224742703220195 17.941757202148438 -0.057994619199073616 -0.2701355415029818 0.9610740935853205 5.251387596130371 -0.7071068023845924 -0.6684629102801499 -0.23055868580738625 4.562893390655518
0.7042316977771714 -0.6982625407893678 -0.12840225845466813 17.96614646911621 -0.06369959611260512 -0.2422692124236876 0.9681156904867811 5.250115871429443 -0.7071068358465882 -0.6735985843527157 -0.2150927006131158 4.567062854766846
0.70374717259938 -0.7022988310156987 -0.10731388080002113 17.989871978759766 -0.06884672844631534 -0.21775420533067896 0.9735724082178189 5.248587608337402 -0.7071068130350727 -0.6777606199941003 -0.20159488323019276 4.571044921875
0.7033001354587951 -0.7052355062330768 -0.08950865998224017 18.012907028198242 -0.07327301266571445 -0.19715305077616846 0.9776306767816463 5.246732234954834 -0.7071067706354752 -0.6810092182326355 -0.19033249749752174 4.5748186111450195
0.7029255511750124 -0.7072422137637722 -0.07552562860263823 18.035114288330078 -0.07678324497451627 -0.18101874848518557 0.9804777131521352 5.243985652923584 -0.7071067831639634 -0.6834037340894297 -0.18154705570770308 4.578500747680664
0.7026632892421035 -0.7084624036314119 -0.06591907608781072 18.05656623840332 -0.0791471272050962 -0.16989564492180353 0.9822785766226325 5.240677356719971 -0.7071068053743002 -0.6849937901013461 -0.17545219666890655 4.581949234008789
0.7025561918955008 -0.7089853968502378 -0.061274009844333344 18.077280044555664 -0.08009207785567685 -0.16433425993660006 0.9831477559735619 5.236860275268555 -0.7071068209924529 -0.6858089807404107 -0.1722381654620902 4.5850958824157715
0.720914344651665 -0.69063635672868 -0.05747982637409316 18.09731101989746 -0.08145875300751404 -0.1668106670247918 0.9826182742678893 5.2322235107421875 -0.6882201531733296 -0.7037013742570635 -0.17651457909985574 4.588170528411865
0.7422559900818844 -0.6676211508130359 -0.057775809597437444 18.116607666015625 -0.08145190644586547 -0.17546274027365083 0.9811108060316099 5.2270002365112305 -0.6651478272714236 -0.7235294228728636 -0.18461728552160372 4.590949058532715
0.7659292778718313 -0.6399713957745202 -0.061554479034005294 18.135177612304688 -0.0799757472946796 -0.18983674069706363 0.978552958059079 5.221247673034668 -0.6379312040834755 -0.7445794950654554 -0.1965837083399305 4.593419075012207
0.7912446597552263 -0.6076892279782661 -0.06815930316556351 18.15304183959961 -0.07688922172167101 -0.20944806586630393 0.9747920574604104 5.215025901794434 -0.6066464670562848 -0.7660582940638677 -0.21244941540066586 4.5955634117126465
0.8174900750017791 -0.5707877752875947 -0.07688493256694831 18.17022705078125 -0.07203274388307118 -0.23377366584552084 0.9696190782806527 5.208400249481201 -0.5714203891026831 -0.7871157403707444 -0.23222306125437486 4.597362041473389
0.8439453587722048 -0.5293283458255825 -0.08699272218069151 18.1867618560791 -0.0652459146967784 -0.2622563312840434 0.9627900016705693 5.201441764831543 -0.5324464311292124 -0.8068662336515182 -0.2558665256941169 4.598794937133789
0.8699014287962696 -0.4834485857682308 -0.09771882672702328 18.202680587768555 -0.05638959447205069 -0.29430570148900687 0.9540463131873321 5.194221496582031 -0.4899915487163897 -0.8244159259680522 -0.28327841992773245 4.599843978881836
0.8946776876219131 -0.4333880064559392 -0.10828975543260413 18.218015670776367 -0.04536100252829253 -0.3293014427290084 0.9431346347506393 5.186819553375244 -0.44440321187085796 -0.8388893822648731 -0.3142775677679288 4.600497245788574
0.9176423954679547 -0.37950373329205417 -0.11793790933040707 18.232791900634766 -0.03210987693118067 -0.36660201954869054 0.9298235935199138 5.179315090179443 -0.3961078007857184 -0.8494585779661153 -0.34859537357298187 4.600748062133789
0.9382321423355526 -0.322278543129207 -0.1259245318710974 18.247037887573242 -0.016645875868805116 -0.40555725198598064 0.9139180653527645 5.171788692474365 -0.34560578974461564 -0.8553711802487243 -0.38587145799463446 4.600597858428955
0.9559708805172048 -0.262321875357598 -0.13155572702103474 18.260766983032227 0.0009504516400374585 -0.44551952615062984 0.8952717176702267 5.164322376251221 -0.29346000109868486 -0.8559787295998604 -0.4256543694451741 4.6000566482543945
0.9704862802774537 -0.20036206819919133 -0.1342066370198373 18.27399444580078 0.020526570347034825 -0.48586180822484687 0.8737945772424265 5.156994342803955 -0.24028116801576435 -0.8507604509704392 -0.4674094729052411 4.599143028259277
0.9815237378377408 -0.1372301780201947 -0.13333803021484655 18.286724090576172 0.04185659699694668 -0.5259918115804718 0.8494590275217098 5.149878978729248 -0.1867061256329445 -0.8393452760281905 -0.5105294607172988 4.597886085510254
0.9889543993390839 -0.07384213572838995 -0.12851667214389847 18.2989501953125 0.06464517181490372 -0.5653702544498056 0.8223001137932453 5.14304256439209 -0.1333799002432294 -0.821525297464681 -0.5543518628422512 4.5963215827941895
0.992780297905948 -0.011168008123678567 -0.1194259422584846 18.310659408569336 0.08853362252545319 -0.6035263415275144 0.7924126152232401 5.136544704437256 -0.0809263725388579 -0.7972648434974189 -0.5981803169201897 4.5944952964782715
0.993131661821831 0.04979115970995359 -0.10587890583938844 18.321836471557617 0.11310880681660429 -0.6400715887261789 0.759943918408503 5.130434513092041 -0.029931590461121142 -0.7667002032869713 -0.6413071792613773 4.592458724975586
0.9902604443934783 0.10803697986291716 -0.08781949243607949 18.33245277404785 0.13791328975536948 -0.674708644439323 0.7250849395951504 5.124747276306152 0.019083416321049207 -0.7301344096130185 -0.6830370173867347 4.590269088745117
0.9845273062344664 0.16260019735960227 -0.06532349575247358 18.342487335205078 0.1624566497866359 -0.7072347500381708 0.688060204690366 5.119510650634766 0.06567967888782168 -0.6880262961232401 -0.7227074066481733 4.587987422943115
0.9763841444165903 0.21256697600097144 -0.038591232756746384 18.351903915405273 0.18622627582300585 -0.7375486619956223 0.6491084234406151 5.114735126495361 0.10951610258302974 -0.6409658742103744 -0.7597163756118158 4.585677623748779
0.9663524547220173 0.2570990547047332 -0.007937841184112227 18.360675811767578 0.20869760786136396 -0.7656406266106393 0.608473285655346 5.110423564910889 0.15036037285693313 -0.5896562616925224 -0.7935346566603905 4.5834059715271
0.9549705459653979 0.29554379200508857 0.026174860950971546 18.3687686920166 0.22944216908070897 -0.7915444962572626 0.5664040973477996 5.106570720672607 0.1881157818634287 -0.5348936132092897 -0.8237118884426895 4.581225395202637
0.9426661351308747 0.3277309991636472 0.0630313403365106 18.37614631652832 0.24842632023952055 -0.8151870163255004 0.5232155309493207 5.10318660736084 0.2228562789998763 -0.47755891846088055 -0.8498662002390749 4.579139709472656
0.9297977673442355 0.35369854959735225 0.10185012446926478 18.38276481628418 0.2657025886294172 -0.8364837703116508 0.47926718686014014 5.10028076171875 0.25471208498479625 -0.4185597185801987 -0.8717393622779477 4.577143669128418
0.9166803936486962 0.3735959489389504 0.1418559933047483 18.38857078552246 0.281308803341118 -0.8553883960976731 0.43494373082530874 5.097860336303711 0.28383518644251954 -0.3587990506646522 -0.8892136009864473 4.575232028961182
0.9035883717479429 0.3876789157497319 0.18229951378161585 18.399944305419922 0.2952696218733829 -0.8718999741408846 0.39064854472002614 5.094531536102295 0.31039314560835707 -0.29915797394727267 -0.9023084848227421 4.57433557510376
0.890759361818628 0.3963001215059042 0.22247240958571873 18.41683006286621 0.30759676813769365 -0.8860664146730481 0.34680042822882345 5.090288162231445 0.3345623821706741 -0.2404839339391614 -0.9111725906508759 4.574453353881836
0.8783975823704353 0.3998987169658995 0.2617225696320473 18.439176559448242 0.31829087585554194 -0.8979871876088596 0.30382549142137977 5.085118770599365 0.35652293843858973 -0.18357567120770202 -0.9160738874718324 4.575585842132568
0.8705646109411953 0.38800292033582273 0.302606992628522 18.46734046936035 0.31685946994301484 -0.9125611466860954 0.25851930269593026 5.078305721282959 0.3764536285975164 -0.12917386488694838 -0.9173858392987824 4.579177379608154
0.8634687618753824 0.3722371450464915 0.3403839084225803 18.500898361206055 0.31427686562201396 -0.9248585080997244 0.21416533736894652 5.070422172546387 0.3945272474749962 -0.07795029084736863 -0.9155719541120805 4.58390998840332
0.8566970713291826 0.3547493758436345 0.3744636274921147 18.53973960876465 0.31181220313266483 -0.9344635824023693 0.17190393579346652 5.061617851257324 0.41090543675346425 -0.030507269662856842 -0.9111673987496276 4.58950138092041
0.8502792403422971 0.33640397774606 0.4047932524135683 18.58377456665039 0.30947626611583445 -0.9416331135600616 0.1324821503380188 5.051860332489014 0.4257342529723533 0.012627082157510988 -0.904760135418366 4.595950603485107
0.8442373726484409 0.31804669771744276 0.4314041686106973 18.632915496826172 0.307277264496569 -0.9467026764754061 0.09661638100140155 5.04110860824585 0.4391400019893006 0.05099353317168773 -0.8969702995236268 4.603255748748779
0.8385914832080713 0.3004897030101078 0.454389989629816 18.687076568603516 0.3052222765507412 -0.9500614628108507 0.06498137255313659 5.029313087463379 0.4512246515739915 0.08419712148644905 -0.8884296024701822 4.611416339874268
0.8333650204295003 0.2845027348883988 0.47387860952522465 18.746179580688477 0.30332002729253077 -0.9521224916351402 0.038206307931427624 5.016422748565674 0.46206028153023204 0.11189707218472769 -0.879760957004054 4.620431900024414
0.8285896000650417 0.2708048023907411 0.49000411596859655 18.810152053833008 0.3015818396226376 -0.9532909688476423 0.016873728792092417 5.002386569976807 0.4716859852421735 0.13379494652502777 -0.8715567931067285 4.630300521850586
0.8243106135684339 0.26005893349675147 0.5028731087132863 18.878881454467773 0.3000244854917734 -0.9539302886148495 0.0015207131837002008 4.98752498626709 0.48010136478021914 0.14962070569183478 -0.8643589092295219 4.641774654388428
0.820592070948296 0.2528638761498824 0.5125314753605322 18.95232391357422 0.2986709984067107 -0.9543277585305464 -0.007359620153360405 4.971661567687988 0.48726203197820117 0.15911753340383344 -0.8586368980867026 4.65455961227417
0.817520655873215 0.2497438210171224 0.5189296687263079 19.030447006225586 0.2975531233470495 -0.9546597884602573 -0.009318105141703517 4.954594135284424 0.4930741485892802 0.16202688715390368 -0.8547661503780858 4.668281555175781
0.8152090922619913 0.2511293867306321 0.5218890370698325 19.113195419311523 0.29671177048957875 -0.954958892278227 -0.003954656961278058 4.936319351196289 0.4973894461549419 0.15807449249970243 -0.853004216680458 4.682936191558838
0.8137976513116587 0.2573295432762484 0.5210709058054052 19.200580596923828 0.2961980910626823 -0.9550834696450947 0.009069556853024768 4.91799783706665 0.5000000735704456 0.1469594235424346 -0.8534652038962247 4.6995015144348145
0.8190959545933654 0.2509135673345371 0.515872269943094 19.293821334838867 0.2812149071927456 -0.9594333265915507 0.02014616087611734 4.899606227874756 0.4999999931413592 0.12856933364114334 -0.8564285920645767 4.720282554626465
0.8251572644684144 0.24622558597139182 0.508417593822291 19.391796112060547 0.2642871619436657 -0.9637036215991295 0.037783935058228225 4.880177974700928 0.4992672480012743 0.10319055446002087 -0.8602813054713367 4.742414951324463
0.832925443694154 0.24316092680866166 0.4970995563470652 19.4946346282959 0.246067340015549 -0.9673388889976298 0.06087970113677615 4.8611016273498535 0.49566729711023766 0.0716117134719151 -0.8655551357764839 4.766900539398193
0.8418587782154555 0.2412023035119529 0.4827993851716341 19.602373123168945 0.22674109463686784 -0.9698648196117327 0.08916674089802747 4.843295574188232 0.4897573619094001 0.03440465753395562 -0.8711796863997207 4.794417858123779
0.8517675723919171 0.23991244780545162 0.46576176314675793 19.71507453918457 0.20665059065677133 -0.9707634339646398 0.12212243306775336 4.824892044067383 0.48144318045101414 -0.007769984889097907 -0.8764428625598109 4.823338031768799
0.8624480197011953 0.23885790295631756 0.4462401993420105 19.83264923095703 0.1861591039225736 -0.9695403238697645 0.15917395646668117 4.809772968292236 0.47066782484065267 -0.05420758789895417 -0.880643705521107 4.856562614440918
0.873685800881127 0.23762734358367835 0.424507204791707 19.955305099487305 0.16564086784619816 -0.9657561696436079 0.19969507679075385 4.794615745544434 0.4574234627102791 -0.10415501128928581 -0.8831282519461523 4.891421318054199
0.8852597532881855 0.2358473773561373 0.4008630486866714 20.08284568786621 0.1454692062633045 -0.9590548907558137 0.24300705040487633 4.783090114593506 0.44176224288327887 -0.156811131975972 -0.8833212267635987 4.930454730987549
0.8969474442526381 0.2331967542998074 0.37563886384757417 20.215452194213867 0.12600377203562946 -0.9491875553233245 0.2883852185049086 4.773370265960693 0.42380223180329546 -0.21133447093024377 -0.8807550225319071 4.972154140472412
0.9085313343886207 0.22941992358608193 0.3491952363589587 20.3531436920166 0.10757773212439709 -0.9360301682031414 0.33507395566437326 4.766226768493652 0.40372991712901857 -0.26685955646248694 -0.8750932128291481 5.016936302185059
0.9198050947184309 0.2243368831974007 0.32191854647922036 20.49585723876953 0.0904850322307173 -0.9195957492239986 0.38230369727660063 4.762876510620117 0.3817997468205344 -0.32251607843087204 -0.8661479853243019 5.065174579620361
0.9305806612983669 0.217849473370902 0.2942129157081902 20.643884658813477 0.07496922847513145 -0.9000404853186008 0.42930960805612206 4.762324333190918 0.35832840746909467 -0.3774503036685469 -0.8538922769654169 5.115804672241211
0.9406943121288255 0.20994551472214543 0.266490322481941 20.797603607177734 0.06121403847877219 -0.8776619584977355 0.4753549495892921 4.763824939727783 0.33368705791743686 -0.4308507484663017 -0.8384632251473122 5.167779445648193
0.95001201165008 0.20069826393788237 0.23915974697446044 20.9576416015625 0.04933660525744936 -0.852891914505785 0.519751172728188 4.765784740447998 0.30829057251599257 -0.48197052713104377 -0.8201593344434878 5.219229221343994
0.9584331773320595 0.1902629885735514 0.2126166497907309 21.124122619628906 0.03938401603812046 -0.8262833836565168 0.5618760265163898 4.7676825523376465 0.28258581682363804 -0.5301469278154862 -0.7994307293680417 5.269901752471924
0.9658932510019831 0.17886972201262474 0.18723207582021395 21.296735763549805 0.031332845671664625 -0.7984922210511276 0.6011891763022291 4.769525527954102 0.2570378969158743 -0.5748180542293043 -0.776862744686023 5.321043968200684
0.9723641170102044 0.16681348682344277 0.16334406804279888 21.475080490112305 0.02509264998332332 -0.7702549997102366 0.6372421787187332 4.771358489990234 0.2321171748660143 -0.6155326929052498 -0.7531541151032977 5.374281406402588
0.9778521525646291 0.1544424541385408 0.14125401263109805 21.658788681030273 0.02051239619039162 -0.7423670313421544 0.6696793504198599 4.773204803466797 0.20828924438686236 -0.6519499360655707 -0.7290931843988453 5.431024551391602
0.9823951919771959 0.14214301257783538 0.12122314447078693 21.847524642944336 0.017390176632335032 -0.715659521861408 0.6982327910702825 4.7750654220581055 0.18600341001386006 -0.6838324449339895 -0.7055323654651272 5.4923996925354
0.9860566761618393 0.13032693817031116 0.10347521724460286 22.04106330871582 0.015485409065886468 -0.690973674097214 0.722714040136664 4.776900291442871 0.16568775906121738 -0.7110346481654387 -0.6833573703455046 5.559001445770264
0.9889322395670187 0.11936611445883824 0.08811785439943248 22.23949432373047 0.014539389046745753 -0.6690236342873394 0.74309890521458 4.778609275817871 0.1476537561699919 -0.7335932847865767 -0.6633545513561602 5.630446434020996
0.9911695213764204 0.10941501359150022 0.07490884257021538 22.44319725036621 0.014328861524679354 -0.6499898771779691 0.7598077673290629 4.780142784118652 0.13182436657099494 -0.7520249426494712 -0.6458179480404795 5.70542573928833
0.9929040343913424 0.10052226620401392 0.0635362297166357 22.652441024780273 0.014686511902801985 -0.6338491896594127 0.773317212491895 4.78150749206543 0.1180079864141601 -0.766896654553477 -0.630827739067616 5.783042907714844
0.9942457869376845 0.0926869956456576 0.053706945499131284 22.867488861083984 0.015492698426902055 -0.6205028278371479 0.7840511570947115 4.7827253341674805 0.10599665774031687 -0.7787074941749854 -0.6183682940316374 5.862436771392822
0.9952829972929945 0.08586906586950674 0.04514707992962118 23.088590621948242 0.016667595984271706 -0.6097972158142565 0.7923821974459587 4.7838335037231445 0.09557168274953821 -0.7878920351874866 -0.6083520315939958 5.942816257476807
0.9960856393872396 0.07999791174691406 0.037599642586695875 23.31602668762207 0.01816394469226111 -0.6015338552607475 0.7986407778772373 4.78489875793457 0.08650705242771138 -0.7948316520441767 -0.6006323124749403 6.02325963973999
0.9967085555977795 0.07497997952999808 0.03082300874135704 23.544267654418945 0.019960430529910495 -0.595483005210578 0.8031198987190143 4.786009788513184 0.078572491441021 -0.7998612336993588 -0.5950196386790028 6.10052490234375
0.997194204304191 0.07070466927021525 0.02458797766228319 23.773725509643555 0.022055915743657076 -0.5913896869091455 0.8060842231418572 4.787280559539795 0.07153499481261014 -0.8032802051344801 -0.5912898244991769 6.173065662384033
0.9975749006508139 0.06704886623196003 0.018675307990171388 24.00505828857422 0.02446449362057075 -0.5889826288454139 0.8077753100152509 4.788805961608887 0.0651598507012415 -0.8053594926834564 -0.5891946040157172 6.238146781921387
0.9978745201243862 0.06388052161156799 0.012873268627652378 24.23952293395996 0.027211236819010453 -0.5879787456820402 0.8084185445775933 4.784119606018066 0.059211406648596296 -0.806349969668759 -0.5884672766924988 6.288177490234375
0.9981096384960486 0.06106137867521883 0.006975498230857257 24.12812042236328 0.030329041888824536 -0.5880885839357053 0.8082276700674154 4.734716892242432 0.05345370669460714 -0.8064882674154525 -0.5888288170273501 6.203081130981445
0.998290096099654 0.058448921429102366 0.0007794954252043039 23.907556533813477 0.033856044278507136 -0.5890190100697131 0.8074096692771934 4.700766086578369 0.04765136194438792 -0.8060026857028887 -0.5899906934389517 6.116945743560791
0.9984190345895272 0.05589672391517468 -0.00591503380104226 23.685401916503906 0.03783405127851926 -0.5904770209029728 0.8061671491380711 4.669726371765137 0.041569411027474384 -0.805116416452367 -0.5916582966761541 6.035130500793457
0.9984922691498926 0.05325525750456952 -0.013306614746826073 23.461891174316406 0.04230779537298598 -0.5921696769280252 0.8047018852827649 4.641182899475098 0.03497483235951251 -0.8040515849590003 -0.5935299569746616 5.957657337188721
0.9984971576196331 0.05037062369616973 -0.021592278572947588 23.238780975341797 0.047324892719949184 -0.5938101901319188 0.8032121840613096 4.612771987915039 0.02763658362674749 -0.8030269350177195 -0.5953015713749532 5.880389213562012
0.9984108022803135 0.047084274683232404 -0.030966771990872905 23.015310287475586 0.05293674266699056 -0.5951130580182173 0.8018965952365771 4.585412979125977 0.01932798918122657 -0.8022615030361109 -0.5966597938360274 5.805178165435791
0.9981977624632407 0.04323022140612367 -0.04162180883332092 22.791933059692383 0.05920012849388399 -0.5957971625572974 0.8009501144734179 4.558560848236084 0.009827095180551089 -0.8019706285431225 -0.5972826292087033 5.730806827545166
0.9978071442189095 0.038632357498908934 -0.053744245271292734 22.568939208984375 0.06617954900628234 -0.5955860796957374 0.8005607340895429 4.5318732261657715 -0.0010817758683992172 -0.8023619897694176 -0.5968367173140668 5.656495094299316
0.9971691269635732 0.03310171282915482 -0.06751302717610486 22.346126556396484 0.07395020268319481 -0.5942044280631147 0.8009072762769116 4.5055365562438965 -0.013605137037888005 -0.8036326115072503 -0.5949701891424624 5.582706928253174
0.9961909419763512 0.026431968401321167 -0.08309607795017725 22.123552322387695 0.08260164255939174 -0.5913786805807678 0.8021522454004856 4.479520320892334 -0.027938786136137993 -0.8059606734828827 -0.5913094088785139 5.509230613708496
0.9947594348964405 0.018458799241904987 -0.10056311160192608 21.901302337646484 0.09220786368534734 -0.5869175724761256 0.8043789361944507 4.453761577606201 -0.0441743880444177 -0.8094362456977564 -0.5855438391714342 5.435782432556152
0.9927736617890418 0.009251544216418266 -0.11964474659419488 21.679401397705078 0.1027204537211526 -0.5809689920482529 0.8074178216176291 4.4282426834106445 -0.06204002615487844 -0.813873110016573 -0.5777210364411646 5.362366676330566
0.9901527036376283 -0.0010551775544809724 -0.1399875354430655 21.457977294921875 0.11405343305016552 -0.5737622239615412 0.8110417527872272 4.402647495269775 -0.08117535271599632 -0.8190212432867873 -0.5679918706780924 5.288787841796875
0.9868387090190017 -0.012313384795679332 -0.1612381559575263 21.236967086791992 0.12611070779861 -0.5655237241323746 0.8150331323461542 4.377200603485107 -0.10121981900914293 -0.8246401021041383 -0.5565278521704308 5.215240478515625
0.9828018746351571 -0.024359760989834285 -0.18304938475214605 21.01639175415039 0.13878294592959645 -0.5564802447273608 0.819188031618675 4.351909160614014 -0.12181859108003079 -0.8305036660200211 -0.5435291083231711 5.141763687133789
0.978044158270514 -0.03701409280350576 -0.20508432755053546 20.796260833740234 0.15194506816443734 -0.5468579322417962 0.8233219893849136 4.3267436027526855 -0.14262650782174519 -0.8364068142226967 -0.5292270971789078 5.068370819091797
0.9726018085661249 -0.05007656305958829 -0.22701995464285157 20.576881408691406 0.16545555196836484 -0.5368826019565055 0.8272735533300073 4.3011651039123535 -0.16331008020556176 -0.8421694660509558 -0.5138875442688812 4.994440078735352
0.9665459410181074 -0.06333034648945521 -0.2485522301548446 20.358110427856445 0.17915648611092597 -0.526777986353272 0.8309078809218129 4.275423526763916 -0.18355352730418142 -0.8476403838345112 -0.49780908218620873 4.920337200164795
0.9599827068281321 -0.07653905383900397 -0.26939743099807517 20.13984489440918 0.19287450205126241 -0.5167668080077203 0.8341171935645433 4.2497239112854 -0.20305819128863084 -0.8526979766476184 -0.48132476725351236 4.846381664276123
0.9530510785831388 -0.08945168085307673 -0.28929576285192177 19.922088623046875 0.20642244927769707 -0.5070678743180468 0.8368225279405271 4.2240424156188965 -0.22154776921854263 -0.8572517527699416 -0.46479674947997496 4.772594928741455
0.9459199833868916 -0.10180416081800908 -0.30801184696287803 19.70498275756836 0.2196017786641724 -0.4978954129243791 0.8389727150488232 4.198127746582031 -0.23876859893393493 -0.8612410061237231 -0.4486128459307901 4.698698997497559
0.9387843099220392 -0.11332105061874076 -0.32533422649771304 19.488964080810547 0.232205290318789 -0.48946012002269196 0.8405411911711044 4.171211242675781 -0.25448914042089765 -0.8646312106291542 -0.43318373355170653 4.623697280883789
0.9318597787881464 -0.12371986392230255 -0.3410729364050359 19.273468017578125 0.24402010347615988 -0.4819654962762793 0.8415244794411176 4.144234657287598 -0.2684986811446025 -0.8674114684912846 -0.4189341267471562 4.54894495010376
0.9253771334419036 -0.13271237495615912 -0.355055751166406 19.058486938476562 0.2548308840471907 -0.47561071603719474 0.8419356669759951 4.1171746253967285 -0.2806036019700606 -0.8695871850045184 -0.4063000692066703 4.474470615386963
0.9195749747634727 -0.14000915480253084 -0.36712300712464147 18.84402084350586 0.2644229585874388 -0.4705903923060562 0.8417987774053237 4.090003967285156 -0.2906240952856873 -0.8711728411978379 -0.3957215131865624 4.400300025939941
0.9146923919221703 -0.1453223371976496 -0.3771196712863324 18.630720138549805 0.2725852194912186 -0.46709545848628925 0.8411415640523343 4.061660289764404 -0.29838754376585985 -0.8721830375402262 -0.3876359409968087 4.324983596801758
0.9109614024852271 -0.14836569903077096 -0.3848856226637455 18.418378829956055 0.27911395897732616 -0.46531473682537267 0.839986662749557 4.032444953918457 -0.3037181606130128 -0.8726223782623531 -0.3824728276225688 4.24901008605957
0.9085966342098671 -0.14886175952499603 -0.3902465026795541 18.206541061401367 0.28381569148862057 -0.4654376046683969 0.838341511214482 4.003052711486816 -0.30643238987962274 -0.8724723564169053 -0.3806457378206086 4.173421859741211
0.9077866113196039 -0.14654157096064663 -0.3930000461695338 17.995208740234375 0.28651093021445445 -0.46765559555056846 0.8361876169962641 3.973461866378784 -0.3063249176552863 -0.8716787320628103 -0.3825457265384794 4.098241329193115
0.9086816383777097 -0.1411511144886711 -0.39290462322783604 17.784570693969727 0.28703859640032703 -0.4721654064062109 0.8334678597101318 3.9433836936950684 -0.3031608883938228 -0.8701357318670829 -0.3885322172953028 4.023114204406738
0.9113316128958737 -0.13255254261331478 -0.38974929734811725 17.576032638549805 0.2853240662955365 -0.4790920530893022 0.8300969713589237 3.910706043243408 -0.2967572552258597 -0.8676984661237006 -0.39879130301122606 3.945035219192505
0.9155323260149023 -0.12101469899626763 -0.38360917956767593 17.368024826049805 0.281567178433736 -0.48826401251585116 0.8260255311494832 3.877814769744873 -0.28726378826891386 -0.8642648301931323 -0.41294771974261957 3.8673770427703857
0.9209941230919566 -0.10692239040482306 -0.37461637398837244 17.160552978515625 0.27604214490713036 -0.4994352121472222 0.82119742029705 3.844741106033325 -0.2749009993891407 -0.8597279053849407 -0.4304618092668314 3.790104627609253
0.9274077035990163 -0.09067205672220086 -0.36289603116452634 16.953622817993164 0.26902959317421626 -0.5123614082299903 0.8155420684140682 3.811514139175415 -0.2598807982551126 -0.8539697684850132 -0.4507744504870905 3.7131831645965576
0.9344571176335067 -0.07267086483613239 -0.34858118237800395 16.74998664855957 0.26081107648322255 -0.5267924321584899 0.808991542480022 3.774404764175415 -0.2424200439067308 -0.8468817383935676 -0.4733115712590886 3.6311557292938232
0.941831114948976 -0.05333132352648305 -0.3318281495667333 16.54716682434082 0.2516648513941442 -0.5424754815989432 0.8014893351983904 3.73685359954834 -0.222753122282791 -0.8383770761387194 -0.4974986680568701 3.548901081085205
0.9492353046307067 -0.03306354767648528 -0.3128244527809402 16.343320846557617 0.24186128897872028 -0.5591503865515213 0.7930031286904462 3.698976993560791 -0.20113541044828942 -0.8284066918092401 -0.5227684952533667 3.4662575721740723
0.9564008052102051 -0.012272476357595125 -0.29179939362055496 16.140012741088867 0.23165811543832923 -0.5765538393241991 0.7835305915611 3.658916473388672 -0.1778539213647903 -0.8169669862880494 -0.5485735374319374 3.380479097366333
0.9630940253426319 0.008651595804752749 -0.26902611070183713 15.940207481384277 0.22129572646048676 -0.5944190961854905 0.7731068099172002 3.613121271133423 -0.1532256499403783 -0.8041088781875597 -0.5743960412644684 3.2863948345184326
0.9691234161336276 0.029337521798643462 -0.24482465994299107 15.739395141601562 0.210992624819478 -0.6124797916241039 0.7618074672276985 3.5670597553253174 -0.12760061353016333 -0.7899416526977218 -0.5997585087015586 3.1917736530303955
0.9743454761436441 0.04944217508901577 -0.21955947813948512 15.541300773620605 0.20094187587856938 -0.6304732069749075 0.7497505570555965 3.5168328285217285 -0.10135706998930834 -0.7746347569075653 -0.6242337204556798 3.0912721157073975
0.9786681645849283 0.0686538279960091 -0.19363696839566105 15.348085403442383 0.19130768383179447 -0.6481429136377922 0.73709709917217 3.460176944732666 -0.0748998914210294 -0.7584177050956867 -0.6474508404987286 2.9817652702331543
0.9820528106643805 0.08670001120589127 -0.16749741825798056 15.15639877319336 0.18222319783530516 -0.6652437831911407 0.7240479370153705 3.4010374546051025 -0.048651651943852764 -0.7415752267858178 -0.6691032803541598 2.8687524795532227
0.9845129328206804 0.10334560878118786 -0.1416120413470127 14.97655963897705 0.1737897341224824 -0.6815434313229632 0.7108415291287912 3.3302526473999023 -0.02305240600152697 -0.7244433976275627 -0.6889487282892494 2.740692138671875
0.9861116763714424 0.11839900877845465 -0.11647075360013251 14.806559562683105 0.16607724640624127 -0.6968269449688655 0.6977467713945209 3.2513647079467773 0.001452566702076434 -0.7073993804673826 -0.7068125681991932 2.6029863357543945
0.986956293139994 0.13170666942205114 -0.09257768986701381 14.652812004089355 0.15912648091822088 -0.7108951777072992 0.6850597122755729 3.160322904586792 0.024413899769302368 -0.6908555562071267 -0.7225804882196836 2.4514715671539307
0.987190820853858 0.1431509458851368 -0.07044210327692377 14.529502868652344 0.15295255288026446 -0.7235648921986297 0.6730968454427604 3.0510571002960205 0.045385017233620796 -0.6752493268932418 -0.7361919224909548 2.282402276992798
0.9869865494878596 0.152643597954055 -0.050571564477374834 14.444525718688965 0.1475505702985593 -0.7346703169699529 0.662184532111585 2.923088312149048 0.06392480218677543 -0.6610290896525731 -0.7476323710878707 2.101099729537964
0.9865306961147638 0.16011601699394443 -0.03346709914698937 14.384679794311523 0.1429023820402047 -0.7440544201038685 0.6526575894993726 2.7814695835113525 0.07959959064313649 -0.6486492742814803 -0.756913485243561 1.917734980583191
0.9860132705366575 0.16550811898724263 -0.019618686880339013 14.317902565002441 0.13898551622670766 -0.7515672439481973 0.6448485900607261 2.633230447769165 0.09198291474398726 -0.638555980610483 -0.7640585075907371 1.7407171726226807
0.9856026608320915 0.1688177347908151 -0.00937909274927113 14.229313850402832 0.13576317270542962 -0.7571193552356846 0.6390138049091404 2.4832043647766113 0.10077577038979707 -0.6310870418156272 -0.7691380823719131 1.5732378959655762
0.9853945744192627 0.17026685195841484 -0.002594576892515889 14.121700286865234 0.13314026331491197 -0.7608516983954896 0.6351207470498301 2.3327667713165283 0.10616592197836286 -0.626189980894672 -0.7724085090401414 1.4156914949417114
0.985426300910445 0.17009980320506018 0.001030739325484177 14.001166343688965 0.13103440689535106 -0.7629476848939704 0.6330409262634721 2.1825554370880127 0.10846653716027294 -0.6236801159765565 -0.7741176417392438 1.2654565572738647
0.9856955807892696 0.16852583277036448 0.0018071252198461063 13.87069320678711 0.12938995148712673 -0.7635762830635899 0.6326211349591093 2.0327818393707275 0.10799288155551758 -0.623338033198559 -0.7744593171377621 1.1210724115371704
0.9861713711118479 0.16572876581464133 5.4597928171737364e-05 13.733036041259766 0.12817123341080675 -0.7628935063999117 0.6336920646645345 1.8834148645401 0.10506265618825028 -0.6249219743891263 -0.7735853955448394 0.9807391166687012
0.9868035916602046 0.1618748148086972 -0.00390074571979699 13.5875244140625 0.12735630286299832 -0.7610480114777541 0.6360709837328102 1.7329217195510864 0.09999521792360264 -0.6281739158516586 -0.7716206890927725 0.8481543064117432
0.9875316044052167 0.15711991192055605 -0.009729521002381392 13.39523696899414 0.12693104506815386 -0.758183573360304 0.6395671809001048 1.587274193763733 0.09311197612963314 -0.6328277825480465 -0.7686736352552737 0.798386812210083
0.988291515633491 0.15161601923666282 -0.017101544891762667 13.180567741394043 0.12688427706935382 -0.754442079504599 0.6439856589283365 1.4604259729385376 0.08473641696133097 -0.6386154800688785 -0.7648463952042601 0.8264397978782654
0.9890222709065083 0.14551677105502075 -0.02568690313473553 12.963272094726562 0.1272033879800552 -0.7499677507769206 0.6491283932173987 1.3416625261306763 0.0751947188127475 -0.6452698986752187 -0.760245034266153 0.8769219517707825
0.9896706769551653 0.13898129757985234 -0.03515892629369361 12.744352340698242 0.12787096089673722 -0.7449064589481642 0.6548002632686184 1.226117491722107 0.06481487895884673 -0.6525324255087462 -0.7549837515637157 0.9346319437026978
