0.9999999999999998 -0.0 0.0 -15.484026908874512 0.0 -0.7918600915650413 0.6107025424759618 35.044708251953125 -0.0 -0.6107025424759618 -0.7918600915650413 -0.12983062863349915
0.999603499095671 -0.02679740434001203 -0.008645444831176616 -15.371371269226074 -0.015426526793367465 -0.7780537515202299 0.6280082658822176 35.00334548950195 -0.02355561221417371 -0.6276258908505404 -0.7781586433801795 -0.058294981718063354
0.9983571317365676 -0.05473925975588479 -0.016930769389239764 -15.265780448913574 -0.030879413050301195 -0.762921811281903 0.6457528720183981 34.96404266357422 -0.04826488744835872 -0.6441691728977091 -0.7633587474627372 0.007758178748190403
0.9961897526522002 -0.0836297557019616 -0.024739455773701055 -15.153260231018066 -0.04618380978278566 -0.7464981916935408 0.66378272462623 34.92091369628906 -0.07397994609822421 -0.6601109859406251 -0.7475161896680232 0.07572509348392487
0.9930509690126317 -0.1132599190701505 -0.03196816659266704 -15.033517837524414 -0.061172952677764805 -0.7288403977261091 0.681945411673934 34.87296676635742 -0.10053677339042416 -0.67525096473435 -0.7307041068870301 0.1442611664533615
0.9889123088142734 -0.14341508411127885 -0.03852997696571028 -14.906298637390137 -0.07569358446191682 -0.7100289495206057 0.7000924025541 34.81901168823242 -0.12776120986797992 -0.689413522127337 -0.7130119695776852 0.21166075766086578
0.9837683853530419 -0.1738748117227896 -0.04435441159832152 -14.771489143371582 -0.08960728453405678 -0.6901679614275027 0.7180798838412322 34.757781982421875 -0.15546799843794684 -0.7024498095005575 -0.6945458707632843 0.2759338319301605
0.9776373611815106 -0.20441561688302706 -0.04939074403553945 -14.629206657409668 -0.10279172900427191 -0.6693870762961591 0.735768171733456 34.68809509277344 -0.1834640304538331 -0.7142374938786199 -0.6754300495740648 0.3349407911300659
0.9705609761400351 -0.23481462945793566 -0.05360486346064558 -14.47984504699707 -0.11514447357541976 -0.6478334848536897 0.753029565227929 34.60898208618164 -0.21154938383068278 -0.7246888061056668 -0.655799506332539 0.386574387550354
0.9626039632222403 -0.26485143887554474 -0.056985307881855074 -14.32407283782959 -0.1265810790825485 -0.6256772643893624 0.7697435879853379 34.51982498168945 -0.23952210838904586 -0.7337449666960568 -0.6358045953286817 0.4289666712284088
0.9538533021818718 -0.29431088494840646 -0.05953974233757642 -14.162567138671875 -0.13703771279215132 -0.6031049010130116 0.7858022293470425 34.420867919921875 -0.26717885992240287 -0.7413808612143774 -0.6156052919164956 0.46172788739204407
0.9444162528451694 -0.32298750307404167 -0.061294487679439305 -13.995695114135742 -0.14647307166411985 -0.5803171636728008 0.8011102476089251 34.313232421875 -0.2943188418011437 -0.747603546276201 -0.5953699328619826 0.4862835705280304
0.9344193076209647 -0.35068477933799513 -0.06229561048596627 -13.823587417602539 -0.15486536776349602 -0.5575279621017885 0.8155852434553389 34.19776916503906 -0.32074487589458806 -0.7524511658674528 -0.5752738196477195 0.5039443969726562
0.9240053642674837 -0.3772194214589967 -0.06260666800792597 -13.646210670471191 -0.1622136913534943 -0.5349597523418106 0.8291590810645819 34.07516098022461 -0.3462669564691209 -0.7559917800138627 -0.555495835636131 0.5159206986427307
0.9133322861627543 -0.40242010420439317 -0.06230726109244797 -13.463424682617188 -0.16853556232724148 -0.5128417067902317 0.8417773743737254 33.94597244262695 -0.3707019008364506 -0.7583214644915492 -0.5362169870562056 0.523368239402771
0.9025691042233683 -0.4261313864795926 -0.061490272063203705 -13.275004386901855 -0.17386763414555165 -0.4914055308835854 0.8533994668463595 33.810691833496094 -0.39387695781557885 -0.7595608242096231 -0.5176179058223769 0.527441680431366
0.8918941243467085 -0.44821129223136313 -0.0602619985738094 -13.07450008392334 -0.1782613022948242 -0.4708858297177001 0.8639962057064988 33.6793098449707 -0.41562937704157954 -0.7598507569828202 -0.49987903341975004 0.5253808498382568
0.881491941223631 -0.46853163592589137 -0.05873724282262088 -12.843023300170898 -0.18178124715809668 -0.4515141328271636 0.8735505515074569 33.60264587402344 -0.43580676421946746 -0.7593504421503572 -0.4831763345473524 0.5003930330276489
0.8715506585889832 -0.48697632745823016 -0.057039512694308264 -12.591448783874512 -0.18450142387624072 -0.4335205873162107 0.8820539240662372 33.61054992675781 -0.4542671836053638 -0.7582308071216192 -0.4676829791973922 0.4470577836036682
0.8622592083895391 -0.5034397799090564 -0.05529417286266494 -12.331612586975098 -0.18650412554973378 -0.4171290478724989 0.8895052380812108 33.61345291137695 -0.4708771269666584 -0.7566714910885063 -0.45356695853371204 0.3932427763938904
0.853804593209263 -0.5178238505119361 -0.05362999585826117 -12.063722610473633 -0.18787310032784243 -0.4025585776719429 0.8959075229709521 33.596885681152344 -0.485511498100683 -0.7548543246108712 -0.44099153487147125 0.34291258454322815
0.8463420574282902 -0.5300793644027705 -0.052163102499792474 -11.824091911315918 -0.18869770587187104 -0.3899729537484523 0.9012847891445859 33.46913146972656 -0.4980946673341744 -0.7529521650005813 -0.43007527200967466 0.33038055896759033
0.8399069568111094 -0.5403317727726515 -0.05096939505884243 -11.620622634887695 -0.18907406493818074 -0.37933969369186105 0.9057330703675985 33.26657485961914 -0.5087310702798221 -0.7510945161044169 -0.4207727724197682 0.35401642322540283
0.8344901168115928 -0.548740826955321 -0.050097402888419934 -11.368067741394043 -0.18908471124916715 -0.3705677376393299 0.9093550042709877 33.11319351196289 -0.5175646982895891 -0.749375110777813 -0.41299361548472796 0.3712414503097534
0.8300667736484757 -0.5554555609864719 -0.049580954549239775 -11.082176208496094 -0.18879233945392257 -0.36355747545078304 0.9122408753215171 33.056243896484375 -0.5247347938228653 -0.7478603357666836 -0.4066427355045434 0.39543548226356506
0.8265984158105137 -0.5606165412648537 -0.04943837213928065 -10.808541297912598 -0.1882447708369294 -0.3581998744651918 0.9144707519574768 33.143367767333984 -0.5303762487443242 -0.7465935598391897 -0.40162058111424664 0.43060821294784546
0.8240359731504364 -0.5643552102357072 -0.049678080013461606 -10.580374717712402 -0.18747561776175112 -0.35438225424700376 0.916114682023851 33.318382263183594 -0.5346191239554221 -0.7455980247791854 -0.3978265674216773 0.4708807170391083
0.8223215280309606 -0.5667957828413155 -0.05029756544929534 -10.378571510314941 -0.18650846284796224 -0.35198675458239687 0.9172349305846577 33.51993942260742 -0.5375889673560239 -0.744881108064805 -0.39515849608129655 0.5141308307647705
0.8213901885097207 -0.5680561430597639 -0.05128719676518148 -10.185808181762695 -0.18535714686725704 -0.3508921096323824 0.9178874961033983 33.72567367553711 -0.5394079034693462 -0.7444373349918723 -0.39351260201549254 0.5628021359443665
0.8211719970975176 -0.568248550712248 -0.05263207953619162 -9.977888107299805 -0.18402775799570906 -0.3509752435354464 0.918123174041646 33.90739440917969 -0.5401947199574862 -0.7442512768135932 -0.3927845484376761 0.6250216364860535
0.8215921793963058 -0.5674825843229259 -0.0543121279734233 -9.730603218078613 -0.18252234091466293 -0.35211098784611916 0.9179888056534575 34.02265930175781 -0.5400665568444871 -0.7442992467604701 -0.3928698836128023 0.6897750496864319
0.8225735229393488 -0.5658645648487003 -0.056303584324085165 -9.474250793457031 -0.18083884193909996 -0.35417205333744317 0.9175290022014914 34.11282730102539 -0.5391383056371282 -0.7445531887537183 -0.39366284624205516 0.7208672761917114
0.8240367586488707 -0.56349937162655 -0.05858223768298515 -9.227407455444336 -0.17897247998674087 -0.35703197240821216 0.9167862466713258 34.21184539794922 -0.5375242057831984 -0.7449809587196069 -0.3950583492882499 0.730692446231842
0.8259023252259596 -0.5604903391467597 -0.061122245618951965 -8.989152908325195 -0.17691742395370125 -0.3605635987277187 0.9158024439660025 34.31222152709961 -0.535336879252625 -0.7455497776779677 -0.39695082153384376 0.7358450293540955
0.8280889246920493 -0.5569433342774261 -0.06389722377622642 -8.758238792419434 -0.17466917838964324 -0.3646390123057955 0.9146196306800665 34.410396575927734 -0.5326907272733898 -0.7462255108937226 -0.39923436220890346 0.742565929889679
0.8305171160989067 -0.5529630047060636 -0.0668822494627471 -8.534046173095703 -0.17222221484544833 -0.3691309730745876 0.9132808075453771 34.50455856323242 -0.5296988093062731 -0.746976733334747 -0.40180210461876215 0.7535915970802307
0.8331081875590665 -0.5486559670795264 -0.07005267739406867 -8.31623363494873 -0.1695744822331779 -0.3739137082846707 0.9118294981695625 34.59271240234375 -0.5264743515095462 -0.7477734740847901 -0.40454862335418557 0.7733996510505676
0.8357844903565151 -0.5441312095559908 -0.07338605089957406 -8.105423927307129 -0.166725062114874 -0.37886151464506457 0.9103113238797149 34.67477035522461 -0.5231319521328169 -0.7485887919999752 -0.4073668876451867 0.8035317659378052
0.8384703351210746 -0.5394994267065181 -0.07686264180531094 -7.903850078582764 -0.16367515050359926 -0.38385113659886605 0.9087732115546667 34.753108978271484 -0.519786439058944 -0.7493988747757079 -0.41015044100345144 0.8469906449317932
0.8410923964480629 -0.5348731351782829 -0.08046309652137987 -7.71347188949585 -0.16042911049228756 -0.3887594810225773 0.9072643310643871 34.83039093017578 -0.5165521088369576 -0.750184507424414 -0.41279186483805785 0.9030160307884216
0.8435780539213031 -0.5303687643814117 -0.08417268387595395 -7.536901473999023 -0.15699314330615574 -0.3934668565823942 0.9058349660539838 34.90913009643555 -0.5135457330143047 -0.7509279636154881 -0.4151842645899484 0.9720892310142517
0.8458718170578845 -0.5260820165896832 -0.08796920443044146 -7.375748634338379 -0.15338710234498942 -0.39787748989761984 0.904525234510888 34.99075698852539 -0.5108554256748188 -0.7516190623272546 -0.41724755146663006 1.0523409843444824
0.8479734621671047 -0.5220267174268847 -0.0918102050582919 -7.230142116546631 -0.14966961132104767 -0.40199203797676303 0.9033279630623063 35.07533264160156 -0.5084683027557773 -0.7522569426039221 -0.41901011610325006 1.140464186668396
0.8498974246494644 -0.5181953143052864 -0.09564509295438547 -7.0986008644104 -0.1459104473738571 -0.40583573707169607 0.9022236396052997 35.16048049926758 -0.5063442592953618 -0.7528419294563223 -0.4205288579052726 1.2340221405029297
0.8516591363262458 -0.5145791807590272 -0.09942324799261931 -6.978261470794678 -0.1421779966323086 -0.40943495465061425 0.9011927846936374 35.24285888671875 -0.5044423978866732 -0.7533732704573597 -0.42186085688853076 1.3306268453598022
0.8532737487147374 -0.5111708641065927 -0.10309344034815329 -6.86631441116333 -0.13853997966182877 -0.4128149710274934 0.9002169037131383 35.32027816772461 -0.5027231681448538 -0.7538488889585823 -0.42306177897124175 1.428005337715149
0.8547572889036897 -0.5079623341056188 -0.1066032091261147 -6.761100769042969 -0.1350643279720235 -0.4160015259229136 0.89927768666818 35.3913459777832 -0.5011462903938131 -0.7542658666277955 -0.42418792776874337 1.5250318050384521
0.8561260863472082 -0.5049455728293903 -0.10990037650441045 -6.661340236663818 -0.13181804586089235 -0.4190207263459041 0.898357186022334 35.455013275146484 -0.49967201949001316 -0.7546201689410041 -0.42529551322136255 1.6208018064498901
0.8573973436817396 -0.5021115866913224 -0.11293250000694963 -6.566094398498535 -0.12886729443784897 -0.42189897208441807 0.8974377291926056 35.510494232177734 -0.49825998782941194 -0.7549074193995143 -0.42644081965004277 1.7145415544509888
0.8585881653213173 -0.4994520787796539 -0.1156459397162578 -6.474728107452393 -0.12627870573587915 -0.42466182374073325 0.8965021048134049 35.557273864746094 -0.4968702555475073 -0.7551224777874622 -0.4276797782129499 1.8055506944656372
0.8597159052240948 -0.4969583445205607 -0.1179871438594012 -6.3866190910339355 -0.12411852042103938 -0.42733564218322223 0.895532713979978 35.59406280517578 -0.495462566894016 -0.7552593281325539 -0.42906898288684997 1.8933005332946777
0.8607975679683898 -0.4946219125944591 -0.11990292140354311 -6.301615238189697 -0.12245168815579519 -0.42994604502343436 0.8945121477299806 35.6237678527832 -0.4939970961933895 -0.755311566143473 -0.4306637981098399 1.9758434295654297
0.8618500991814187 -0.49243400030920875 -0.12133903691907622 -6.219788551330566 -0.12134373552797312 -0.4325190432394651 0.8934220587624502 35.648826599121094 -0.49243284251671926 -0.7552721579501576 -0.4325203614122878 2.0521180629730225
0.8628897488249101 -0.4903860917298225 -0.12224059232036416 -6.141329765319824 -0.12085980864867577 -0.43507976709476764 0.8922435222057755 35.67068862915039 -0.4907282221620118 -0.7551338141698548 -0.43469384015764273 2.121706008911133
0.8639315030951902 -0.4884699613447916 -0.12255388538721906 -6.06639289855957 -0.12106340494140103 -0.4376535968596957 0.890956217296768 35.69019317626953 -0.4888414977717012 -0.7548883533474267 -0.4372385665020084 2.1844232082366943
0.8649896597374584 -0.48667664174621134 -0.12222411761148366 -5.994103908538818 -0.12201837011453748 -0.44026675621318767 0.8895373520702261 35.708656311035156 -0.4867282670051819 -0.7545270238713437 -0.44020968224924917 2.238471269607544
0.8660760264214336 -0.48499898045229795 -0.1211953192920085 -5.92645263671875 -0.12378815912068994 -0.44294298620134215 0.8879628385448056 35.72622299194336 -0.48434368801458655 -0.7540407813475801 -0.44365943238610367 2.2860922813415527
0.8672002977211557 -0.48342975911573927 -0.11941235963516059 -5.862814426422119 -0.12643424262192035 -0.44570633572788604 0.8862055317953292 35.74340057373047 -0.4816409720164596 -0.7534198897648767 -0.4476387424941241 2.3261313438415527
0.8683699064311452 -0.48196150239002644 -0.11681958662276115 -5.804243564605713 -0.13001758564150068 -0.4485818973779468 0.8842339672104642 35.76008605957031 -0.47856988311919435 -0.7526535667614616 -0.4521984911656947 2.359658718109131
0.8695883943144705 -0.4805886694105933 -0.1133602898185081 -5.75081205368042 -0.13459834146219693 -0.45159287643589685 0.8820131293965972 35.77621078491211 -0.47507821561213115 -0.7517302739590233 -0.4573863621319346 2.3868582248687744
0.870855786737823 -0.4793060072043607 -0.1089768331484304 -5.703702449798584 -0.14023514897678904 -0.45476179535520256 0.8795031622892385 35.79060363769531 -0.4711096493351683 -0.7506380359022092 -0.4632474903981332 2.4102871417999268
0.872169858657961 -0.4780997036558026 -0.10363595424748179 -5.661965370178223 -0.14695710359844133 -0.45811592981269456 0.8766603701284823 35.80506896972656 -0.46660834470732454 -0.7493667114411235 -0.4698150534342279 2.426379442214966
0.8735350838428178 -0.4769183945953106 -0.0973925161003284 -5.626916885375977 -0.1546865812502626 -0.4616959947135748 0.8734465467597594 35.817081451416016 -0.4615284594440813 -0.7479208871010852 -0.47708052544732804 2.4401156902313232
0.8749563044881014 -0.4757026026538408 -0.09032441012753459 -5.598551273345947 -0.1633178548377416 -0.4655477247178429 0.8698233121164539 35.826637268066406 -0.45582753704413626 -0.7463058018254994 -0.4850246453881236 2.4514825344085693
0.8764382930165977 -0.4743924244080598 -0.08250906737077701 -5.576837062835693 -0.1727422276028578 -0.4697171631836495 0.8657516441875852 35.83386993408203 -0.4494619464837425 -0.7445250931130178 -0.493625712851445 2.4601948261260986
0.8779863365294892 -0.47292801471497437 -0.07402084682897922 -5.561626434326172 -0.18284976490340654 -0.47424941338477133 0.8611930430391138 35.8394660949707 -0.44238665931772303 -0.7425810304619646 -0.5028592813658225 2.4648656845092773
0.8796058938671295 -0.4712503003802822 -0.06493555163161221 -5.553177356719971 -0.1935274044872995 -0.4791927187087378 0.8561083354628299 35.842132568359375 -0.4345579537721259 -0.7404711288956659 -0.5127005871708755 2.4680187702178955
0.8813031782127653 -0.46930147222820906 -0.05532482477617523 -5.551484107971191 -0.2046607893616275 -0.4845921832694159 0.8504612731994659 35.84187316894531 -0.425932705212871 -0.7381914007075783 -0.5231202410071981 2.4696402549743652
0.8830861004376059 -0.4670229673956824 -0.045260215850498386 -5.541497707366943 -0.2161321280487083 -0.4904955480221139 0.8442162167333808 35.845008850097656 -0.4164682970395695 -0.735733419993558 -0.5340884685757065 2.4732165336608887
0.8849640180426581 -0.4643563969475969 -0.03481125369244775 -5.523212909698486 -0.22782102767164292 -0.49695073352696406 0.8373395654079945 35.85153579711914 -0.40612346167197805 -0.7330846506788 -0.5455736694697713 2.4787330627441406
0.8869479280484028 -0.4612431545783423 -0.02404423600916991 -5.49662446975708 -0.2396043693815203 -0.5040042845235525 0.8298008359571505 35.861446380615234 -0.3948583532153388 -0.7302290281387895 -0.5575414310699695 2.4861743450164795
0.8890497309698056 -0.4576253587534911 -0.013023320938027966 -5.461732864379883 -0.2513565910544854 -0.5117026380011722 0.82157183154981 35.87473678588867 -0.38263617183426935 -0.7271447182565378 -0.5699562428078455 2.4955244064331055
0.8912830221171518 -0.4534438221425919 -0.0018095984178128077 -5.418553352355957 -0.2629482132852741 -0.5200904652111532 0.8126279253917674 35.8922004699707 -0.3694222673524137 -0.7238056425292383 -0.5827800444653525 2.5049164295196533
0.8936625531292555 -0.4486382137947822 0.009539091022094215 -5.367105484008789 -0.27424731358650734 -0.5292130136079631 0.8029458245850472 35.91450500488281 -0.355183969408931 -0.7201786857100152 -0.595975677795588 2.512817859649658
0.8962035964868275 -0.4431471965015581 0.020968449558458085 -5.3073554039001465 -0.2851171623632638 -0.5391106561555791 0.7925073527390278 35.940547943115234 -0.33989309697314596 -0.7162264046042361 -0.6095017801267631 2.521725654602051
0.8989210874723965 -0.4369087781204839 0.03242835331480787 -5.2397027015686035 -0.295418837550559 -0.5498220506262326 0.7812959894082658 35.971927642822266 -0.3235252523648203 -0.7119033868766396 -0.6233177190132244 2.527374267578125
0.9018297237855072 -0.42985842254643236 0.043873521204121496 -5.163916110992432 -0.30500917766494784 -0.561381352896139 0.7692986274267315 36.007728576660156 -0.3060597177629032 -0.7071581953045538 -0.6373811543938984 2.5321950912475586
0.9049425349814609 -0.4219301892823279 0.055262317663180544 -5.080522537231445 -0.3137408451457128 -0.5738182293577726 0.7565046739736407 36.04888153076172 -0.287481635010971 -0.7019313036393873 -0.6516492572715241 2.5331411361694336
0.9082705052792743 -0.4130551169899974 0.06655944386870369 -4.989241123199463 -0.32146286099945565 -0.5871560794169841 0.7429060286481196 36.094696044921875 -0.2677803544657006 -0.6961560232678129 -0.6660784285879313 2.532179832458496
0.9118214495859415 -0.40316138766010134 0.07773377370856223 -4.890558242797852 -0.32801894589652014 -0.6014115007234414 0.7284969306253211 36.145790100097656 -0.24695184795406622 -0.6897572778141305 -0.6806244797937496 2.5269148349761963
0.9155978916062646 -0.3921760215996317 0.08876074001746513 -4.784337043762207 -0.3332503717225147 -0.6165922956561685 0.7132728304683013 36.20173645019531 -0.22499931251665778 -0.6826506493219949 -0.6952434108621888 2.518221616744995
0.9203328930024753 -0.37863669169168607 0.09808986574804343 -4.670536994934082 -0.3349737836436913 -0.6335203518943046 0.6974557534404214 36.262245178222656 -0.20194041281804784 -0.674749004771768 -0.7098829834771255 2.5059337615966797
0.9247146682417191 -0.3648887138422488 0.10843896370381215 -4.548925876617432 -0.33656859141144996 -0.6506453440545079 0.680721837122553 36.32712936401367 -0.17783240878399995 -0.6659706170475845 -0.7244713739102049 2.490661144256592
0.9286656172743819 -0.3510419886848146 0.1197902060796381 -4.425240516662598 -0.33800662070385534 -0.6679215086275925 0.6630477981812484 36.391868591308594 -0.15274716250311093 -0.6562395755308055 -0.7389302564209945 2.4745631217956543
0.9321595246108428 -0.33711565233607615 0.13202900297779166 -4.2991485595703125 -0.33913158667918947 -0.685347843716733 0.6444285065306162 36.4563102722168 -0.12676114386413231 -0.6454853755607844 -0.7531800862631793 2.4595823287963867
0.9362889227977274 -0.320808240691613 0.1429864530318296 -4.171722412109375 -0.3367077020642549 -0.7039743997055588 0.6253382827956462 36.52275466918945 -0.09995487190167635 -0.633641947209582 -0.7671420379040437 2.448801279067993
0.9402501521944784 -0.3035977293915407 0.15413653040911912 -4.045436859130859 -0.33269462910114855 -0.7229253243851601 0.6055520284251886 36.59537124633789 -0.07241501961271342 -0.6206507827038584 -0.7807359802542588 2.445859670639038
0.9439592427922059 -0.2855474816137674 0.16554027815368813 -3.92205548286438 -0.32708476528726393 -0.7420706622094495 0.5851039981105962 36.67568588256836 -0.044232389310783445 -0.6064600300366582 -0.7938826913995514 2.450812578201294
0.9473321106212308 -0.26672608001845644 0.17725425361302835 -3.8021678924560547 -0.3198774065427462 -0.7612791725248403 0.5640323273212103 36.76329040527344 -0.01550216015303893 -0.5910255660442129 -0.806503852013558 2.4618444442749023
0.9502855568178833 -0.24720685636575215 0.18933074412014594 -3.683673620223999 -0.31107923784196934 -0.7804189934779079 0.542379850660576 36.855220794677734 0.01367729092274049 -0.5743126019727337 -0.8185218182359729 2.475191593170166
0.9527385166946859 -0.2270674707521133 0.20181596203632576 -3.5655269622802734 -0.30070366542260074 -0.7993596016609076 0.5201937454775171 36.95032501220703 0.04320444893552183 -0.5562954169852142 -0.8298607019454677 2.48884654045105
0.9546123994892795 -0.20639115818585696 0.2147506846648472 -3.447192907333374 -0.28877299133319195 -0.8179714967492422 0.49752667263402534 37.04813003540039 0.07297483276993742 -0.5369593283746031 -0.8404459253596834 2.50148606300354
0.9558323988606094 -0.18526530999445295 0.22816921396418088 -3.3283848762512207 -0.27531734523826373 -0.8361287299127276 0.47443556614727317 37.14841842651367 0.1028823828423876 -0.5162998275490591 -0.8502056829811737 2.511850595474243
0.9563277373325562 -0.1637831894226421 0.24209982583831063 -3.2089695930480957 -0.2603768653553886 -0.8537098352611013 0.4509804931104726 37.25111389160156 0.13281997890413644 -0.4943223483123236 -0.8590717485535738 2.518308162689209
0.9560332933342962 -0.14203999657536892 0.2565637959830827 -3.088995933532715 -0.2439987791176677 -0.8705980111547728 0.42722792366890283 37.356197357177734 0.16268047770235777 -0.471045371855221 -0.8669782695248535 2.5182342529296875
0.954889552324866 -0.12013597847518001 0.27157556874032013 -2.96946120262146 -0.2262401151724918 -0.8866838754128289 0.40324572579213414 37.46345901489258 0.19235735792413794 -0.4464964185284116 -0.873864746453218 2.50333833694458
0.9528433452878254 -0.09817466714041242 0.287143333672532 -2.855677366256714 -0.2071674278638325 -0.901864800705828 0.3791062358760679 37.57130813598633 0.2217458368785975 -0.4207155998768127 -0.8796744669747464 2.458606004714966
0.9498489447858992 -0.07626063646565387 0.30326769926084607 -2.7633988857269287 -0.18685432336048283 -0.9160471409496155 0.3548846254764089 37.67795944213867 0.2507437814395598 -0.3937536677719819 -0.8843560398309619 2.3726518154144287
0.9458680286973091 -0.054501101149763524 0.3199426546456877 -2.692150592803955 -0.16538350227020643 -0.9291468734085622 0.33065750378894165 37.78901290893555 0.27925251917414673 -0.36567159803375016 -0.8878639045069556 2.269681930541992
0.9408704355031235 -0.0330038858699325 0.33715510839025853 -2.626347064971924 -0.1428449887809092 -0.9410905088581533 0.3065027949583558 37.910831451416016 0.3071776892554934 -0.3365403358508255 -0.8901586766240438 2.1728427410125732
0.9348343092632853 -0.011875469203913414 0.3548855977007558 -2.5589094161987305 -0.11933478627906155 -0.9518157687334853 0.2824994711039554 38.04270935058594 0.3344308942187705 -0.3064403948918463 -0.8912071932892834 2.088097095489502
0.927759868279802 0.008765424315574713 0.3730747835836834 -2.4883766174316406 -0.09496717756460714 -0.9612649598510333 0.25874874327811465 38.185237884521484 0.3608917593889568 -0.27548655919873705 -0.8909906249259775 2.0074524879455566
0.9197186001110531 0.028759353190115695 0.39152342996792755 -2.4154582023620605 -0.06991152298165204 -0.9693728728575763 0.2354328191273145 38.337764739990234 0.38630308769688915 -0.24390394210003052 -0.8895396514287119 1.9299769401550293
0.9108266264555452 0.04795730734900506 0.40999384533361444 -2.3410375118255615 -0.0443691633968114 -0.9761000723509846 0.2127440389197071 38.50051498413086 0.4103976533547405 -0.21196401918305818 -0.886930110376622 1.856115698814392
0.9012314512648693 0.06623594656698023 0.42824603983387105 -2.265984296798706 -0.018561826600245347 -0.9814416730889338 0.190860422606826 38.67348861694336 0.43294033058180176 -0.17995844438861414 -0.8832766432148821 1.7858980894088745
0.8911091447213402 0.0834993842311848 0.4460407436849403 -2.195383310317993 0.007273777934703372 -0.985427303820559 0.16994152241138888 38.851036071777344 0.4537307399202287 -0.148192043369261 -0.8787306378711766 1.7249755859375
0.880661170394567 0.09967808770237756 0.4631416433352422 -2.1335012912750244 0.032888588249076714 -0.9881195085095065 0.1501272049493829 39.03494644165039 0.4726036856841621 -0.11697912521013502 -0.873476754437585 1.6775773763656616
0.870110307052532 0.1147305754825116 0.4793171691170683 -2.0904266834259033 0.05802720035945301 -0.9896112857157908 0.1315383868016617 39.22663879394531 0.4894291548113909 -0.08663947272110664 -0.8677284737676967 1.6477667093276978
0.8620717017095224 0.1283669898522774 0.49025941809200785 -2.075554370880127 0.08265897087190206 -0.9900496844166989 0.113882030719484 39.42316818237305 0.4999998756460314 -0.057650137056738715 -0.8641044994971921 1.6317830085754395
0.8593832795617536 0.1408375429238485 0.4915538274826661 -2.0877089500427246 0.10705304522403915 -0.9895722024009687 0.09636649699743544 39.61944580078125 0.5000000243179448 -0.030193422105982554 -0.8654988925143609 1.6183935403823853
0.8561478699493624 0.15294465132395982 0.49357751003521455 -2.1185851097106934 0.1304254888040792 -0.9882262234228388 0.07998826920024406 39.81300354003906 0.5000000166513867 -0.004106698287681981 -0.866015657120463 1.6025701761245728
0.8525134116152333 0.1644529199657112 0.49616138516707164 -2.160839080810547 0.15238457969175023 -0.9861788885861031 0.06503952320894701 39.994667053222656 0.49999982288829314 0.020160278317273253 -0.8657908178595137 1.5890439748764038
0.8486628346279136 0.1751467749675983 0.49909417982958293 -2.2120120525360107 0.17254387775714822 -0.9836392022981001 0.051793145790572176 40.16425323486328 0.5000000033698409 0.042160727232895934 -0.8649985374030135 1.5809098482131958
0.844805539490915 0.18484009541543128 0.5021331890766417 -2.269912004470825 0.19053510175873062 -0.9808447674315933 0.040495891147792125 40.32152557373047 0.4999999754432537 0.06146284510887794 -0.8638416192959609 1.579949140548706
0.8411634680437178 0.19338105000387099 0.5050225633851083 -2.3340179920196533 0.20601936829087755 -0.9780451580149406 0.03136381310615255 40.46558380126953 0.5000000399176915 0.07766233567779338 -0.8625360987804375 1.5880707502365112
0.8379568814013423 0.2006532371462863 0.5075101411152817 -2.401986837387085 0.2186967300517063 -0.9754832049327975 0.024581642718282434 40.596351623535156 0.500000005176828 0.09039245165805816 -0.8612950711030558 1.604263424873352
0.8353880728492775 0.20657295128694614 0.5093666494164801 -2.472748279571533 0.22831288775916847 -0.9733760239669669 0.020306187464125318 40.71330642700195 0.49999999302423975 0.09933142384391674 -0.8603099878607132 1.6277893781661987
0.8336262328130523 0.21108454334506743 0.510402409405288 -2.543354034423828 0.2346643280435567 -0.9718971230734387 0.01867177831485846 40.81792068481445 0.4999999571097831 0.10420795421836836 -0.8597329499140053 1.6555156707763672
0.8327935296008642 0.21415554706153686 0.5104824568167929 -2.6125621795654297 0.237602305931036 -0.971160769359322 0.019796572270579953 40.910804748535156 0.5000000812711827 0.1048053515817956 -0.8596602567343841 1.6861339807510376
0.8329549402215852 0.21577322523309997 0.5095370279312005 -2.6794896125793457 0.23703632693677187 -0.9712095300503345 0.023787148877740825 40.992431640625 0.4999998472727555 0.10096516236759054 -0.8601198688062652 1.7187124490737915
0.834194526361669 0.21596041683769898 0.5074254531924056 -2.7432472705841064 0.23296199819373645 -0.9720011291910071 0.030700362359247068 41.063499450683594 0.4998481765354481 0.09260077327266135 -0.8611485918257622 1.7522274255752563
0.8458369863145754 0.21631955646057258 0.48761218409200807 -2.8027915954589844 0.22804799163970021 -0.9729818843454299 0.036060591297370395 41.124549865722656 0.4822384328227857 0.08069759741354081 -0.8723153051966392 1.7853493690490723
0.8593598864273045 0.21512167242059055 0.46392160076312317 -2.8589818477630615 0.22034305586191777 -0.9744433800852447 0.04369252500686616 41.17507553100586 0.4614645417939306 0.06467429986487648 -0.8847981191231739 1.8176926374435425
0.8741866824623787 0.21224671989484312 0.4367481815638158 -2.911203622817993 0.2102748601476674 -0.9761767545410203 0.053510999650905514 41.21589279174805 0.43770095658485686 0.045058559538008816 -0.8979908678917956 1.8481887578964233
0.889746065375074 0.2075853254473271 0.40652216644175987 -2.958531379699707 0.19827603905994673 -0.9779605089915995 0.06542060216468631 41.24833297729492 0.4111429818010677 0.022395881581642855 -0.9112957110641462 1.8759441375732422
0.9054898138995363 0.20105879855970832 0.37371587663077654 -3.00048828125 0.1847791980578431 -0.9795753074246066 0.07930236471309111 41.27299880981445 0.3820272829122071 -0.0027525634805313226 -0.9241469463808244 1.9004087448120117
0.9209100673402856 0.19263592977355157 0.3388451658672293 -3.0355052947998047 0.1702109328630211 -0.9808172406907524 0.09500409832043631 41.292781829833984 0.3506463834195513 -0.02981507880348991 -0.9360332124827254 1.920914888381958
0.9355556887413684 0.1823456791036168 0.30246587671323344 -3.06396746635437 0.15498477083028958 -0.9815094744003331 0.11233375482491736 41.30685043334961 0.3173566984866504 -0.05821687877774648 -0.9465175756165495 1.9374659061431885
0.9490464280702238 0.17028531542186115 0.2651674729653448 -3.0851781368255615 0.13949328153247992 -0.9815122101850509 0.13105497192001772 41.31657791137695 0.2825818496904037 -0.08738817202192521 -0.9552543146284223 1.949858546257019
0.9610845601175393 0.15662570111892868 0.22756286615500307 -3.0988638401031494 0.12410015819959011 -0.9807301237236628 0.15088928111633965 41.32244873046875 0.2468108973252853 -0.116776770677961 -0.9620018538399571 1.9579920768737793
0.9714635552654467 0.14161157190782464 0.19027538856303516 -3.104984760284424 0.10913279455120871 -0.9791175915631536 0.1715190223998892 41.32448196411133 0.21059105855772386 -0.14585919440804895 -0.9666315231059728 1.9618257284164429
0.9800722623846027 0.12555808224258297 0.1539270232541746 -3.1165623664855957 0.09487582686251218 -0.9766815905050933 0.1925919215481164 41.32939529418945 0.17451916221859723 -0.1741500466609354 -0.9691309629077552 1.968563437461853
0.9868953071648169 0.10884435009485399 0.11912413755612447 -3.133549690246582 0.08156661017906378 -0.9734817851612619 0.21372903888601397 41.33718490600586 0.13922837641787775 -0.2012116333904963 -0.9696026700604584 1.9781758785247803
0.9920083191406183 0.09190426432831414 0.08644709916519047 -3.156118631362915 0.06939288647474115 -0.9696283369949025 0.23453254657552983 41.347373962402344 0.10537609815564722 -0.2266594235737194 -0.9682568789545057 1.9906514883041382
0.9955686212482677 0.0752159914792647 0.056441784270295225 -3.1844263076782227 0.05849353375600872 -0.9652765816863129 0.2545969900778914 41.3594856262207 0.07363169762105198 -0.25016729497234136 -0.9653987246892675 2.0059850215911865
0.9978014586078905 0.05928913194513835 0.02961499676108023 -3.2181313037872314 0.04896197474254714 -0.9606214093041929 0.27351276572719 41.37411880493164 0.04466513438104708 -0.2714614278670517 -0.9614123563544963 2.0241479873657227
0.9989818453574846 0.04465283180152058 0.006434070116144399 -3.2571840286254883 0.04085317887196655 -0.9558879673344878 0.29087662622011423 41.39125442504883 0.019138715270609376 -0.29031761661539945 -0.9567389356875491 2.0451343059539795
0.9994125828464844 0.031843352167570636 -0.012668471527804814 -3.302335739135742 0.03419366953752626 -0.9513220204520549 0.30629594572337737 41.40908432006836 -0.0022983062627020016 -0.30654920375977457 -0.9518520386397094 2.0688364505767822
0.9993987313145501 0.02139211619546342 -0.027286502369258406 -3.3528506755828857 0.02899466975041514 -0.9471792971353797 0.3193911210478347 41.42911148071289 -0.019012758162142443 -0.3199902442931784 -0.9472300452288557 2.0953421592712402
0.9992187971598343 0.01381454892655479 -0.037026391134025456 -3.409019947052002 0.02526798226278169 -0.9437128803495309 0.32979922458180466 41.4505500793457 -0.03038625470211433 -0.33047716668530625 -0.9433247149443456 2.124540090560913
0.999092781578195 0.009598865561505493 -0.04149066856869216 -3.4709553718566895 0.0230444916106059 -0.9411608332831504 0.33717241479719917 41.47304153442383 -0.03581291952289885 -0.3378226571349203 -0.9405281958142181 2.156377077102661
0.9991417778584911 0.009081718400857376 -0.04041324199642293 -3.538339853286743 0.02234486596110151 -0.9397018932646396 0.3412639136504658 41.49726867675781 -0.03487713725285263 -0.3418740618791366 -0.9390983500737854 2.190866231918335
0.9993452495867711 0.012101316978356546 -0.03409736435186574 -3.6119353771209717 0.023049745898514124 -0.9393538076179243 0.34217412720385787 41.52204895019531 -0.02788873145857438 -0.3427360241367944 -0.9390176976056067 2.2273552417755127
0.999568323162271 0.018330185071654924 -0.02296021876648222 -3.691006898880005 0.025050931792076944 -0.9400565437749466 0.3400972586220752 41.54861068725586 -0.015349858205030816 -0.3405256213872032 -0.9401099313548096 2.266517162322998
0.9995973261243064 0.02739680265742 -0.0073892360421981135 -3.776792287826538 0.028288365474679365 -0.9417109027548108 0.33523177655390884 41.575531005859375 0.002225754682776986 -0.3353058168849286 -0.9421067111422264 2.306809902191162
0.9991684081609956 0.03889257073762118 0.012241734944074191 -3.8683321475982666 0.0327364230254514 -0.9441860111910755 0.32778209664132774 41.60403060913086 0.024306763267052438 -0.32710876511109443 -0.9446740374578809 2.349440813064575
0.9979938513565256 0.05237989771658906 0.03556148154631882 -3.966984272003174 0.03839103038202764 -0.9473282662722464 0.3179548469638835 41.632869720458984 0.05034283902180863 -0.31595174036048607 -0.9474387032005842 2.3923120498657227
0.9957859054885067 0.0673997539083028 0.06219086430928303 -4.072145938873291 0.045257693825158346 -0.9509675768376905 0.3059614501094534 41.66275405883789 0.07976322197644511 -0.301857484546187 -0.9500104670178035 2.4361979961395264
0.9922782649897651 0.0834793571678508 0.09173353670138257 -4.184516429901123 0.053340850286116494 -0.9549251233741135 0.2920150037920799 41.693138122558594 0.11197588365204184 -0.28486699646638025 -0.9520043045094743 2.479849338531494
0.9872449501475413 0.10014125633205471 0.12377050209325563 -4.3050079345703125 0.0626345121691567 -0.9590190215381165 0.27633210854586837 41.72337341308594 0.14637051032742437 -0.26505517370598813 -0.9530589848473063 2.520883083343506
0.9805163613827904 0.11691274818422442 0.1578577662728866 -4.433518409729004 0.07311452453831291 -0.9630716274393604 0.2591279736401266 41.753456115722656 0.18232369939804755 -0.24253752232039033 -0.9528555078838011 2.5588676929473877
0.9719923528719726 0.13333619821073017 0.19352602978699254 -4.571053504943848 0.08473237101754935 -0.9669147855904655 0.2406163392379843 41.78227996826172 0.21920604749904007 -0.2174793223579043 -0.9511316696896365 2.5900518894195557
0.961651530265533 0.14897984299737238 0.23028534629549702 -4.718588829040527 0.09741058366262662 -0.9703956403407964 0.22100560942673425 41.807395935058594 0.25639327707345433 -0.19009815251089124 -0.9476946659570692 2.606311082839966
0.9495575142768607 0.16344755800094513 0.2676292638406297 -4.874328136444092 0.11104008988855545 -0.9733819498077886 0.20049358649575194 41.824462890625 0.2932756817703971 -0.1606626141076875 -0.9424313762339375 2.5931811332702637
0.9358609133918842 0.17638867029153796 0.3050432555853213 -5.030555248260498 0.12547880293322253 -0.9757660465656538 0.17926430872898175 41.83241271972656 0.3292710445814421 -0.1294899971519704 -0.9353143427948857 2.5428216457366943
0.9207977473706965 0.18750598477510677 0.342013178270324 -5.175636291503906 0.1405516686691855 -0.9774682244664474 0.15748364547697696 41.83363342285156 0.3638361401391545 -0.0969400630901801 -0.9264048182607394 2.45060133934021
0.904684560288124 0.1965620148316246 0.37803335924441334 -5.309097766876221 0.1560521001538876 -0.9784390637959003 0.13529501275273614 41.8373908996582 0.3964764664060712 -0.06340640948306547 -0.9158526294238724 2.3305184841156006
0.8879099513360603 0.20338336574998714 0.4126149837979734 -5.43778657913208 0.17174415733672713 -0.978660466156675 0.11281682677108462 41.85683059692383 0.42675503832889 -0.029306970471312248 -0.9038922716467385 2.1967084407806396
0.8709237810741244 0.2078605843754406 0.44529287555793085 -5.572865962982178 0.18736492698442894 -0.9781460401393638 0.09013716378831566 41.904178619384766 0.45429742646824467 0.004929667613780615 -0.8908364309353021 2.066969871520996
0.8542233991655367 0.20994866481362184 0.4756300478954766 -5.714511394500732 0.20262785691384805 -0.9769393369133329 0.06731629515829116 41.971839904785156 0.4787946698957467 0.038872742819545295 -0.8770658891697408 1.9430558681488037
0.8383397651412491 0.20966099566251462 0.5032183473212382 -5.862825393676758 0.217224771348075 -0.9751120283108407 0.04438390424799123 42.04864501953125 0.49999983689566513 0.07210269857169947 -0.8630187506439168 1.8212274312973022
0.8338912592288529 0.20919572283776822 0.510747018912594 -6.018955707550049 0.2337205389374989 -0.9721622253763648 0.01659268604051352 42.120697021484375 0.5000000774604771 0.10553557266465961 -0.8595709193788835 1.695339322090149
0.8294159098277595 0.20755354015035957 0.5186432073165937 -6.18428897857666 0.24913735276495716 -0.9684070595886677 -0.010878712979950522 42.16652297973633 0.4999998279818299 0.13823637332440375 -0.8549215619624156 1.5584204196929932
0.8250226904555039 0.20472898344142026 0.5267101703713388 -6.351847171783447 0.26332018540010665 -0.9639689120987834 -0.03776792909257408 42.18170928955078 0.500000040194414 0.16985281818719083 -0.8492054992517734 1.406746745109558
0.8208215879081084 0.2007518647549344 0.5347434989052491 -6.5140533447265625 0.2761373589406591 -0.9589954588745835 -0.06384253171048954 42.18560791015625 0.5000000798212829 0.2000659857530605 -0.8425992650859406 1.2387292385101318
0.8169160909538511 0.1956892758885546 0.5425438301583505 -6.668591022491455 0.28748569466843715 -0.9536501575156011 -0.08890080107330788 42.1982421875 0.5000000757016803 0.22859808479662047 -0.8353100262331534 1.0548510551452637
0.8137977135451068 0.18836770512615633 0.5497734888972562 -6.818141460418701 0.29619806615746064 -0.9483574957487811 -0.11351108255003521 42.226402282714844 0.4999999870333364 0.25521690367725597 -0.8275653116486078 0.859861433506012
0.8137977816899845 0.17192009482570908 0.5551366061714713 -6.975525379180908 0.29619808931213265 -0.944558585414942 -0.14168899253917233 42.258548736572266 0.49999986240428296 0.2797365898734789 -0.8196020850886453 0.6645278930664062
0.8137976913964687 0.15669545460292128 0.5596247421125706 -7.154280662536621 0.2961980835943914 -0.9403368493025387 -0.16743149380801708 42.28353500366211 0.500000012752787 0.30201513927377543 -0.8116568504587726 0.47822293639183044
0.8137976486169559 0.14283914139428366 0.5633208382363084 -7.36785888671875 0.2961980873434627 -0.9359192221782718 -0.19058305961258107 42.286338806152344 0.5000000801595814 0.3219506006252544 -0.8039575427828575 0.3210659623146057
