1.0 -0.0 0.0 6.496838092803955 0.0 0.6769750269041224 0.7360059870328248 1.1025503873825073 -0.0 -0.7360059870328248 0.6769750269041224 0.0871482864022255
0.9997918796085974 0.00044708092692802466 0.020396018909396144 6.433351993560791 -0.015629709211897484 0.6593199951109303 0.7516999775421536 0.981003999710083 -0.013111432364894189 -0.7518623172932444 0.6591897649203704 0.028008269146084785
0.9991158795969839 0.0006770438398056682 0.042035708020490205 6.3909592628479 -0.03273004249226248 0.6400602299250548 0.767627283508566 0.8495657444000244 -0.026385667617091206 -0.7683244390750072 0.639516499290265 -0.024785460904240608
0.9979057674076233 0.0005486635215027 0.06468213310445264 6.34252405166626 -0.051121811813419404 0.6193541165594402 0.7834456194642918 0.7206419110298157 -0.03963129737360726 -0.7851115699499116 0.6180850936556139 -0.07334945350885391
0.9961123591551424 -5.7645603292535985e-05 0.08809179652703615 6.286281585693359 -0.0706115038660831 0.5973821659405302 0.7988420140040023 0.5959522724151611 -0.05267051794074602 -0.8019566973928113 0.5950556881894906 -0.11900634318590164
0.9937057766251973 -0.0012402062015447884 0.11201469274292196 6.224538326263428 -0.0909884888367469 0.5743505901560085 0.8135370271147159 0.47531265020370483 -0.06534465854925518 -0.8186084909625738 0.5706226547579923 -0.16241240501403809
0.9906772589292194 -0.003069556957134477 0.1361952512409131 6.15960168838501 -0.11202788592554552 0.5504886724645254 0.8272919522534337 0.3581080436706543 -0.07751336281920365 -0.8348369896622523 0.545012733132105 -0.20410721004009247
0.9870398686498738 -0.0055917171523589965 0.16037777400540293 6.09207010269165 -0.1334917995163617 0.5260489299637776 0.8399121756147178 0.24435195326805115 -0.08906310772437473 -0.8504359211505902 0.5184848183497988 -0.24441558122634888
0.982828963793161 -0.00882405769593203 0.18430779672884284 6.019662857055664 -0.15513252498177454 0.501303275416333 0.8512513881043808 0.13083617389202118 -0.09990559354731192 -0.8652266535784916 0.49132648037259735 -0.28496336936950684
0.9781017301690536 -0.012756548063198078 0.2077360727505349 5.942158222198486 -0.17669530512108023 0.4765406706186583 0.8612129576327147 0.017933959141373634 -0.10998079190691695 -0.8790598726638766 0.4638512322757122 -0.32585006952285767
0.9729363255688364 -0.017351567894190942 0.23042098315957424 5.857350826263428 -0.19792131404176605 0.45206272704940104 0.8697507943432069 -0.09246215969324112 -0.11925627797559388 -0.8918173657785949 0.43639400346376883 -0.3669360280036926
0.9674296372823123 -0.0225472042494356 0.25213393363121017 5.766179084777832 -0.21855221911366032 0.42817948643413417 0.8768678662817423 -0.2004868984222412 -0.12772949709565087 -0.9034123925304186 0.40930578372917814 -0.4083016812801361
0.961696130309815 -0.02825778601576899 0.27265738661663697 5.668368816375732 -0.23832995672723967 0.4052054856983558 0.8826139281058007 -0.30549192428588867 -0.13542298428818977 -0.9137888223705992 0.38294987065807207 -0.4498821794986725
0.955864438043925 -0.034379418313044155 0.29178970454666203 5.563542366027832 -0.25700073341384 0.3834569433402258 0.8870802644794435 -0.40674498677253723 -0.14238609169339522 -0.9229186465775994 0.3576973199391525 -0.49159422516822815
0.9500748492449658 -0.040790960512004204 0.3093442716015014 5.449169635772705 -0.27431669852855733 0.3632456740002576 0.8903948164878831 -0.5007992386817932 -0.14868802823545663 -0.9308000203376697 0.333920937347219 -0.5329089164733887
0.9444757483624664 -0.047360846892741976 0.32514998221860864 5.325783729553223 -0.2900357331409311 0.3448811148536793 0.8927128822408055 -0.5866212248802185 -0.15441772649719293 -0.9374507810007338 0.31199551109679863 -0.5735461115837097
0.9392205212878613 -0.0539494387498311 0.339049067909552 5.194116115570068 -0.30392232591538354 0.32866221294527675 0.8942104727591244 -0.6637211441993713 -0.15967477008576267 -0.9429054076844038 0.29228985606340674 -0.6133211851119995
0.9344639231176963 -0.06041637977350095 0.3508946244195655 5.054384708404541 -0.31574472432609363 0.3148820442524691 0.8950723810215712 -0.7313516139984131 -0.16456744955100616 -0.947205975098579 0.27516975721511777 -0.65191251039505
0.9303579762225707 -0.06662366224779459 0.36054864263748715 4.906721115112305 -0.3252758446986531 0.3038223673937708 0.8954817663843425 -0.7878584861755371 -0.16920301691938094 -0.9503963682064113 0.2609924948450497 -0.6883401274681091
0.9270483702305008 -0.07244399956648914 0.36787659096466396 4.752783298492432 -0.3322881627678418 0.2957566283031155 0.8956073881445736 -0.8346320986747742 -0.17368332141384338 -0.9525124060827677 0.2501084167337683 -0.7221829295158386
0.924670038308731 -0.07776513861026801 0.37274375041180186 4.594221115112305 -0.33655234700609465 0.2909488103705838 0.8955899214867434 -0.8749251365661621 -0.1780950251377592 -0.9535729510430063 0.2428596077167075 -0.7541256546974182
0.923911291703354 -0.08302337696780415 0.3734903532086233 4.431391716003418 -0.3362761921768917 0.2894194056654855 0.8961890036143311 -0.909586489200592 -0.1824999935289054 -0.9535950537314565 0.23947907186401585 -0.7845034599304199
0.9231291524675949 -0.08685980465772652 0.3745503199828851 4.264326095581055 -0.33599151110239067 0.2913660515368481 0.8956648527652287 -0.9370578527450562 -0.18692852198525545 -0.9526600644231122 0.23978433919203218 -0.8111916780471802
0.9234802990134857 -0.09039602028378345 0.37284406506047096 4.094025611877441 -0.33250423089880365 0.2962044496254691 0.8953791713327197 -0.9611523747444153 -0.19137678482082912 -0.9508372539709025 0.2434819145084811 -0.8360256552696228
0.9248141503919471 -0.0936707502706407 0.36870662833553286 3.92071270942688 -0.32615294662242866 0.303649970441971 0.8952211742692964 -0.982707142829895 -0.19581379584781228 -0.948167962965595 0.25026879821772813 -0.8594592213630676
0.9268380065747613 -0.09661943616365518 0.36281675005977904 3.744216203689575 -0.3176385901219181 0.3134572252865506 0.8949023935497195 -1.0009125471115112 -0.20019249644750164 -0.944674151478209 0.2598340083496443 -0.8796255588531494
0.929434292353662 -0.09934086938093614 0.3553635995254538 3.5650999546051025 -0.3071654425285464 0.3253318174562361 0.8943201884486698 -1.0181138515472412 -0.20445363071681946 -0.9403672687951563 0.27186046543300185 -0.8982003331184387
0.9324824000574754 -0.10193709374440554 0.3465334074833115 3.3833861351013184 -0.2949407394458248 0.3389775290069966 0.8933667752068357 -1.0343855619430542 -0.2085342508994641 -0.9352556141222865 0.2860251780080634 -0.915235698223114
0.9358614783596653 -0.10450703046984544 0.3365138539567677 3.1990795135498047 -0.28117800108414437 0.35409854789085055 0.8919378622347613 -1.050327181816101 -0.2123728443770222 -0.9293505791486687 0.30200211258739124 -0.929206371307373
0.9394539651574885 -0.10714387222045409 0.325494144333626 3.0124144554138184 -0.2660962829150462 0.3703982814679466 0.889942628097108 -1.0663191080093384 -0.2159143709174265 -0.9226729126462957 0.3194615480775944 -0.9424441456794739
0.9431470139149887 -0.10993320622746217 0.3136692530545361 2.8233349323272705 -0.24992260846377307 0.38758177346476524 0.8873100127106485 -1.082521915435791 -0.2191173199952571 -0.9152568268231916 0.33807179863401565 -0.9534167051315308
0.9468366893864963 -0.11294573543008238 0.3012366917886624 2.631960391998291 -0.23288928184848054 0.4053588318216677 0.8839947962880055 -1.0991629362106323 -0.22195239586839055 -0.9071535031692988 0.357504763123445 -0.9634670615196228
0.9504277072547255 -0.11624044341722595 0.28840133945023977 2.438291072845459 -0.21523650976339914 0.4234437789274773 0.8799821651331847 -1.1163358688354492 -0.22441127009888767 -0.898433929346941 0.3774335126228455 -0.9723312258720398
0.9538367665662193 -0.11986036735502227 0.2753705051090605 2.242385149002075 -0.19720764729785817 0.4415592641271682 0.8752911287741455 -1.134545087814331 -0.2265051138357445 -0.8891900295218077 0.3975380796920764 -0.9799039959907532
0.9569926418520667 -0.12383124983477965 0.26235644647189194 2.0442090034484863 -0.1790515874878904 0.45943735015626164 0.8699757756969209 -1.1533548831939697 -0.22826653819399073 -0.8795357541599711 0.417505981628027 -0.9869828820228577
0.9598375111304058 -0.1281640070933499 0.24957151182128862 1.8438891172409058 -0.16101695704977087 0.4768211797140928 0.8641267859049927 -1.1741000413894653 -0.22975093420793763 -0.8696065488839401 0.4370342759655624 -0.9925864934921265
0.9623260657836847 -0.13285259361743218 0.23723138806325045 1.6413280963897705 -0.14335531282315667 0.49346914413862886 0.857867972399287 -1.1958342790603638 -0.23103635514496418 -0.8595570906881116 0.4558330949471741 -0.9978422522544861
0.9644262507372182 -0.1378750159588293 0.22554930029442455 1.4366332292556763 -0.126316997726829 0.5091525236328988 0.8513564023154642 -1.2196509838104248 -0.2322197730044369 -0.8495611735788088 0.47362410134321153 -1.0021907091140747
0.9661171762878055 -0.1431983244057271 0.2147366796080014 1.2298095226287842 -0.11014969090794509 0.523659084053242 0.8447770174912453 -1.2456446886062622 -0.23341946635737443 -0.8398067656168958 0.4901427844511503 -1.005996584892273
0.9673879735815363 -0.14877893214687682 0.20500082419113355 1.0207812786102295 -0.0950988822670268 0.5367888546592431 0.8383399836016293 -1.2733705043792725 -0.23476948515804005 -0.8304953671531546 0.5051343721979091 -1.0093531608581543
0.9682358367967008 -0.15456304129833545 0.19654422048791426 0.8099023103713989 -0.08140817588789398 0.5483580090234708 0.832271712145992 -1.3053230047225952 -0.23641504444768002 -0.8218356041231266 0.5183571804792302 -1.0121642351150513
0.9686738002062074 -0.16049376678589145 0.1895067798706424 0.5969702005386353 -0.0692524355652762 0.5582544264462628 0.8267745131058596 -1.3400323390960693 -0.23848515459529446 -0.8139986155860647 0.5296518525046697 -1.0147851705551147
0.968758645124629 -0.16651546580520432 0.18379142293363335 0.3821142613887787 -0.05853453587322202 0.5666229951731179 0.8218954248875898 -1.3782159090042114 -0.24099874606810787 -0.8069764438871319 0.5391740195937478 -1.017243504524231
0.968548873143708 -0.17258505883730915 0.17924139532534433 0.1658642590045929 -0.04909033935463116 0.573660059808388 0.8176211068475936 -1.4222195148468018 -0.24393281639439368 -0.8007050226186667 0.5471455453891036 -1.0194172859191895
0.9680946128236602 -0.17866749032807078 0.17570073568905883 -0.051970213651657104 -0.04075794159075828 0.579554925090305 0.8139133117235862 -1.4705300331115723 -0.24724807546084585 -0.7951062927077359 0.5537818816803853 -1.0212762355804443
0.9674389050488625 -0.18473825206132316 0.17301370819442397 -0.2711889445781708 -0.03337459823070009 0.5844871917721302 0.8107162628486423 -1.5237536430358887 -0.250894601756988 -0.7900927166349886 0.5592900838827256 -1.0227614641189575
0.9666198905149808 -0.1907783721784163 0.17102514426177268 -0.49146971106529236 -0.026777658388369763 0.5886287543718208 0.8079598669104266 -1.5827584266662598 -0.2548115858277293 -0.7855697309823184 0.563871664026776 -1.0237575769424438
0.9656716650319129 -0.19677345168922045 0.1695831479387122 -0.7187108993530273 -0.020805502936174947 0.5921455470235293 0.8055624011755874 -1.6515525579452515 -0.2589312001325177 -0.7814370479126999 0.5677242057085631 -1.0239449739456177
0.9646254445521748 -0.20271399426285477 0.16853720139043105 -0.9527001976966858 -0.015294773278515472 0.5951972198528682 0.8034340915033265 -1.7299517393112183 -0.26318020752495475 -0.777590705969031 0.5710419182141588 -1.0232075452804565
0.9635107791148023 -0.2085917233051262 0.16773929622537548 -1.1926733255386353 -0.010081608122736105 0.5979405747513755 0.8014770303905497 -1.8194117546081543 -0.26747960615203203 -0.7739228398455446 0.5740192490310421 -1.021231770515442
0.9623555848535326 -0.21440099861685458 0.16704472482934174 -1.43771231174469 -0.005002332664504297 0.6005254846848436 0.7995899692417027 -1.921391248703003 -0.2717475022316279 -0.7703254857760639 0.5768465489146504 -1.0176339149475098
0.961186928325662 -0.22013817729632185 0.16630956590807355 -1.6867626905441284 0.0001102009329046888 0.6031000154785255 0.7976655685094829 -2.037276029586792 -0.27589794611709795 -0.7666873901574587 0.5797161107834692 -1.0119699239730835
0.960030971492438 -0.22579984057032787 0.16539336677660368 -1.9391405582427979 0.0054218972894278655 0.6058067077339627 0.7955933860297734 -2.16742205619812 -0.2798412707323002 -0.7628975454561061 0.5828174657060132 -1.0044552087783813
0.9589125119572145 -0.23138489861523026 0.16415792123660877 -2.194509267807007 0.011100386206788729 0.608785449990185 0.7932572453538059 -2.311523675918579 -0.2834847012414694 -0.7588420814458484 0.5863404468301392 -0.9957618713378906
0.957854344397939 -0.23689525561950725 0.16246751300787204 -2.447819709777832 0.017313499570611138 0.6121704392822592 0.7905362711486327 -2.4655964374542236 -0.28673210083737255 -0.7544057205071647 0.5904716006849549 -0.9870301485061646
0.9568772853285891 -0.2423338775947952 0.16018786655692957 -2.699256420135498 0.024228556859206996 0.6160918293141399 0.7873016162087291 -2.6262435913085938 -0.28948028923349867 -0.7494699124195897 0.5953956772794562 -0.9792289733886719
0.9559983481638813 -0.2477083740332044 0.1571868943066087 -2.9400415420532227 0.03201175867680818 0.6206729494650379 0.7834158136703578 -2.785013437271118 -0.29162031070271605 -0.7439123948666247 0.6012918951303557 -0.9733401536941528
0.9552295287716488 -0.25303169433575246 0.1533346308707596 -3.1713109016418457 0.040827007617499425 0.6260298091213086 0.7787296280099649 -2.9400649070739746 -0.29303532690051964 -0.7376053414618933 0.6083326864760674 -0.9696989059448242
0.9545768636666762 -0.25832175807660324 0.14850212340739366 -3.393902540206909 0.050834381789076274 0.6322701041329679 0.773078508980691 -3.0900654792785645 -0.2935964526018908 -0.7304138448331184 0.6166820398679427 -0.96839839220047
0.9540377254304393 -0.2636056164458488 0.14256260882053878 -3.6082091331481934 0.06218833634021062 0.6394893455606682 0.7662806194453997 -3.234356641769409 -0.2931631444754793 -0.7221948877502475 0.6264901554124029 -0.9693174362182617
0.9535994790623993 -0.2689190021423441 0.13539056030124952 -3.813931703567505 0.07503545524718817 0.6477699677846205 0.7581317492970195 -3.3733043670654297 -0.29157797239806643 -0.7127949488619273 0.6378915635820517 -0.9725247025489807
0.9532300121137136 -0.2743066373960217 0.12691892170270438 -4.010786056518555 0.0894397824993322 0.6571152487097094 0.7484651462958374 -3.5072569847106934 -0.2887093162891733 -0.7021078397181337 0.6509159024744855 -0.9779947996139526
0.9528639981317989 -0.27980401014351625 0.11730267248400696 -4.198789119720459 0.10516921059220302 0.6672717327668788 0.7373519321149841 -3.636214017868042 -0.2845867850194313 -0.6902594805997918 0.6652459779919078 -0.9850870966911316
0.9524333640611596 -0.28543773830247676 0.10675197691803884 -4.37803840637207 0.12191828552968176 0.6779343246621957 0.7249420549935806 -3.760103464126587 -0.27929664995600234 -0.6774439821841947 0.6804873491298533 -0.9934066534042358
0.9518789231483464 -0.29122389536162546 0.09547333887711922 -4.547947883605957 0.13938432230976505 0.6888108673657019 0.7114152090679232 -3.879728078842163 -0.27294418176651386 -0.6638736564808928 0.6962565919763328 -1.004093050956726
0.9511524844741335 -0.2971664226941868 0.0836723879294918 -4.70908784866333 0.15727086591649933 0.6996304423182145 0.6969814336949688 -3.9943883419036865 -0.265659229112331 -0.6497763933883406 0.7121908540431299 -1.015602946281433
0.9502195868067149 -0.3032543690299619 0.07155085263723754 -4.861339092254639 0.17529144755303172 0.710145628475835 0.6818842238763295 -4.104299068450928 -0.2575958952771545 -0.6353974929293483 0.727952182986946 -1.0282020568847656
0.9490601484960877 -0.30946326840672067 0.059306998268449984 -5.01513671875 0.1931722134249179 0.7201321948958849 0.6664038699129479 -4.2177252769470215 -0.24893639849789329 -0.6210008916108455 0.7432284723565378 -1.0431122779846191
0.9476702023309374 -0.3157526814872486 0.04713206708444054 -5.171137809753418 0.21065509678523647 0.729392548331774 0.6508540086966379 -4.333954334259033 -0.23988667702155267 -0.6068663399560834 0.7577384955351447 -1.0591912269592285
0.946060949708405 -0.322069447849383 0.03521292658703877 -5.327764987945557 0.22749892312666936 0.7377553578331388 0.6355794772998127 -4.454786777496338 -0.23067925657292293 -0.5932860210307427 0.7712319870418192 -1.0788992643356323
0.944259255484051 -0.3283465517147273 0.02372762966994925 -5.486010551452637 0.24348050926785564 0.7450739330239247 0.6209525553010684 -4.579100131988525 -0.2215664686710785 -0.5805629822037472 0.7834889429055907 -1.1005321741104126
0.9423057497379117 -0.3345068305807398 0.012847346251300726 -5.645397663116455 0.2583941676876603 0.7512234513678051 0.6073679117471096 -4.707454204559326 -0.2128199429467874 -0.5690065961040096 0.7943167916355885 -1.12481689453125
0.9402536492544513 -0.34046379612274236 0.002734701698437661 -5.805898189544678 0.27204976578414675 0.7560967787909938 0.5952365798896053 -4.8396172523498535 -0.20472420472547592 -0.5589293914543905 0.8035458514409408 -1.1528723239898682
0.9381659909438574 -0.3461255750353025 -0.0064544359018500475 -5.968652248382568 0.2842695999217143 0.7595981777851752 0.5849798311615452 -4.9744486808776855 -0.1975737026951675 -0.5506429828953808 0.811022155918936 -1.1833416223526
0.9361129477968947 -0.3513975946916088 -0.014569811665203727 -6.133819580078125 0.2948836214538183 0.7616366549299021 0.5770210183914186 -5.111729145050049 -0.19166689532960274 -0.5444532452948927 0.8165993294894198 -1.2165740728378296
0.9341685865101059 -0.3561857110010544 -0.021466048923462364 -6.302270412445068 0.3037231620845185 0.7621159010921152 0.5717793229174476 -5.250098705291748 -0.18730000745086056 -0.5406580181419923 0.8201265845146596 -1.2538162469863892
0.9324065775750298 -0.3604012133842236 -0.026998879347103738 -6.475162029266357 0.3106136621687561 0.7609242352467257 0.5696608298701076 -5.38822603225708 -0.18476235268293698 -0.5395417255461945 0.8214363027196333 -1.2944799661636353
0.9308961921241847 -0.3639641117424193 -0.031022650632156423 -6.6536865234375 0.31536537097730916 0.7579235753107724 0.5710486290820426 -5.524399280548096 -0.1843284087628309 -0.5413704640555189 0.8203298473000206 -1.3388292789459229
0.9296972249199026 -0.36680830852953955 -0.03338764397093989 -6.839737415313721 0.317764176816356 0.7529367313523364 0.5762917720327814 -5.655533313751221 -0.1862498265998005 -0.5463862584053132 0.8165617298878185 -1.387429118156433
0.9288546234327711 -0.368886730612964 -0.033936241766633096 -7.036082744598389 0.31756064190921035 0.7457342496120487 0.5856924685069502 -5.776249885559082 -0.19074676206367203 -0.5547999720018315 0.8098226125695624 -1.4409353733062744
0.9283919467456189 -0.37017861100056265 -0.03249906422612975 -7.246247291564941 0.3144600441329147 0.7360212573533382 0.5994894405808466 -5.876983642578125 -0.19799816630919925 -0.5667808259651215 0.7997225903127217 -1.499941110610962
0.928296461704781 -0.3707119053166076 -0.028954489166877456 -7.47212028503418 0.3081947754517159 0.7235018510169832 0.617706282920342 -5.94538688659668 -0.2080424465599524 -0.5823381790948708 0.7858756807522547 -1.5626866817474365
0.928491178791814 -0.3706164279018056 -0.023400732362347493 -7.710115909576416 0.29878067434750544 0.7081298702019845 0.6397516671054256 -5.980462074279785 -0.22053172003645732 -0.6009954661201923 0.7682253641742995 -1.6234792470932007
0.9288727031888805 -0.3700537708379115 -0.015990871121508612 -7.955633163452148 0.2863045987426735 0.6899237440665185 0.6648570553976503 -5.995262145996094 -0.23500037874305435 -0.6221458302214038 0.7467994295182218 -1.6780306100845337
0.9293279753677786 -0.36919125453065793 -0.006879809365421041 -8.207162857055664 0.2708638686919038 0.6689187974883412 0.6922285800254181 -6.001379489898682 -0.2509627040738936 -0.6451708765473149 0.7216455232446806 -1.7235894203186035
0.9297408074017526 -0.36819533997211484 0.0037712961639291 -8.463658332824707 0.2525819903268052 0.6451877804212649 0.7210652301682778 -6.009253025054932 -0.2679260517651969 -0.6694512077947881 0.6928569196938229 -1.7613762617111206
0.9299980511492338 -0.36722516050274057 0.01578943800023297 -8.724421501159668 0.23162118823772435 0.6188533194966503 0.7505812375135159 -6.023268222808838 -0.2854036615356773 -0.6943819197255303 0.6605895091055529 -1.792842984199524
0.9299955142146122 -0.3664259146911521 0.02898952540921565 -8.988876342773438 0.2081913497808347 0.5901042013844212 0.7800214057222332 -6.044656753540039 -0.30292689781056614 -0.7193810398886025 0.6250809659809358 -1.819342017173767
0.9296431574791159 -0.365923133591892 0.04317244554748706 -9.256583213806152 0.18255513392440095 0.5591993901697132 0.8086839092696635 -6.072486877441406 -0.32005815538758636 -0.7439061112372393 0.5866570333966723 -1.8423287868499756
0.9288685946860415 -0.3658198406342955 0.05812897732006597 -9.527275085449219 0.1550287455891893 0.5264712174485744 0.835939079861241 -6.105453968048096 -0.3364063344335546 -0.7674658959175414 0.5457351708992788 -1.8633556365966797
0.927621762435681 -0.3661901206790765 0.07363872196585403 -9.800825119018555 0.12597948588940977 0.49231971342631575 0.861249365112608 -6.1426682472229 -0.3516348034406734 -0.7896366856275573 0.5028189233912793 -1.883339524269104
0.9258764333380204 -0.36707842538011226 0.08947770565746466 -10.077117919921875 0.09581991238448229 0.457210087108676 0.8841818142422446 -6.183940410614014 -0.3654741777197079 -0.8100693586764867 0.45849346729650253 -1.9027389287948608
0.9236320741175029 -0.3684969868097696 0.10542183063066243 -10.355987548828125 0.06499971473019789 0.4216627070920532 0.9044200343495241 -6.229562759399414 -0.377728511958513 -0.8284989632823458 0.41341339975100677 -1.921963095664978
0.9209140985073332 -0.37042589522191594 0.12125130646499566 -10.63706111907959 0.033995090341504164 0.38623828703400603 0.9217723794200551 -6.280831336975098 -0.38828025574718467 -0.8447512307052764 0.36828494568583975 -1.9417724609375
0.9177728625166302 -0.37281455556724497 0.1367562795093099 -10.9202880859375 0.0032985320951305075 0.3515277343664892 0.9361716571533132 -6.33707332611084 -0.3970920453925617 -0.8587418466153613 0.3238523558005888 -1.962785243988037
0.9142824639184356 -0.3755828217624235 0.15174030502213473 -11.205314636230469 -0.026592992629007578 0.3181362842303632 0.947671946086372 -6.399299144744873 -0.40420340042393066 -0.8704750706672039 0.28087855459728217 -1.9857397079467773
0.9105382740619523 -0.37862451975834255 0.16602266262786333 -11.491494178771973 -0.05518610472823149 0.2866726429312358 0.9564378127404545 -6.469310283660889 -0.4097249630095846 -0.8800353793073235 0.24013160111532555 -2.0118424892425537
0.9066528042571161 -0.3818124042501808 0.17944353009624997 -11.777798652648926 -0.08200229720588811 0.25773864354746534 0.9627286299239622 -6.549825191497803 -0.4138312648721269 -0.8875753937457983 0.20236996968751675 -2.0420708656311035
0.9027536256071533 -0.3850011831720859 0.19185927240879858 -12.051766395568848 -0.10657977053153345 0.23191962929755 0.9668785022224522 -6.639658451080322 -0.4167452986736447 -0.8933013906306095 0.1683329484409805 -2.0738348960876465
0.8989779558007814 -0.3880350410497557 0.2031438945717114 -12.312603950500488 -0.12847861927978263 0.20977994818907442 0.969270662779881 -6.740056991577148 -0.4187264970982955 -0.8974526061332173 0.13873334268476156 -2.1050233840942383
0.8954690161445618 -0.39075158349338435 0.2131863999473322 -12.559483528137207 -0.14728108671306747 0.1918629231553935 0.97030763174103 -6.851828575134277 -0.4200518094493929 -0.9002787450093892 0.11425698518082233 -2.132841110229492
0.8923542404117828 -0.39300969626348675 0.22191730050176914 -12.791507720947266 -0.16268805304113537 0.17854674347349547 0.9703884056359571 -6.975258827209473 -0.42099466388161655 -0.9020335021704526 0.0953889613388938 -2.153777837753296
0.8896815745111043 -0.3947640535654654 0.229408016398741 -13.007025718688965 -0.17482035996297862 0.16962891630323973 0.9698782771545114 -7.110999584197998 -0.4217873133675991 -0.9029880247081636 0.08190292739451943 -2.1623873710632324
0.887464447617591 -0.39601495470386694 0.23575200925060638 -13.207242965698242 -0.183905024861447 0.16475053053400746 0.9690388044446276 -7.2538018226623535 -0.4225941268469243 -0.9033434664288313 0.0733810984847485 -2.1571900844573975
0.8857024229146868 -0.39678258215688134 0.2410286301250765 -13.3931884765625 -0.1901689160941913 0.16354249989098985 0.9680339013076793 -7.399960041046143 -0.42351741569221646 -0.903226125190322 0.06939427482914612 -2.139603614807129
0.8843829920235422 -0.3971043902879448 0.24530557807258863 -13.566776275634766 -0.19383681535475167 0.16563013696629209 0.9669508502202454 -7.546122074127197 -0.42461042430987866 -0.9027041380998356 0.06950702572271289 -2.1145148277282715
0.8834831095248324 -0.39703206862103346 0.2486425781535336 -13.730169296264648 -0.19513143543007905 0.17063720132982063 0.9658191696323506 -7.689794063568115 -0.4258888565005311 -0.9018029064096151 0.07328164776968893 -2.086089849472046
0.8829710781008876 -0.39662960498986227 0.25109167983615466 -13.885480880737305 -0.19427272134908063 0.1781840057548938 0.9646287212356692 -7.829107284545898 -0.4273408299905108 -0.9005195259064214 0.08027701093274187 -2.0578436851501465
0.8828086580952859 -0.395968924634941 0.25270038368678593 -14.034652709960938 -0.19147862451004233 0.18789005017925214 0.9633448320302446 -7.962513446807861 -0.42893450496287033 -0.8988358803291546 0.09005137803038249 -2.0327789783477783
0.8829518497812564 -0.39512772504150884 0.2535155061754204 -14.17911434173584 -0.18696754614484054 0.1993751234861264 0.9619213568808361 -8.08879280090332 -0.43062648276253834 -0.8967294135013159 0.10216257291763753 -2.013138771057129
0.8833520257213315 -0.3941894087084854 0.25358215378073207 -14.31986141204834 -0.18095752404872334 0.2122561546176941 0.9603133339265187 -8.206866264343262 -0.4323697181165396 -0.8941823275422996 0.11616536474724237 -2.000746011734009
0.8839571435695001 -0.39323919275164965 0.2529480294773636 -14.457537651062012 -0.17366762561984717 0.2261531034945531 0.9584854352525898 -8.315597534179688 -0.4341190207120794 -0.8911889311834011 0.13161673446857836 -1.9972307682037354
0.8847135054445059 -0.3923614176979883 0.2516635277232667 -14.59100341796875 -0.16531998531819375 0.24068457669304466 0.9564205335502174 -8.415632247924805 -0.4358340460983824 -0.8877631736246525 0.14807171173927347 -2.0005245208740234
0.8855650094401996 -0.3916419482643411 0.24978230204498125 -14.719230651855469 -0.15613682066175644 0.255473725854782 0.9541249753735168 -8.507965087890625 -0.4374881795989665 -0.8839399073226566 0.1650888638085427 -2.008265256881714
0.8864562558968684 -0.3911619832313567 0.24736129296196993 -14.841598510742188 -0.14634285411524545 0.2701454061276164 0.9516329274450044 -8.593384742736816 -0.43906614015511336 -0.8797805194607669 0.1822283242161693 -2.018775224685669
0.8873317324648579 -0.39099933216670024 0.2444625100216969 -14.957673072814941 -0.13616459521402033 0.28433173005854395 0.9490072024448062 -8.672595977783203 -0.44056963078623096 -0.8753713437890858 0.19905630083414716 -2.03068208694458
0.888137438376593 -0.3912269951879555 0.2411500130418133 -15.067143440246582 -0.12582937411054335 0.2976691522887334 0.946340342787232 -8.746200561523438 -0.4420168086903622 -0.87082404308328 0.21514327045779863 -2.042874336242676
0.8888212247265885 -0.3919125461956154 0.23748976106349684 -15.169772148132324 -0.11556470626322696 0.30980145213626753 0.9437520113464944 -8.814703941345215 -0.4434429265890045 -0.8662722530409995 0.23006684782786324 -2.0544662475585938
0.8893330519071307 -0.3931177107286845 0.23354911324384628 -15.265369415283203 -0.10559959800978136 0.3203785720221241 0.9413853066036442 -8.878596305847168 -0.4448993680437422 -0.86186776021644 0.2434101809986095 -2.064500093460083
0.8896258952648591 -0.39489749831494875 0.22939427259370088 -15.353622436523438 -0.09616316829994792 0.3290573486603531 0.9394008230543205 -8.93852424621582 -0.4464509060767085 -0.8577745782647175 0.25476334380375865 -2.0716795921325684
0.8896557022705731 -0.3973012608595016 0.22508762635227964 -15.434317588806152 -0.08748514538529195 0.33549793820476803 0.9379698730754968 -8.994754791259766 -0.4481730477777167 -0.854162069855481 0.26371969525583905 -2.075587749481201
0.8893882840525174 -0.40035617170581406 0.22068850438385587 -15.50753116607666 -0.07973928830033075 0.33948663105926136 0.9372248786888819 -9.047114372253418 -0.450144561326109 -0.8511543709040668 0.2700113160580999 -2.076526165008545
0.8888248202606793 -0.40401207312243936 0.2162514362030456 -15.57336139678955 -0.07286470469365433 0.34130321855535795 0.9371247770780902 -9.095291137695312 -0.4524170351550411 -0.8486968585867762 0.2739205514861197 -2.0749757289886475
0.8879734159809627 -0.4082056080332234 0.2118286904112061 -15.631853103637695 -0.06674118515000504 0.3413448892188121 0.9375656141353359 -9.138952255249023 -0.4550261824509365 -0.8466710389368608 0.2758610612422562 -2.070730209350586
0.886841967830509 -0.4128760784432053 0.20747208955392257 -15.683355331420898 -0.061248459845490655 0.34000453687094756 0.9384271634355689 -9.17758846282959 -0.4579955788662877 -0.8449439382329059 0.27624226863823964 -2.0654714107513428
0.8854372895272192 -0.4179665170263943 0.2032358161336628 -15.72794246673584 -0.05626626740211668 0.3376732048447292 0.9395801795922064 -9.211102485656738 -0.46134034450427663 -0.8433746482878853 0.27547103143154805 -2.05977201461792
0.8837653755790805 -0.42342435796715117 0.19917473235245547 -15.765753746032715 -0.05167154563225104 0.3347389295840739 0.9408931397310123 -9.23911190032959 -0.4650686103141564 -0.8418204452856999 0.2739516847903023 -2.0534417629241943
0.8818311249571162 -0.4292002348837387 0.19534847179491932 -15.796871185302734 -0.0473386288283299 0.3315920472538784 0.9422344551217787 -9.26165771484375 -0.46918324914421283 -0.8401391983318747 0.2720904374445276 -2.0477333068847656
0.8796377996790252 -0.43524860439613516 0.19182281862974387 -15.821219444274902 -0.043140087379381686 0.3286225210742523 0.9434755807670392 -9.278823852539062 -0.4736837280683624 -0.8381920370738554 0.27029212853732626 -2.0428521633148193
0.8771882972690659 -0.4415264003371371 0.18866671391511283 -15.838727951049805 -0.03894207916023054 0.32621962988733183 0.9444915391610719 -9.290753364562988 -0.4785647350201174 -0.8358439991299228 0.26896208564335305 -2.039337158203125
0.8744836208446096 -0.44799340548793504 0.18595780573512755 -15.84936809539795 -0.034607203351432025 0.32477305964845204 0.9451586116640823 -9.297419548034668 -0.4838189106997508 -0.8329612045983327 0.2685049222703393 -2.0372214317321777
0.8715248423881161 -0.4546096806260507 0.18377836483506338 -15.852754592895508 -0.029990472981838878 0.3246692942480963 0.9453520089907085 -9.299498558044434 -0.48943336689553063 -0.8294093607221485 0.269323396153735 -2.0369515419006348
0.8683128560506259 -0.4613339968069089 0.18221889969859761 -15.861966133117676 -0.02494162386487228 0.32629044876952656 0.9449404523253113 -9.304986000061035 -0.4953894421727091 -0.8250487782137148 0.271815772448672 -2.0352509021759033
0.8648478777313957 -0.46812489786633293 0.18137593109653852 -15.87708854675293 -0.019300594007605254 0.3300119189660014 0.9437794341960049 -9.31362247467041 -0.5016628703167642 -0.819726303919798 0.27637501914524193 -2.0320990085601807
0.8611324393444741 -0.47493331707072695 0.18135398050451512 -15.899115562438965 -0.012901423719014399 0.3361982108335401 0.9417028811139684 -9.323299407958984 -0.5082169567956761 -0.8132706236970094 0.28338386943652777 -2.0271410942077637
0.8571703606942886 -0.48170494834564426 0.18226166762801105 -15.928828239440918 -0.005566403977329049 0.3451981305546114 0.9385133274537784 -9.331023216247559 -0.5150029008597763 -0.8054803494815513 0.29321224173812005 -2.0209808349609375
0.852968501784866 -0.48837410656540803 0.18421581636580536 -15.951003074645996 0.002888336806584485 0.3573401528797934 0.9339698456857893 -9.311026573181152 -0.5219543969288623 -0.7961147826640861 0.3062104837368281 -2.015366554260254
0.8485383192086247 -0.4948618538614806 0.1873351713570643 -15.91957950592041 0.012657152855755333 0.37292261518053277 0.9277761150021584 -9.274556159973145 -0.52898253025614 -0.7848824553267137 0.3227026712069813 -2.0168585777282715
0.8438974104959248 -0.5010707776038126 0.19174263060097735 -15.875741958618164 0.023940894673971702 0.39220713561522336 0.919565330106954 -9.240083694458008 -0.5359701429375352 -0.7714283107353606 0.34297866883452904 -2.019347906112671
0.8390712578353713 -0.5068822374133278 0.19755966609970277 -15.82293701171875 0.03694542776843365 0.41540104989071636 0.90888778356665 -9.205105781555176 -0.5427655660057801 -0.7553226894146294 0.3672780625273934 -2.0222270488739014
0.8340962564171772 -0.5121502665950393 0.20490373217069688 -15.761287689208984 0.05187807950356502 0.4426439428505035 0.8951955120110813 -9.170097351074219 -0.5491740160439788 -0.7360492132217724 0.3957770279055334 -2.0252575874328613
0.829025697616338 -0.5167026717614635 0.21385682520394325 -15.691665649414062 0.06885400440314046 0.47383282390565307 0.877918892077877 -9.133865356445312 -0.554955420524385 -0.7130924231711905 0.42839663542848166 -2.028388023376465
0.8239429380677566 -0.5203610618746958 0.2243711213434387 -15.623737335205078 0.08762057818290944 0.508171511108303 0.8567872253814226 -9.100081443786621 -0.559857722182311 -0.6862842564000307 0.4642986650102404 -2.031541347503662
0.8189419020582102 -0.5229499150508675 0.23634201361918603 -15.557294845581055 0.10780732749678368 0.5446945718834827 0.8316762612331019 -9.06956672668457 -0.5636592420880565 -0.6556151384074045 0.5024510414953458 -2.034513473510742
0.8141165262505946 -0.5243054573866194 0.2496358729034618 -15.49300479888916 0.1290151487943895 0.5824501738118266 0.80256269936257 -9.040847778320312 -0.5661884607330204 -0.6211727476162981 0.5418256588161844 -2.037484884262085
0.8095570191559534 -0.5242842758689761 0.26408981580490887 -15.43115234375 0.15082027044870253 0.620518934442043 0.7695514914680446 -9.013426780700684 -0.5673364775484716 -0.5831657140774438 0.5814181551752899 -2.040496826171875
0.805346664064126 -0.5227686120890707 0.27951695636445856 -15.371308326721191 0.17278346392804955 0.6580443856216116 0.73288707257319 -8.988611221313477 -0.5670649215687815 -0.5419322510852649 0.6202796223961007 -2.0433428287506104
0.8015555866785181 -0.5196752371386409 0.2957131876825145 -15.31407356262207 0.1944594207866368 0.6942558990813444 0.6929605185420594 -8.965058326721191 -0.5654150467857948 -0.4979421597893187 0.6575404401043075 -2.0461478233337402
0.7982389325002424 -0.5149584063291306 0.3124619119058121 -15.25951099395752 0.2154081727202068 0.7284921922891683 0.6503064238488367 -8.942850112915039 -0.5625068228619231 -0.4517930560828525 0.6924370792419348 -2.048856258392334
0.7954326727620646 -0.5086118534894464 0.3295464240325298 -15.207587242126465 0.23520590434009614 0.7602252015382517 0.6055871741621366 -8.922380447387695 -0.5585383117263807 -0.40419255984759833 0.7243364749187285 -2.051384925842285
0.7931504483672058 -0.5006723351097773 0.34675579174777055 -15.158364295959473 0.25345504064014984 0.7890698474728017 0.5595795905707688 -8.903803825378418 -0.5537805599955639 -0.3559437998687043 0.7527490303587427 -2.0536744594573975
0.7913837920034101 -0.491215283716791 0.36389454351135336 -15.11212158203125 0.26979203273371877 0.8147961396478796 0.5131466748292552 -8.886661529541016 -0.5485653587565585 -0.3079201127856801 0.7773424286081023 -2.055724859237671
0.7900994178123597 -0.48035311021717464 0.3807936442185677 -15.068974494934082 0.2838912269935736 0.8373286568027251 0.4672113994039823 -8.870963096618652 -0.5432758794651695 -0.2610394797758208 0.7979409181071713 -2.0574941635131836
0.7919107121724264 -0.4603723886663361 0.4011666582608932 -15.028583526611328 0.2882318730569785 0.860985555084816 0.41907787019760057 -8.856168746948242 -0.5383305780843459 -0.21624323732533945 0.8145176799864019 -2.0580432415008545
0.7943966164142241 -0.438252143595963 0.42055805124046264 -14.991447448730469 0.28913671678488184 0.8817562348805071 0.3727008200369446 -8.842779159545898 -0.5341666171116379 -0.17447349621904 0.827178955414494 -2.058162212371826
0.7961365767573065 -0.4180596976103069 0.43748444587566343 -14.957834243774414 0.28976990004396963 0.898081841312701 0.33088126470517576 -8.831226348876953 -0.5312249581652442 -0.1366568532433243 0.8361369195795431 -2.058237314224243
0.7968987300020466 -0.4003428754950369 0.45241352340694974 -14.927947998046875 0.29004730921779254 0.9104795992859259 0.2947871396442834 -8.821273803710938 -0.5299292146472429 -0.10369417208553879 0.8416784101655758 -2.0582637786865234
0.7964618494402355 -0.3856071126711815 0.4657850116133349 -14.901960372924805 0.2898883243270189 0.9194900614272 0.2655236079061091 -8.812752723693848 -0.530672480730924 -0.0764537873097129 0.8441217546070521 -2.058237314224243
0.7946171224569888 -0.37435817185813486 0.47795354153014724 -14.87056827545166 0.28921693717044344 0.925605467647437 0.24414766334109628 -8.802477836608887 -0.5337950842335688 -0.05577165430758406 0.843772677101998 -2.0581445693969727
0.7911678092609293 -0.36715225209540536 0.48913466588510585 -14.833898544311523 0.28796148018826606 0.9291914393836165 0.2316925870717193 -8.790401458740234 -0.5395661993833982 -0.042455774135861254 0.8408720614489936 -2.0579769611358643
0.7859342811270211 -0.36464677558035996 0.4993395986782938 -14.79207992553711 0.2860566120505652 0.930398881653383 0.2291932279110509 -8.776505470275879 -0.5481595757181528 -0.03729142095685163 0.8355419974313164 -2.0577261447906494
0.7840387788897579 -0.34988101729760623 0.5127050486701388 -14.744003295898438 0.2687184195678619 0.9359055275423385 0.22775261689088788 -8.759955406188965 -0.5595298063392224 -0.04079359325297517 0.8278057009754783 -2.055544137954712
0.7813484631351053 -0.33583473294611926 0.5260319489379119 -14.690316200256348 0.24705078288280752 0.9404591952771292 0.2334575179678024 -8.741755485534668 -0.5731147265891892 -0.052455068064998486 0.81779458056464 -2.0528335571289062
0.7778212734517701 -0.3227282912035546 0.5392963161590301 -14.63096809387207 0.22142936046372239 0.9437888252850265 0.24542145707280116 -8.72174072265625 -0.5881862841740648 -0.07147799188521968 0.8055605450775024 -2.0496327877044678
0.7734587964933847 -0.3107652168333778 0.5524368471902544 -14.56588077545166 0.1922397894967623 0.9455225011805759 0.2627376316698242 -8.699862480163574 -0.6039911865758022 -0.09701638917075492 0.7910641356875074 -2.0459866523742676
0.7683077348103633 -0.30012583149394545 0.5653562681182868 -14.494938850402832 0.15990479672866265 0.9452494026645194 0.2844890555812897 -8.676169395446777 -0.6197851890887144 -0.12817196273927028 0.7742339874700861 -2.041947603225708
0.7624594153740918 -0.2909609453661393 0.5779250541195119 -14.417887687683105 0.12490391634479414 0.9425749189512804 0.30976044590250695 -8.651153564453125 -0.6348658532234436 -0.16399466587553932 0.7550172832294897 -2.037660837173462
0.756046375091765 -0.2833863903635748 0.5899881629891448 -14.33474063873291 0.08778479192161584 0.9371681866991949 0.3376531062291913 -8.624456405639648 -0.6486044318518651 -0.20348941887883631 0.733419625716733 -2.0331180095672607
0.7492403489050496 -0.2774752038911421 0.6013704439014346 -14.24538803100586 0.04916583656411186 0.9288026081935821 0.36729883681785647 -8.596123695373535 -0.6604707564211988 -0.2456282276904843 0.7095386907519851 -2.0284056663513184
0.7422446725652627 -0.2732556291290634 0.6118857795354994 -14.149625778198242 0.009731093609351399 0.9173853329435611 0.39788120930398024 -8.566473007202148 -0.6700583197495961 -0.2893708901208127 0.6835834521732052 -2.0237700939178467
