1.0 0.0 -0.0 11.602675437927246 -0.0 -0.9816178315614617 -0.1908571003671964 19.565902709960938 0.0 0.1908571003671964 -0.9816178315614617 -2.1384661197662354
0.9998016131551964 -0.017086435458394937 -0.01023660371378351 11.561275482177734 -0.01864911181693661 -0.9835286968331497 -0.17978741094449766 19.680002212524414 -0.006996067517279789 0.17994264705458898 -0.9836522245236278 -2.0367767810821533
0.9991692286899918 -0.035181888127795186 -0.02056908327587842 11.517865180969238 -0.03814085663411805 -0.9850759490807453 -0.16784114393641625 19.80782699584961 -0.014357140880494652 0.16848622878571545 -0.9855994435952697 -1.9390863180160522
0.9980553898010854 -0.054130310305707835 -0.030908710668853527 11.472498893737793 -0.05828977371270003 -0.9861749385594955 -0.1551170294896641 19.9424991607666 -0.022084862904834697 0.156617049082732 -0.9874124562547769 -1.8382940292358398
0.9964252034031895 -0.0737686035443986 -0.04117046458350545 11.425172805786133 -0.07890847088164643 -0.9867565536423488 -0.14172140652348422 20.0836181640625 -0.030170635492688763 0.1444634797275203 -0.9890500673772706 -1.7338842153549194
0.9942572257505595 -0.09393090610451317 -0.05127917629199875 11.374372482299805 -0.09981313230553022 -0.9867687990504084 -0.12776805484929768 20.23051643371582 -0.03859932204274411 0.1321526469617599 -0.9904775465596587 -1.6256579160690308
0.9915447537069136 -0.11444553644840197 -0.061165517927452236 11.319293975830078 -0.12082011711563795 -0.9861784277900613 -0.11337816307246555 20.382884979248047 -0.047344489610296935 0.11980954781886359 -0.9916673694112256 -1.51361083984375
0.9882959704396359 -0.13513889698819787 -0.07077113347680399 11.259248733520508 -0.14175069073505508 -0.9849716269301925 -0.09867945996317881 20.540449142456055 -0.05637212510552641 0.10755636970120874 -0.992599521885732 -1.397813081741333
0.9845344671752376 -0.15583448395202767 -0.08004683975883503 11.193317413330078 -0.16242986324388944 -0.9831546723765665 -0.08380590498704742 20.70288848876953 -0.06563857456208777 0.09551179924769441 -0.993261835436118 -1.278391718864441
0.9802989491787706 -0.1763549608392505 -0.08895447164918172 11.119255065917969 -0.18268862841906675 -0.9807538527305917 -0.06889662836787593 20.869386672973633 -0.07509217858977599 0.08379026280832079 -0.9936500171454505 -1.155694603919983
0.9756428670550247 -0.19652320995738717 -0.09746601414183519 11.033876419067383 -0.2023648145335031 -0.9778150086252385 -0.054095200767218826 21.03858184814453 -0.08467276896070304 0.07250128864557881 -0.9937676213991166 -1.0303454399108887
0.9706337939124097 -0.21616262566980965 -0.10556399660270421 10.933816909790039 -0.22130322646593986 -0.9744027791878218 -0.03954877832264739 21.208627700805664 -0.09431288390759204 0.061749033794730054 -0.9936257528639494 -0.90325927734375
0.9653519561562957 -0.23509941794462796 -0.11324250274216908 10.81103515625 -0.2393576610453403 -0.9705989930690427 -0.025406785555522005 21.374696731567383 -0.10393993863822042 0.05163195072295282 -0.9932424833948784 -0.7769567966461182
0.9598894053527168 -0.25316248459593654 -0.12050346835182794 10.642741203308105 -0.25639021724603167 -0.9665010743257724 -0.011820737187695777 21.51766586303711 -0.11347416442583076 0.042242510819553505 -0.9926425259314248 -0.6628375053405762
0.954348276815606 -0.2701833522735499 -0.12735903067042412 10.420001983642578 -0.27227084838742005 -0.9622200723752601 0.0010570887111772467 21.6127872467041 -0.12283302348097488 0.03366732054048259 -0.991856118532394 -0.5828021168708801
0.9488385603168678 -0.2859986960581308 -0.13382874246163537 10.159003257751465 -0.2868791802360976 -0.9578775504074318 0.013074187260494346 21.63947868347168 -0.13193074851177958 0.025987386911861195 -0.9909182273621849 -0.564227283000946
0.9434772426760035 -0.3004462502992698 -0.13993835511965366 9.890796661376953 -0.30009975987172194 -0.9536038953479226 0.024077892395380524 21.626171112060547 -0.14067987303598398 0.019278523241608683 -0.989867421357124 -0.5980578660964966
0.9383847049075867 -0.31336945305120095 -0.1457179861578264 9.620933532714844 -0.31182590293892015 -0.9495337250144439 0.033916239716712246 21.607650756835938 -0.14899245568762362 0.013612162009963288 -0.9887446369986469 -0.6623168587684631
0.9336835712450674 -0.3246122862677069 -0.15120136372106563 9.347906112670898 -0.3219536871971651 -0.945803810359707 0.04243790297846875 21.59886360168457 -0.15678269064921568 0.009056263750148365 -0.9875916018272334 -0.7451110482215881
0.9294958052396256 -0.33402111579281485 -0.1564207219215631 9.07087516784668 -0.3303829769599064 -0.9425484981234906 0.04949158736857945 21.600116729736328 -0.163965351757772 0.0056765209129186825 -0.9864497658437936 -0.8399322032928467
0.9259396536206275 -0.3414428163893502 -0.16140805738568442 8.788440704345703 -0.3370144329681533 -0.9398958920684473 0.0549270793326181 21.610143661499023 -0.17046122674692338 0.003537684124690455 -0.985358033897815 -0.9411455988883972
0.9249908259072106 -0.3415703633160869 -0.16649822489027508 8.510818481445312 -0.3366691048702328 -0.9398524230076302 0.057717733778819086 21.63082504272461 -0.17619842738620675 0.0026664340987292597 -0.9843510574565482 -1.0398119688034058
0.9241491692429464 -0.34151014984170885 -0.1712282994795709 8.235333442687988 -0.33636276526500214 -0.9398734951469094 0.05914307451945424 21.66817283630371 -0.1811309005411642 0.002937801120945105 -0.983454608100303 -1.123118281364441
0.9234327683387299 -0.3412742408214423 -0.17551015614493 7.970002174377441 -0.33610201021313113 -0.9399544170470998 0.05933913215020209 21.76325798034668 -0.1852224637806166 0.004193617220852642 -0.9826876678200674 -1.1459442377090454
0.9228568324005277 -0.34088046387208654 -0.17926454262350858 7.762448787689209 -0.3358923817226082 -0.9400856611046791 0.0584402060750361 21.937477111816406 -0.18844515062048758 0.0062816507169824315 -0.9820636262849225 -1.0794579982757568
0.9224342224570256 -0.34035182053108654 -0.1824164014042555 7.593650817871094 -0.3357385907801012 -0.9402545582439107 0.05657706569397698 22.13343620300293 -0.19077396022805407 0.009055603940318301 -0.9815922229399444 -0.9844787120819092
0.9221752799172773 -0.33971556444923534 -0.1848948035517184 7.431344509124756 -0.33564430669454326 -0.9404468050264259 0.05387676956840472 22.3276309967041 -0.19218650445083424 0.012375063091758013 -0.9812803907754626 -0.888456404209137
0.9225067851220082 -0.3378249640361387 -0.1866963445754584 7.25264835357666 -0.33445796310253895 -0.9410711501370118 0.050229088157186935 22.50499153137207 -0.1926631836162722 0.016105404489901092 -0.981132770640681 -0.8042467832565308
0.9250146964265402 -0.3301818093775055 -0.1879568677944837 7.058713436126709 -0.32774008384929254 -0.9437029485069042 0.044846208511257465 22.663246154785156 -0.1921828525997444 0.020117597659092323 -0.9811529103208392 -0.7336950302124023
0.9281768530017933 -0.3209632232830375 -0.1883357078502392 6.856678485870361 -0.319549333460604 -0.9467801743526005 0.038672017502885486 22.807085037231445 -0.19072480970385405 0.024288078405316462 -0.9813430267805474 -0.6728259325027466
0.931939842562484 -0.31023670773744083 -0.18772670299359942 6.645135402679443 -0.3099108347371856 -0.9502320841482673 0.031847460930843056 22.93247413635254 -0.1882641876648722 0.028498621501301356 -0.9817048559599836 -0.624235212802887
0.9362414269600927 -0.29807139870067945 -0.1860253523591619 6.433513641357422 -0.298848473451927 -0.9539854955589215 0.024520688788290147 23.04920768737793 -0.18477440396110772 0.03263610791469924 -0.9822389241426943 -0.5809832811355591
0.9410119282428173 -0.2845358002358276 -0.18312817721173416 6.219019412994385 -0.2863840709912734 -0.9579667887307879 0.016846233148314314 23.15317726135254 -0.18022406827946255 0.03659248656458444 -0.9829446958704342 -0.545855700969696
0.9461739274156019 -0.26969812265591 -0.17893524447356055 6.008460521697998 -0.27253912121408597 -0.9621027394399305 0.008985887270332667 23.254390716552734 -0.17457756581757264 0.04026464203316729 -0.9838198168949192 -0.512066662311554
0.9516419716349104 -0.2536277203923928 -0.1733509079046864 5.795034885406494 -0.2573378486060597 -0.9663208585303557 0.0011090734697681015 23.34029769897461 -0.16779388992935815 0.04355430883064109 -0.9848594989564042 -0.4879363775253296
0.9573236930699555 -0.2363918585219644 -0.16628360084937202 5.586012363433838 -0.2408058155137198 -0.9705508197247109 -0.006607991106540485 23.424421310424805 -0.15982460981236293 0.04636804455897765 -0.9860558293231184 -0.46450987458229065
0.9631185368649453 -0.2180577272040024 -0.1576499652830668 5.38136100769043 -0.2229738378230126 -0.974724166111133 -0.013980974409311137 23.50674057006836 -0.1506165714441946 0.048617153408872085 -0.9873960810134981 -0.44179868698120117
0.9689184350187352 -0.19869081706678304 -0.14737376121338325 5.176241874694824 -0.20387853319721894 -0.9787748123761946 -0.020818510016236497 23.57627296447754 -0.14010927871556422 0.05021778441229549 -0.9888617517866312 -0.4269573986530304
0.9746079951091018 -0.17835276747997553 -0.13538665444441278 4.975560665130615 -0.18356241816687224 -0.9826393094692425 -0.02692259501869108 23.644287109375 -0.12823452930528256 0.05109087803163993 -0.990426992602589 -0.4126470983028412
0.9800634154717911 -0.15710331801766841 -0.1216316123448476 4.779293060302734 -0.16207832671968725 -0.9862560323742877 -0.03208823169130039 23.710790634155273 -0.11491874373449382 0.051162350152896566 -0.9920564985248161 -0.3988623023033142
0.9851532016287037 -0.13499655743927302 -0.10606176879658304 4.587413311004639 -0.13948820251858113 -0.9895653004223752 -0.03610481350331663 23.77579116821289 -0.10008102057258449 0.05036313810237634 -0.9937038510751737 -0.38559508323669434
0.9897321785402741 -0.11209145089589995 -0.08868890233831615 4.396968841552734 -0.11588385080264291 -0.992503933044543 -0.038818500927578964 23.83113670349121 -0.08367286229760597 0.04869753101714397 -0.9953026688338379 -0.3780749440193176
0.9936352660396027 -0.0884799762207238 -0.06971550681439712 4.210879325866699 -0.0914303477623696 -0.9949946443792989 -0.04032553985459981 23.88492774963379 -0.0657985531030908 0.04644299155408605 -0.9967515231716714 -0.371084600687027
0.9967092894033407 -0.06427510321443833 -0.04938930576411357 4.029263496398926 -0.06631312522274346 -0.9969644995508482 -0.040796520176596796 23.93744659423828 -0.04661718395914263 0.043937429853144874 -0.9979460608758468 -0.3644256591796875
0.9988243771751384 -0.03960488158362446 -0.027952046712967513 3.852145195007324 -0.04071727378977863 -0.9983529003973308 -0.040417692702151654 23.98870086669922 -0.026305268974580756 0.04150830787907934 -0.9987918167472092 -0.35807493329048157
0.9998773280789378 -0.014611871226195486 -0.0056411003353197525 3.6795501708984375 -0.01482295386799653 -0.9991138990042218 -0.0393915835580259 24.038698196411133 -0.005060517004349547 0.03947036908683234 -0.999207926875982 -0.3520098924636841
0.9997944607754832 0.010544668651882463 0.017316066692043344 3.510836601257324 0.01119564882188749 -0.9992173886907709 -0.03793768028562192 24.08525276184082 0.016902474674385846 0.03812374720589654 -0.9991300647307451 -0.34764525294303894
0.9985337507745652 0.03568994109167333 0.04070106471520952 3.346038818359375 0.037173382079809254 -0.9986495959635328 -0.03629220503939519 24.128381729125977 0.03935083517318664 0.037751987851580376 -0.9985120425835768 -0.34495237469673157
0.9960862204255116 0.06063600460613553 0.06430798102742184 3.18588924407959 0.0629574849456559 -0.9974125227773232 -0.03470755676064005 24.170377731323242 0.06203705801967118 0.03862038778132931 -0.997326360365494 -0.3424035608768463
0.9924765159775335 0.08518313202881961 0.08794429629519919 3.0304222106933594 0.08840872299661023 -0.9955224251481134 -0.03345143831478606 24.211244583129883 0.08470102083921859 0.04097480988339032 -0.9955635600120238 -0.33997923135757446
0.9877627595779886 0.10912242747208517 0.11143171278175797 2.8796722888946533 0.11340269098675232 -0.9930073636085711 -0.03280557111404303 24.250972747802734 0.10707268777722849 0.04504077754385333 -0.9932304706816065 -0.3376666307449341
0.9820355137459681 0.13223885639419253 0.13460733487164991 2.7336769104003906 0.13783049849520368 -0.9899037854707607 -0.03306431906484565 24.289562225341797 0.1288759226009887 0.05102333162597664 -0.9903472200211044 -0.3354504406452179
0.9754161643189583 0.15431382527070103 0.1573230743267305 2.5924737453460693 0.1615979266945361 -0.9862522847180648 -0.03453318659527611 24.32700538635254 0.149831293371304 0.059107311042885156 -0.9869432148345523 -0.33331847190856934
0.9680545192341393 0.17512889265890844 0.17944447259925114 2.456063985824585 0.18462473607580757 -0.9820923635208464 -0.03752727465425371 24.363155364990234 0.1696589361610442 0.06945833621749031 -0.9830520763980922 -0.33135986328125
0.9601258283587423 0.19446823963912294 0.2008494398550816 2.3239431381225586 0.20684180877272298 -0.977456537646254 -0.04236960179451958 24.39601707458496 0.1880820561937467 0.08222421045080647 -0.978705430328081 -0.3309399485588074
0.951827483926401 0.21212177078363814 0.221424468390352 2.1967577934265137 0.22818795555465082 -0.9723635718657587 -0.049389685646417526 24.42780303955078 0.20482845940475417 0.09753685697251532 -0.9739260052744242 -0.3305242955684662
0.9433746917868673 0.22788816477137533 0.2410625961304824 2.0745489597320557 0.24860586000723864 -0.9668109514079131 -0.05892122374651999 24.45850944519043 0.21963450836809514 0.11551436531817454 -0.9687193164890668 -0.33010435104370117
0.9349963790283239 0.2415771355041596 0.259657965033865 1.9573593139648438 0.26803628190776796 -0.9607667948889641 -0.07130019228478177 24.48814582824707 0.23224625461992382 0.13626317712570857 -0.9630649115062938 -0.3296734690666199
0.9269304989690407 0.2530128350468063 0.2770999014481656 1.8452303409576416 0.28641240835354276 -0.9541608474966486 -0.0868620138242307 24.5167179107666 0.24242067243147597 0.1598798999438483 -0.9569068058969045 -0.32922300696372986
0.919418765392967 0.262036099377631 0.29326816476772366 1.7382036447525024 0.3036522859882072 -0.9468751234288052 -0.1059376696261571 24.54424285888672 0.2499288359861832 0.18645263005557489 -0.950142617551676 -0.3287432789802551
0.9127013329806912 0.2685077502447768 0.3080257535235624 1.6363192796707153 0.3196511293762774 -0.9387338159635232 -0.12884866415695942 24.570735931396484 0.25455732608538334 0.21606112751962378 -0.9426124107559848 -0.3282202184200287
0.9083359133422355 0.2685769210681109 0.32061239215336124 1.5397638082504272 0.33060716931385165 -0.9306034939781342 -0.15708608020436127 24.59609603881836 0.2561733165866601 0.24868368355254544 -0.934094030279462 -0.327178955078125
0.9086488598987882 0.25660886721835613 0.32940725351689637 1.4487777948379517 0.3307210662037057 -0.9238713589352555 -0.19257540992610783 24.620145797729492 0.2549133691545362 0.28392534477224196 -0.9243406151534438 -0.32489562034606934
0.9096112834513915 0.2443415216197985 0.3360126989124572 1.3628127574920654 0.331071373446994 -0.9149115405169593 -0.2309298999973917 24.643341064453125 0.25099613284238687 0.3213006284485075 -0.9131083437669162 -0.3227526843547821
0.9111348846516277 0.23209024612095785 0.34053977686369985 1.2817904949188232 0.331625974485085 -0.9034932448099057 -0.2715219505485442 24.66571044921875 0.24465779165537116 0.36032495644679063 -0.9001713674317439 -0.320748895406723
0.9131147272649407 0.2201514221661479 0.3431542600203227 1.2054367065429688 0.3323465719231584 -0.8894497248068289 -0.31372749827195734 24.686491012573242 0.23615090722416796 0.4005153409786929 -0.8853362133437916 -0.3194659352302551
0.9154365162632114 0.20878656300353626 0.3440699867774657 1.1338446140289307 0.33319159427633516 -0.8726859001559057 -0.35693512179760445 24.706377029418945 0.2257417688321528 0.4413926718674054 -0.8684544680213719 -0.318389892578125
0.9179837451866567 0.1982104408921031 0.34353815609687005 1.066980242729187 0.33411872090201106 -0.8531825904982345 -0.4005547997634355 24.72552490234375 0.21370663049115585 0.4824853245354515 -0.8494335687339162 -0.3173956274986267
0.9206438966780541 0.18858269687424273 0.3418353140754856 0.9923592805862427 0.3350869069567132 -0.830997768153692 -0.4440264340214056 24.746793746948242 0.20032868066163523 0.5233347645276588 -0.8282446160049266 -0.31628721952438354
0.9233135790266455 0.1800043556398955 0.3392498588587357 0.909916341304779 0.3360584992395509 -0.8062653748768686 -0.4868273106179677 24.77016830444336 0.1858943782739728 0.5635020649698885 -0.8049277625357473 -0.3150610327720642
0.9259028881669421 0.17251942123306374 0.33606679541651174 0.8195910453796387 0.33700102081764005 -0.7791913980748383 -0.5284799685267618 24.795623779296875 0.17068729786361778 0.602575982315581 -0.7795947869787413 -0.31371214985847473
0.9283381409287621 0.16611837998396212 0.3325552283883588 0.7213308811187744 0.337887447417125 -0.7500496019452154 -0.5685575322689546 24.82312774658203 0.15498506048929078 0.6401798797629675 -0.7524289684560284 -0.3122369349002838
0.9305634571321384 0.16074817502489722 0.32895543235588565 0.6150884628295898 0.33869734392742856 -0.7191763474981536 -0.6066873085995127 24.852636337280273 0.13905308866324348 0.6759773704979924 -0.72368420813766 -0.31063413619995117
0.9325408120303429 0.15632172324927213 0.3254706634063454 0.5008254647254944 0.33941704790576527 -0.6869632079751973 -0.6425555372723524 24.884098052978516 0.12314098216566262 0.7096795542558656 -0.6936794856289696 -0.3089013695716858
0.9342494701865134 0.15272996226032298 0.32225996661729384 0.378509521484375 0.34003889241546337 -0.6538495094306165 -0.6759100314851135 24.917463302612305 0.10747780748174929 0.7410495109271057 -0.6627926849729209 -0.30703672766685486
0.9356840357433719 0.1498534462390053 0.31943595587424095 0.24811767041683197 0.34056106852352874 -0.6203115596113856 -0.706563321733164 24.952667236328125 0.09226886723651045 0.7699074708448957 -0.6314498732885353 -0.30504149198532104
0.9368521593516417 0.14757535291077997 0.3170639473851048 0.10963378846645355 0.3409862182588691 -0.5868592836744662 -0.7343872140244592 24.989648818969727 0.07769446875859717 0.796126683624127 -0.6001215486432463 -0.3029150366783142
0.9377717897422195 0.1457911156140003 0.31516506940284483 -0.037109680473804474 0.34132092118892365 -0.5540219819848722 -0.7593152653781556 25.02766990661621 0.06390695676074185 0.8196368672074112 -0.5693077434850164 -0.30125364661216736
0.93846823386207 0.1444161294371531 0.31372178054798594 -0.19207946956157684 0.34157443110692215 -0.5223410414456449 -0.7813365116487657 25.066808700561523 0.051032166775375226 0.8404188348554967 -0.5395293318943277 -0.29992979764938354
0.938971463632845 0.1433917694046531 0.31268417124983394 -0.3551611304283142 0.3417575958716841 -0.492362555986801 -0.8004878881820453 25.107465744018555 0.03917060309976528 0.8584974746201336 -0.5113196162124563 -0.2985308766365051
0.9393136120960436 0.1426876697651308 0.3119778309881661 -0.5263440012931824 0.3418821172979632 -0.4646283835573778 -0.8168458135197366 25.149572372436523 0.028399929629234627 0.8739340330310151 -0.4852141278932419 -0.29705747961997986
0.9420168920604608 0.13906624127460446 0.30539278906107703 -0.7053253054618835 0.33504184127661407 -0.4406059747683289 -0.8328345211339564 25.192941665649414 0.01873872105364005 0.8868635495588958 -0.4616512805105924 -0.2946484386920929
0.9443202325512903 0.1364358211142393 0.29940702248137174 -0.892379105091095 0.3288747697574353 -0.41914392340858436 -0.8462622272597619 25.237722396850586 0.010034152244773747 0.8976099588276315 -0.44067638648126645 -0.29225584864616394
0.9462460977881266 0.1347548044575551 0.29403990391841284 -1.0874602794647217 0.3234407364177708 -0.4001208683647927 -0.8574901636313588 25.283926010131836 0.0021005823653148514 0.9065012042874574 -0.42219800352336606 -0.2898876965045929
0.9478147375140951 0.13399178406247092 0.2892981596119195 -1.2906005382537842 0.31877858797998254 -0.3833787130931916 -0.866833879236672 25.331256866455078 -0.005237861832467716 0.9138199845433262 -0.4060857060432679 -0.28793394565582275
0.9490437226930326 0.13412463867557242 0.2851781788936467 -1.501841425895691 0.31491022963197 -0.3687299828530204 -0.8745683203834624 25.37941551208496 -0.012147414955024166 0.9198091003275397 -0.39217809635999834 -0.28680357336997986
0.9499477762482207 0.13513832415126287 0.28166798850179753 -1.7210137844085693 0.311843537210393 -0.35596512802609753 -0.8809327079462281 25.42902946472168 -0.018783788253991462 0.9246764087911794 -0.3802902948063189 -0.28574949502944946
0.9505383578041222 0.13702707156766944 0.2787479363163633 -1.9480913877487183 0.3095753589413388 -0.34485590293707347 -0.8861362780892096 25.480131149291992 -0.02529678792621301 0.9286000150048698 -0.37021896852210556 -0.2847711145877838
0.9508236156328479 0.1397882822229704 0.27639408117401787 -2.1830523014068604 0.30809344368186153 -0.3351607993017961 -0.8903626612631692 25.532751083374023 -0.03182580580488158 0.9317330490889182 -0.3617466562669759 -0.2838684022426605
0.9508081225022726 0.14342703707859672 0.27457712799604694 -2.4258744716644287 0.3073777937880889 -0.32662691128056526 -0.8937750011682383 25.586917877197266 -0.03850722100684251 0.9342074426283341 -0.35464580650017224 -0.28303709626197815
0.9504927442063877 0.14795023568187066 0.27326593452658726 -2.676616668701172 0.3074019714114883 -0.3189924515267739 -0.8965198513369734 25.64232063293457 -0.04547055292538987 0.9361381007258585 -0.34868020475220773 -0.28328797221183777
0.9498744227780002 0.15336840813914912 0.27242744417004766 -2.93520450592041 0.308133529006023 -0.311989618997803 -0.8987303299321217 25.699256896972656 -0.05284230553690335 0.9376249831475638 -0.34360890809621847 -0.283843994140625
0.9489460569518415 0.15969264675274056 0.2720287476879173 -3.201606273651123 0.3095341084311637 -0.3053443432888809 -0.900529548509768 25.757829666137695 -0.06074550776211157 0.938756140110192 -0.33918563161215526 -0.2844976782798767
0.9476961127901903 0.1669358835933073 0.27203766020770803 -3.475808620452881 0.3115594444664274 -0.29877964258371115 -0.9020318385408138 25.818071365356445 -0.06930216710993821 0.9396079692863782 -0.3351627570112684 -0.2852429151535034
0.9461085417671851 0.17511009472041095 0.27242445176999 -3.7577507495880127 0.3141583023616219 -0.29201352000564135 -0.903345263557173 25.880226135253906 -0.07863325156976933 0.940247073306226 -0.33128877567258713 -0.2866339087486267
0.9441624373689486 0.18422563591021443 0.27316333380416197 -4.047403335571289 0.31727180324712134 -0.28476150294092767 -0.9045714395818301 25.94440460205078 -0.08885884720075328 0.9407293986669607 -0.32731071439513243 -0.28887510299682617
0.9418315667709016 0.19429226711892966 0.2742331394482719 -4.33248233795166 0.3208319910101276 -0.276736750704496 -0.9058055002891047 26.00767707824707 -0.10010061627355876 0.9410989776571347 -0.3229745823967416 -0.29114317893981934
0.939084493039102 0.20531505445391637 0.275619381299789 -4.612977981567383 0.32475950040183743 -0.2676493708160205 -0.9071356465273194 26.070085525512695 -0.11247925067425575 0.9413870313087885 -0.31802338821442716 -0.29342833161354065
0.935883742810239 0.21729650868062003 0.27731542917535446 -4.888560771942139 0.32896236374583915 -0.2572084286011621 -0.9086405160982369 26.1330509185791 -0.12611654602885386 0.941608226159762 -0.312199559970891 -0.2967455983161926
0.9321860068083738 0.23023349610867586 0.2793238013135198 -5.15944766998291 0.3333323833014712 -0.24512002833916796 -0.9103876613561753 26.19564437866211 -0.14113387599445942 0.9417583070918895 -0.3052417403799795 -0.3003637492656708
0.9279412794484245 0.24411906659200805 0.28165735073288584 -5.425731182098389 0.3377428970509609 -0.231088228486877 -0.9124297047698641 26.257450103759766 -0.15765378963807108 0.9418089572631193 -0.29688578718374364 -0.3039361536502838
0.9250715239077436 0.25764533694440384 0.27903683628834675 -5.686953067779541 0.3366983951032356 -0.21641988322325595 -0.9164041820509866 26.319366455078125 -0.17571814473727643 0.941690668158306 -0.28695264263228654 -0.3075500428676605
0.9216423697259679 0.2720215483572527 0.2767302288425051 -5.943343162536621 0.3354503421508971 -0.2000367782133487 -0.9205750134089398 26.38147735595703 -0.19506001711460103 0.9412701868174443 -0.27561209177375584 -0.3118261694908142
0.9176481120565231 0.2870182607672756 0.27484988707515734 -6.19517183303833 0.3339965354132432 -0.1822696328233605 -0.9247832693568733 26.442697525024414 -0.21533289755875382 0.9404245312286176 -0.26312248914219716 -0.31599730253219604
0.9131071368728612 0.30238965790259564 0.27348830209973746 -6.442050457000732 0.33234374543958023 -0.16345011262591763 -0.9288873427654003 26.504587173461914 -0.2361842320288075 0.9390657886836928 -0.24974477585094018 -0.32122740149497986
0.9080644534481184 0.31787854404948773 0.27271263193506096 -6.684202671051025 0.33050838090802465 -0.14390887597779717 -0.9327670907382846 26.5662784576416 -0.2572608764144409 0.9371464488796748 -0.23574005773030776 -0.3269146680831909
0.9025940516953331 0.3332184432445144 0.272560904984381 -6.921672344207764 0.32851732277754403 -0.12397882116830583 -0.9363255953656252 26.6275634765625 -0.27820917756119656 0.934662891626398 -0.2213705773975011 -0.33293822407722473
0.8967991448630639 0.34813895313004745 0.2730394899760692 -7.154064655303955 0.3264081457183055 -0.10399429493832235 -0.9394907711249849 26.689884185791016 -0.29867878428441275 0.9316568337825875 -0.20689738491481569 -0.34035825729370117
0.8908116124131081 0.36237003571694615 0.2741215577156558 -7.381797790527344 0.32422881684906735 -0.08429273707296936 -0.9422156912307295 26.75164222717285 -0.3183242772937879 0.9282147874771477 -0.19257975696874569 -0.3480615019798279
0.8847895166684105 0.37564763513521027 0.2757469227589038 -7.604291915893555 0.32203696542239246 -0.06521526568518715 -0.9444782485706845 26.814788818359375 -0.33680811168262814 0.924465155286523 -0.17867420789203986 -0.3574420213699341
0.8789138814145006 0.38771698999758564 0.2778235496211744 -7.821714878082275 0.3198984090839384 -0.047107227129699 -0.9462800415404079 26.878541946411133 -0.3538013523468534 0.920573975745221 -0.16543324411427907 -0.36795225739479065
0.8733836587373495 0.39833669485686923 0.28023001655973023 -8.033883094787598 0.31788562417179483 -0.030320529496750903 -0.947644129109628 26.943370819091797 -0.36898470780707116 0.9167379903884982 -0.1531069638618316 -0.3799157738685608
0.8684098738127584 0.4072796600154427 0.2828207375745547 -8.240334510803223 0.3160752468590855 -0.015212337186340574 -0.948612156321169 27.010398864746094 -0.3820480720897279 0.9131767974138608 -0.1419415628964526 -0.3939855992794037
0.8642080027837287 0.4143346686281878 0.28543179622692466 -8.440991401672363 0.3145459257475973 -0.002147726622295676 -0.9492398263167969 27.079574584960938 -0.39268993941804237 0.9101220630460101 -0.1321833644477568 -0.40972471237182617
0.8609911940282395 0.41930117331392647 0.2878900655864853 -8.636279106140137 0.31337520483973824 0.008501337145702614 -0.9495913375017629 27.1496524810791 -0.40061221249167916 0.9078073877890064 -0.1240790146568792 -0.42580991983413696
0.8589603266775471 0.4219882487139142 0.2900225424710382 -8.82554817199707 0.31263595205790046 0.01635559397421471 -0.9497322022689347 27.22198486328125 -0.40551931973070243 0.9064537564007964 -0.1178798915508239 -0.44306883215904236
0.8582943137461636 0.42220824739813645 0.291669447868638 -9.009544372558594 0.3123934543492277 0.021029397178074116 -0.9497200082835381 27.294288635253906 -0.40711325288027544 0.906254909108536 -0.11384568083998653 -0.46165892481803894
0.8591396175775853 0.41977001991172463 0.2926982198305126 -9.189860343933105 0.3127012458126192 0.022131983388195553 -0.9495936531899004 27.36262321472168 -0.4050889388466151 0.9073606260438102 -0.11224814443681647 -0.48040586709976196
0.86159928473917 0.4144718895964906 0.29301830193908596 -9.366621971130371 0.31359640407888156 0.01926710766500417 -0.9493608765432775 27.426727294921875 -0.3991290115811499 0.9098581380064366 -0.11337636798607847 -0.498626708984375
0.8657187773758477 0.4060988303221067 0.29259996327731236 -9.539690017700195 0.3150958275858392 0.012036898076621394 -0.9489835259490484 27.486921310424805 -0.3889030958180493 0.913749885414882 -0.11753947833569506 -0.5162206888198853
0.8714741284030509 0.39441805623052184 0.29149140715204563 -9.708984375 0.31719055908754923 4.0455292442287405e-05 -0.9483618231398275 27.54334259033203 -0.3740628192561654 0.9189311156352834 -0.12507042802926321 -0.533184826374054
0.8817350107986559 0.37910488284162625 0.2807540890842576 -9.874105453491211 0.31137177899631785 -0.02060868989737974 -0.950064680506218 27.595678329467773 -0.354388185435918 0.9251241915042275 -0.13621396520580015 -0.5484673976898193
0.8934096877623776 0.3600801957863437 0.2686287073542205 -10.035319328308105 0.30459667019806796 -0.04600182913982276 -0.9513699071444504 27.644611358642578 -0.33021205053204894 0.9317865014681523 -0.150777708449096 -0.5629662871360779
0.9059831491068806 0.3374925297440956 0.2555255875667068 -10.192946434020996 0.2966078433618291 -0.07543077937797388 -0.9520157481778735 27.68929672241211 -0.30202370898759695 0.9383011189854578 -0.16844194643856725 -0.5764727592468262
0.9189410142074073 0.31152748162519056 0.24186368185349505 -10.3467378616333 0.28716861366959817 -0.10816523701656028 -0.9517533655439484 27.730581283569336 -0.2703360866228244 0.9440608612231619 -0.18885838762426982 -0.5890874862670898
0.9317850526484519 0.2824285018770595 0.22805867005751165 -10.496623039245605 0.2760877336677816 -0.14345239365837892 -0.9503667576635186 27.768850326538086 -0.23569509748636955 0.9485017406843073 -0.21164184118394314 -0.6008410453796387
0.9440512818186799 0.25050450760391285 0.21451030037419794 -10.64310359954834 0.26323964756463936 -0.18052602949388263 -0.9476894220287669 27.80246353149414 -0.19867577921465895 0.9511350295017501 -0.2363685478403441 -0.6113867163658142
0.9553248815448566 0.21613884871414943 0.20158960483573554 -10.785798072814941 0.24858027411489406 -0.218615614614177 -0.9436180691189789 27.832645416259766 -0.15988188772425135 0.951573019333455 -0.2625767903953854 -0.6209283471107483
0.9652558459039969 0.1797847868433218 0.1896274831554241 -10.924675941467285 0.23215768384214017 -0.25696155817896915 -0.9381223627284924 27.859622955322266 -0.11993315547092143 0.9495515720791249 -0.2897720659084485 -0.6294946074485779
0.9735710372954027 0.1419619915140965 0.17890284599442655 -11.060307502746582 0.21411730975587778 -0.29483285100663487 -0.9312504322845737 27.88054084777832 -0.07945572982774365 0.9449446454330811 -0.3174372442938755 -0.6365350484848022
0.9800840834302891 0.10324292838570556 0.1696351589292578 -11.191922187805176 0.19470252454371353 -0.33154213549372735 -0.9231309437607234 27.898500442504883 -0.0390655390710932 0.9377743385967667 -0.34504082878187314 -0.6427245736122131
0.9847012622299769 0.06424045679260854 0.16197712145166474 -11.31954574584961 0.17424984429461 -0.3664639390964426 -0.913970006677037 27.91321563720703 0.0006449232470036037 0.9282119074074605 -0.37205139298356293 -0.6480578184127808
0.9874235347883663 0.025589425062323062 0.15601264138212545 -11.44308090209961 0.15318029524164228 -0.3990469257668824 -0.9040449923458916 27.924489974975586 0.03912237333970464 0.9165733644182444 -0.3979481216732764 -0.6527258157730103
0.9883441001940809 -0.012069431335355874 0.15175726815804652 -11.562161445617676 0.13198746290870075 -0.4288227651552247 -0.8936947721227596 27.934471130371094 0.07586335905083862 0.9033080122039591 -0.42223143634937393 -0.6570941209793091
0.9876417923672001 -0.048105996193885565 0.14916267327954097 -11.676749229431152 0.11122301509429372 -0.4554098135741351 -0.8833070488871392 27.94302749633789 0.11042251076225235 0.8889812792351514 -0.4444312705991724 -0.6612908840179443
0.9855703396455199 -0.08191476650656775 0.14812520595492593 -11.786661148071289 0.09148123218845185 -0.4785104133579362 -0.8733034801632821 27.951139450073242 0.1424159041971693 0.8742526839170651 -0.4641120068426491 -0.6656786799430847
0.9824443258541422 -0.11292418296037549 0.1484967188180664 -11.891830444335938 0.07338313708738961 -0.49789899250795305 -0.8641247065388067 27.959108352661133 0.171516943152021 0.8598515698434801 -0.48087130923926974 -0.6701025366783142
0.9786218253529119 -0.14060351654469352 0.15009988034039654 -11.992063522338867 0.05756088082279844 -0.5134080548572123 -0.8562119563558067 27.967853546142578 0.19744889957110132 0.846547588941697 -0.49433906553615736 -0.6752673387527466
0.9744849738174123 -0.1644630712319916 0.15274466931784714 -12.08742618560791 0.044644030883746785 -0.5249007286702402 -0.8499918444008169 27.976701736450195 0.2199680574777363 0.8351234179702974 -0.5041655784036426 -0.6805205941200256
0.9704181024072451 -0.18405210137375683 0.15624829759144737 -12.177631378173828 0.03524592845408353 -0.5322432958740246 -0.8458574339240418 27.9871826171875 0.23884394706111095 0.8263424822536111 -0.5100114420042057 -0.6867572069168091
0.9667845496735542 -0.19895110925223086 0.16045588378058778 -12.26290512084961 0.029951249294162013 -0.5352694780835247 -0.8441501693999177 27.99761390686035 0.25383174974423817 0.8209171955559816 -0.5115314270524153 -0.6931250095367432
0.9638757226908989 -0.20889575740114125 0.1652457374545578 -12.342900276184082 0.029175516007354366 -0.5338646457843477 -0.8450664643962968 28.009811401367188 0.2647496562279198 0.8193601787500759 -0.5084845297605836 -0.7004528641700745
0.9618037853259827 -0.21415772449045273 0.17049911311699714 -12.417905807495117 0.03276654249564549 -0.5283038964536697 -0.8484228584171642 28.02225112915039 0.27177165456590996 0.8216029832181366 -0.5011074792313184 -0.7080798149108887
0.9605675833344682 -0.21512889137599212 0.176151860456585 -12.492576599121094 0.04038131289899623 -0.5188792057570895 -0.853893271668916 28.03544807434082 0.27509865033389924 0.8273354397874109 -0.48973135764032755 -0.716312825679779
0.9600943250986995 -0.21218764144543883 0.18219575113348407 -12.566534996032715 0.05162398965218745 -0.5058037941462752 -0.8611024825882361 28.051361083984375 0.27487060702385663 0.8361452784325547 -0.47466537976692824 -0.7258569002151489
0.9602575941302385 -0.20570042398059196 0.1886602461818887 -12.640313148498535 0.06605567102432026 -0.4892397945174984 -0.869644221383666 28.067707061767578 0.27118628512653975 0.8475445469323019 -0.4562085485001199 -0.735797107219696
0.9608928592785505 -0.19602646707414495 0.19559789670116787 -12.713916778564453 0.08320298558863116 -0.46932574044201736 -0.879096475108216 28.084651947021484 0.2641253039309744 0.8609918545288227 -0.43466176535139256 -0.7461718320846558
0.9618120878363681 -0.18352150852700166 0.20306984906632577 -12.787165641784668 0.10256621178932651 -0.44619919243563294 -0.889036811875063 28.103078842163086 0.25376697951276816 0.875914457340306 -0.41033667095594034 -0.75738525390625
0.9628167987267545 -0.16854117116065762 0.21113428360490888 -12.86038875579834 0.12362765741819612 -0.42001935481598995 -0.8990550282942911 28.12187957763672 0.24020827298586805 0.8917273211042449 -0.38356534043809687 -0.7688091993331909
0.9637100654070124 -0.15144332529115778 0.21983591394030258 -12.933629989624023 0.14586130580606826 -0.39098205165806765 -0.9087670299641138 28.141048431396484 0.22357859759324053 0.9078534873568557 -0.35470361739378287 -0.7804028391838074
0.9643076273220668 -0.13258755524655658 0.2291971642107016 -13.006834030151367 0.16874299864102654 -0.359333001407133 -0.9178265601459656 28.160797119140625 0.20405048467994516 0.9237425692764638 -0.3241343323506427 -0.792510986328125
0.9644471914243652 -0.11233495894454867 0.239212190225708 -13.080141067504883 0.19176185745725519 -0.3253757059191619 -0.9259363045167579 28.18083381652832 0.1818488520123157 0.9388884422531429 -0.2922661253468647 -0.8046337962150574
0.9639970373563187 -0.09104382922643975 0.24984141595825726 -13.153583526611328 0.214431861942491 -0.28947415801254556 -0.9328578071854274 28.20111083984375 0.1572535804111198 0.9528461224157416 -0.25952953289590913 -0.81671142578125
0.962862420572363 -0.06906610757875328 0.2610092562217864 -13.227272987365723 0.23630330859148393 -0.2520538892141622 -0.93841866098279 28.220958709716797 0.13060132234494404 0.9652454142423754 -0.2263726681510317 -0.8289740085601807
0.9609905078749651 -0.046742077324490344 0.2726030483718174 -13.301136016845703 0.2569739357021288 -0.21359586863419466 -0.9425185416065626 28.240888595581055 0.10228215946084755 0.975803250204566 -0.19325210670580162 -0.8411077857017517
0.958373590175533 -0.024394379467167826 0.2844731549803447 -13.37517261505127 0.27609772626805296 -0.17462881625013832 -0.9451321717541346 28.260875701904297 0.0727331231535585 0.9843321039087811 -0.16062441287314327 -0.8530468344688416
0.9550499571111042 -0.002322809287545663 0.2964358007715866 -13.449639320373535 0.29339263584837394 -0.13572019906122068 -0.9463090345107807 28.279369354248047 0.042430421303842086 0.9907444837715709 -0.1289380751530831 -0.8649078011512756
0.9511032202789236 0.01920017649106462 0.30827587903981923 -13.524297714233398 0.30864469336391065 -0.09746445377677188 -0.9461707739664618 28.29753875732422 0.011879294312326899 0.9950537842110383 -0.0986247884354316 -0.8765368461608887
0.9466597162789944 0.03993276859342906 0.3197510837621008 -13.59908390045166 0.32170938281785677 -0.060470653143508524 -0.9449054836941901 28.315547943115234 -0.018397135144583326 0.997370880916854 -0.07009187768643954 -0.8878905773162842
0.9418841000897249 0.05966678159231825 0.3305967591683011 -13.674436569213867 0.3325098365601548 -0.02535188509724623 -0.9427589779539386 28.330305099487305 -0.04787014297981812 0.997896365910023 -0.043718329275729995 -0.8989880084991455
0.9369740162644509 0.07822328737165943 0.3405301897894444 -13.749874114990234 0.34103058142598053 0.007283664472475859 -0.9400239841430164 28.344594955444336 -0.07601207389304623 0.9969092564243863 -0.019851928819510145 -0.9098004102706909
0.9347528705517669 0.09578519803726825 0.34214363479713217 -13.825164794921875 0.3402221705990087 0.03623230425021434 -0.9396467925564473 28.35683822631836 -0.10240090638334712 0.9947423867342144 0.0012800024170975255 -0.9193896055221558
0.9320833768736558 0.11248385416389013 0.3443369877144182 -13.900923728942871 0.3392505319570136 0.06220968313526137 -0.9386367944477212 28.364818572998047 -0.1270025791969831 0.9917042592812875 0.01982440416927972 -0.9288195371627808
0.9290749957966367 0.12830827713366197 0.3469245425225362 -13.98524284362793 0.3381555942136102 0.0854675293718048 -0.9372012033310242 28.37229347229004 -0.14990145525484339 0.9880446788693673 0.03601758279520051 -0.9392626881599426
0.9258185886683529 0.14328388263006864 0.34975658657785424 -14.078170776367188 0.33697035495507816 0.10625146146346931 -0.9355007251832174 28.368852615356445 -0.17120432458786763 0.983961562214363 0.050087157306863084 -0.9500359892845154
0.9223865678202061 0.15746086238097823 0.35271673666428016 -14.177393913269043 0.33572117554331515 0.12480388015919425 -0.9336569411668422 28.351938247680664 -0.1910348444569081 0.9796070989511295 0.0622544768500774 -0.9605602622032166
0.9188338494215166 0.17090703933980003 0.3557177828860144 -14.275985717773438 0.33442806528817126 0.1413603272031102 -0.9317591572078271 28.30697250366211 -0.20952858111686892 0.9750938630701834 0.07273054308898019 -0.9688897728919983
0.9151992215750924 0.18370068705918807 0.35869826094132023 -14.354829788208008 0.3331051848370128 0.15615108133539013 -0.9298697627262047 28.22144889831543 -0.22682883560747907 0.9705003335248117 0.08171769676872087 -0.9718005061149597
0.911506550745968 0.19592706197665638 0.36161912882532105 -14.388151168823242 0.33176115107236187 0.1694022931182667 -0.9280287720353366 28.101076126098633 -0.243085060393127 0.9658754834198189 0.0894103122810872 -0.9667285084724426
