1.0 0.0 -0.0 23.89383316040039 -0.0 -0.9679454383871327 -0.25116056279906224 19.208356857299805 0.0 0.25116056279906224 -0.9679454383871327 -3.8112621307373047
0.9998143672066317 -0.017296798536905165 -0.008488338328335402 23.74173355102539 -0.018807034167110454 -0.9718401949632578 -0.23488918859669566 19.1666259765625 -0.004186477402269404 0.23500522592944745 -0.9719850910342245 -3.7942259311676025
0.9992125665393269 -0.03554423782802625 -0.017631052921367216 23.58321762084961 -0.038533190716585064 -0.9752575508718458 -0.2176876263838817 19.12443733215332 -0.009457276726977278 0.2181955925876458 -0.9758592333386181 -3.7758030891418457
0.998136551352044 -0.05461446877930764 -0.027215522317280173 23.418256759643555 -0.05896134887575726 -0.978092519691936 -0.1996461426159577 19.082000732421875 -0.015715730775232258 0.20087877618761546 -0.9794900372559011 -3.7559075355529785
0.9965425832246517 -0.07437216007226609 -0.03703595045523712 23.246923446655273 -0.07987871043948651 -0.9802582285133126 -0.18086789944726697 19.039073944091797 -0.02285325881493088 0.1832009476998611 -0.9828098195090493 -3.7347185611724854
0.9944034441514308 -0.09467146148068242 -0.04689461206668405 23.06924819946289 -0.10107555893036174 -0.9816880194327197 -0.16146938994490573 18.995704650878906 -0.030749335711330334 0.16530561661170717 -0.9857629184900069 -3.712239980697632
0.9917101324139697 -0.11535619916072457 -0.0566035386054406 22.88530158996582 -0.12234688658163484 -0.9823370604110406 -0.14158085706328993 18.95147705078125 -0.03927152417779243 0.14733243722339762 -0.9883070880705886 -3.6887426376342773
0.9884724312017998 -0.13626444942873286 -0.06598676061065188 22.710819244384766 -0.1434979975033693 -0.9821831211564729 -0.12134513269123089 18.910003662109375 -0.048276054794547954 0.12941528633516874 -0.990414613278833 -3.6661670207977295
0.9847199142617756 -0.1572250101004941 -0.07487981473788849 22.545804977416992 -0.16434133882117213 -0.9812276111465573 -0.1009172902831086 18.87133026123047 -0.057607419754278855 0.11168111443981936 -0.9920729377756125 -3.6445109844207764
0.9805011858981889 -0.17806333599754376 -0.08313165958688822 22.390321731567383 -0.18470266571978394 -0.9794950936532536 -0.08046295287403395 18.83523178100586 -0.06709955087964585 0.0942486598452683 -0.9932848737341771 -3.6239237785339355
0.975883522910966 -0.19859953230274321 -0.09060670769878948 22.24441909790039 -0.20441881174028073 -0.9770333358395235 -0.06015654631862429 18.801496505737305 -0.0765787119085578 0.07722749787106126 -0.9940682141860292 -3.604545831680298
0.9709517104019315 -0.218651780477189 -0.09718114509368066 22.108076095581055 -0.22334000626025383 -0.9739121136283045 -0.04018005141507918 18.770414352416992 -0.0858604546414334 0.060717327199109945 -0.9944553225291536 -3.5862231254577637
0.9658059476983504 -0.2380376774673356 -0.10274694884252468 21.981351852416992 -0.24133035513809123 -0.9702217931249862 -0.020720324183262175 18.741718292236328 -0.0947551110991615 0.044807769987954334 -0.9944916956261086 -3.569119691848755
0.9605599150175206 -0.2565752404087655 -0.10720912121045495 21.864286422729492 -0.258267052524685 -0.9660715597059815 -0.0019675130149574525 18.71532440185547 -0.10306686781767174 0.029578497873229286 -0.9942345463832054 -3.553292751312256
0.9553378509184463 -0.2740851033217069 -0.11048505210956802 21.756908416748047 -0.274040590396713 -0.9615868930107037 0.015887164789306605 18.69121742248535 -0.1105954131849313 0.015099779043114244 -0.993750799373416 -3.5387542247772217
0.9502719417056458 -0.2903901658078884 -0.11250239290365924 21.659236907958984 -0.28855205388341626 -0.9569072558927458 0.03265296034783677 18.669416427612305 -0.11713645464433478 0.0014336045069736417 -0.9931147948608328 -3.5254974365234375
0.9454984561405202 -0.3053175040258466 -0.1131984592267945 21.571269989013672 -0.30171228594478977 -0.9521827911827585 0.048141756151818135 18.650009155273438 -0.1224841456918509 -0.011364590218693186 -0.992405401105465 -3.513470411300659
0.9411543729864074 -0.318698451091374 -0.11251552550879966 21.493051528930664 -0.31343888912368806 -0.9475710986410903 0.062169733834281087 18.6328125 -0.12642985799830128 -0.023244575540888497 -0.991703171677117 -3.5027782917022705
0.9373735420117152 -0.3303679938352184 -0.11039851170058516 21.42461395263672 -0.32365238075092817 -0.9432339099762367 0.07455821554461109 18.617807388305664 -0.12876326794030724 -0.03415815744787143 -0.9910868988686606 -3.4934301376342773
0.9342819157960963 -0.34016534329707154 -0.1067934503420555 21.365985870361328 -0.3322730656875155 -0.9393330939387606 0.08513488386117188 18.604970932006836 -0.12927455911739025 -0.04405539525439161 -0.9906297040337441 -3.4854369163513184
0.9319928902388389 -0.3479344908826034 -0.10164075264636092 21.317167282104492 -0.3392176577318847 -0.9360261904986326 0.09373553959684411 18.594289779663086 -0.1277522337462211 -0.05288251842415548 -0.9903952776634032 -3.4788084030151367
0.9324341905952165 -0.34850068827169695 -0.09546596505141053 21.278255462646484 -0.3393782671596251 -0.9353476046796898 0.09973590226040589 18.585500717163086 -0.12405189232242195 -0.060598091505596155 -0.9904236463842662 -3.474182605743408
0.9330942387273019 -0.3487616011667989 -0.0877524199409202 21.249135971069336 -0.33961850859645626 -0.9347971006600174 0.10398869754133964 18.57892608642578 -0.11829797239444007 -0.06722890858251472 -0.9906996838488283 -3.470703125
0.9339184616775889 -0.3487209312740442 -0.078676673983651 21.22978973388672 -0.33991848691755683 -0.9343942242166166 0.10659669789588502 18.574556350708008 -0.11068752951188818 -0.07280896814260704 -0.9911847077959608 -3.4683709144592285
0.9348468248274621 -0.3483958818686078 -0.06842312187416702 21.220218658447266 -0.3402563822854028 -0.9341495802420557 0.10765758704169809 18.572391510009766 -0.10142489055484297 -0.07736194950094033 -0.9918306913709375 -3.467189311981201
0.9358175335162447 -0.34781545934394587 -0.05718347842630554 21.214862823486328 -0.3406097218420071 -0.9340656760796403 0.10726756339450712 18.57114601135254 -0.09072244127161895 -0.08090561792140273 -0.9925843639905242 -3.4664933681488037
0.9367708028156039 -0.34701825047263735 -0.04515303789468535 21.213714599609375 -0.34095665791974883 -0.9341378888782361 0.10552232930668068 18.570819854736328 -0.0787973375971822 -0.0834550082440961 -0.9933912830232474 -3.466285228729248
0.9376515664735491 -0.3460508256383238 -0.03253253701656582 21.21037483215332 -0.3412772369948883 -0.934355138573936 0.10251986407333967 18.569929122924805 -0.06587402673918297 -0.08502529679757474 -0.9941988289601079 -3.465796947479248
0.9384124771756155 -0.34496497592129716 -0.019524038228383504 21.208740234375 -0.3415541812271977 -0.9347009828382475 0.09836063220329683 18.56938362121582 -0.05218011084065545 -0.08563432763111137 -0.9949592946265813 -3.465501546859741
0.9395878683571803 -0.3422462960574532 -0.006489258121275432 21.208784103393555 -0.34019782175183827 -0.9357300498900172 0.093138154416602 18.569114685058594 -0.03794838219627941 -0.08530384849337364 -0.9956320473552993 -3.46559739112854
0.9416318521740515 -0.336585986128469 0.006271276839011446 21.20438003540039 -0.33582918417782637 -0.9378929325361905 0.08703795811667787 18.567642211914062 -0.023413970738023673 -0.08406379149545341 -0.9961852563322185 -3.465519905090332
0.9435776273272632 -0.33061492911081747 0.0188422359740463 21.195507049560547 -0.33103411615171663 -0.9402009424888774 0.08024089784317374 18.565093994140625 -0.00881335073081307 -0.08195093893346168 -0.9965973953692734 -3.4649462699890137
0.9453685026552461 -0.3245218268576932 0.03104799639789014 21.18214225769043 -0.32595527850776845 -0.9425725849658002 0.07287028532819403 18.56147575378418 0.005616992104421273 -0.07900953084175782 -0.9968580357482526 -3.463857412338257
0.9469622660612657 -0.31849406124759366 0.042708308396922454 21.164281845092773 -0.3207440358613383 -0.9449298670122527 0.06504467608948868 18.55680274963379 0.019640013123546723 -0.07529328906496281 -0.9969679987373149 -3.462235689163208
0.948330816393609 -0.3127160510808581 0.05364078741615241 21.141902923583984 -0.3155601280939744 -0.9471994698505146 0.05687679555160113 18.55108070373535 0.0330222384999137 -0.070864911707405 -0.9969391636670497 -3.460059642791748
0.9494584427058564 -0.3073699456099964 0.06365832318147695 21.114994049072266 -0.31057277793972315 -0.9493128745272089 0.04847283630746938 18.54431915283203 0.04553257270760083 -0.06579348594348176 -0.9967938613525024 -3.457310199737549
0.9503407156543962 -0.3026319612813728 0.07257010528089232 21.083553314208984 -0.3059574122189811 -0.9512072778023544 0.03993465367445739 18.536521911621094 0.05694370972947443 -0.060154888968595124 -0.9965634968507633 -3.4539635181427
0.9509802881915638 -0.2986759395601656 0.0801821339136275 21.047548294067383 -0.3018990929737452 -0.9528239614515338 0.03135978548134798 18.5277042388916 0.06703304508017308 -0.05402945133590143 -0.996286800703302 -3.4499969482421875
0.9513844749817452 -0.29566951403806785 0.08629669305484412 21.006986618041992 -0.2985881886955152 -0.954108620299489 0.022843691508536625 18.51786994934082 0.07558223557980125 -0.047500306722152816 -0.9960075534482963 -3.4453649520874023
0.9515602950671244 -0.2937756337870722 0.09071318451455031 20.96184539794922 -0.29622104058314175 -0.9550096306270387 0.014481040205994552 18.507030487060547 0.08237778807183098 -0.040650736802805704 -0.9957717698497891 -3.440040111541748
0.9515098399924699 -0.29315090130139715 0.09322860861175179 20.912118911743164 -0.29499718649296 -0.9554768915191251 0.006369437509565694 18.49518585205078 0.0872105748102976 -0.033562759706689 -0.9956243552676526 -3.434016704559326
0.951235932769113 -0.2938850823937156 0.09371103753195162 20.85779571533203 -0.29505551728727286 -0.9554790465305328 -0.0014259591311931198 18.482341766357422 0.08995800090717687 -0.026293535090265906 -0.9955984170765045 -3.427278995513916
0.9507721788818451 -0.29581761231935255 0.09232661645455358 20.798879623413086 -0.29628009347167905 -0.9550589524840851 -0.0089723738450522 18.468490600585938 0.09083154780516577 -0.018823855122676234 -0.9956883510424528 -3.419840097427368
0.9501494953813286 -0.298727717825623 0.08931789870625911 20.735393524169922 -0.2984858391987001 -0.9542737207842974 -0.01636672289558911 18.45362663269043 0.09012291730994054 -0.011109294450512208 -0.9958686878059565 -3.411724090576172
0.9493914676454287 -0.3023949210613509 0.08493028245777987 20.667339324951172 -0.3014804458848286 -0.9531776826928084 -0.023703290182017882 18.437744140625 0.08812140438703786 -0.0031011179705644713 -0.9961049147334777 -3.4029557704925537
0.9485188772043966 -0.3066035200350729 0.07941171883930795 20.594728469848633 -0.30506983726263853 -0.9518228440384491 -0.03107519845641714 18.420833587646484 0.08511365330813772 0.005249292205730505 -0.9963574212860971 -3.393557071685791
0.9475557785424247 -0.3111384833685958 0.07301294897447372 20.517580032348633 -0.309054491179191 -0.9502616299174858 -0.03857662749041704 18.402891159057617 0.08138407726840927 0.013988526500425015 -0.9965846442192032 -3.383554697036743
0.9465315034232121 -0.3157908446979461 0.06598678225486776 20.435903549194336 -0.31323480561598543 -0.9485461157846268 -0.046305753212891626 18.383909225463867 0.07721443892245441 0.023160497292914684 -0.99674546489414 -3.3729734420776367
0.9454841790395863 -0.32035453920749246 0.058588705353459766 20.349706649780273 -0.3174076863649308 -0.9467295455030285 -0.05436477083636934 18.363882064819336 0.07288365950129784 0.032804525309541616 -0.9968008002088053 -3.36183762550354
0.9444610819169426 -0.3246295958222487 0.05107729691910649 20.259023666381836 -0.3213689660766502 -0.9448653275349226 -0.06286096137627067 18.342761993408203 0.06866769536764675 0.042955073490888396 -0.9967144070767158 -3.350135326385498
0.9435196723934046 -0.3284200357079666 0.043713933158891265 20.173255920410156 -0.3249102229218596 -0.9430073247914427 -0.07190641439088431 18.32271385192871 0.06483806634616407 0.053642012781624934 -0.9964529891656836 -3.339022636413574
0.9427249679377666 -0.3315389319524347 0.03676372432950832 20.09239959716797 -0.3278222957301699 -0.9412072351737074 -0.08161790783196249 18.30378532409668 0.061661797321665976 0.0648912710347439 -0.9959854143985029 -3.3285815715789795
0.9421494721011358 -0.3338028858813322 0.030495993127716385 20.016464233398438 -0.3298879173812168 -0.9395151640859659 -0.09211524530936444 18.28597068786621 0.05939978270528364 0.07672607007931007 -0.9952812547138371 -3.3188395500183105
0.9418678307607926 -0.3350383254704767 0.025185508609072104 19.94256591796875 -0.3308856702871071 -0.9379756086707893 -0.10352019482841958 18.268583297729492 0.05830662549496901 0.08916881744534365 -0.9943084327404592 -3.309467077255249
0.9419536297769567 -0.33507849647733984 0.021113042142258467 19.87071418762207 -0.33058441414688605 -0.9366262584299635 -0.11595342661020026 18.25162124633789 0.058628529515719174 0.1022431084130971 -0.9930302323236951 -3.300490617752075
0.9424737652435905 -0.3337640720427144 0.01856733801695305 19.800928115844727 -0.32874080290090113 -0.9354950636260763 -0.12953173525941492 18.235076904296875 0.06060269247847751 0.11597642064105113 -0.9914014240052561 -3.2919445037841797
0.9434814821334528 -0.3309444209843992 0.017846094546547498 19.739288330078125 -0.3250972149268538 -0.9345966158644762 -0.14436400680734868 18.220373153686523 0.06445536221344664 0.13040305147491726 -0.9893637098903335 -3.28460431098938
0.9450082979368103 -0.32647890176264666 0.019257298212075058 19.685815811157227 -0.3193793547473674 -0.9339281205906848 -0.16054623424766634 18.207504272460938 0.07039989056616433 0.14556714008940147 -0.9868404446183104 -3.2785050868988037
0.9470560932155137 -0.3202345250290838 0.023121532880957668 19.64051628112793 -0.311289783685223 -0.9334662422834688 -0.1781556765595402 18.196475982666016 0.07863476887850065 0.16152592205766073 -0.9837306285903917 -3.273684024810791
0.9495855776905573 -0.3120911451365075 0.029771593331125515 19.603395462036133 -0.30050899185027535 -0.9331609225751978 -0.19724360165981786 18.187294006347656 0.08933966901226838 0.1783530479301914 -0.9799023491321925 -3.270181894302368
0.9525058828273858 -0.3019405081698106 0.039553415849691236 19.574459075927734 -0.2866899774070866 -0.9329310680880865 -0.21782671794420916 18.179967880249023 0.10267132040422122 0.19614166238251984 -0.9751856480918262 -3.2680394649505615
0.9556469951035668 -0.28975602659768485 0.052728225836314105 19.553693771362305 -0.26954998951062215 -0.9326463808332125 -0.2398197895786208 18.174516677856445 0.11866601832178865 0.21497016855608644 -0.9693844452675219 -3.2672948837280273
0.9587278209739868 -0.27578323432138424 0.06917060761412416 19.541053771972656 -0.24915967588922253 -0.9321052670421551 -0.26286731836241983 18.170961380004883 0.1369686869370085 0.23478368516468232 -0.9623493128688992 -3.2679381370544434
0.961440669447121 -0.2603362354823914 0.08863906378075484 19.53648567199707 -0.22570400479109654 -0.9311025546620971 -0.28654098297272823 18.169330596923828 0.15712905954766146 0.25548596281708613 -0.9539587944188649 -3.2699460983276367
0.9634865979961712 -0.24372561949874602 0.11086657693695116 19.529489517211914 -0.19939864649583047 -0.9294547946549842 -0.31040934984064544 18.167207717895508 0.17870018258914921 0.27696860308131294 -0.9441157967377684 -3.2720091342926025
0.9645888723569671 -0.22625812607445855 0.1355565111324016 19.52001190185547 -0.17049787720448412 -0.9270069286452938 -0.3340488409086074 18.164609909057617 0.20124308980404562 0.2991076973748651 -0.9327570981650191 -3.27409291267395
0.9645052238444438 -0.2082341548933382 0.16238291139352232 19.508012771606445 -0.13929798799165496 -0.9236386927566205 -0.35705410764241036 18.16152572631836 0.22433400036163945 0.3217609391748763 -0.9198609429163982 -3.276148557662964
0.9630392458998059 -0.18994274903909714 0.19098995508718242 19.49342918395996 -0.10613703679645037 -0.919269807735298 -0.37904874357578044 18.157989501953125 0.24756885966696685 0.3447677082816478 -0.9054528629638424 -3.2781457901000977
0.9600487070982652 -0.17165859170209802 0.22099730291069605 19.47623062133789 -0.0713932941562793 -0.9138637187526214 -0.3996950100978807 18.15400505065918 0.27057249961602625 0.3679489522236507 -0.8896089539843072 -3.280036449432373
0.9554530189212572 -0.15363536431795977 0.2520033798684928 19.45637321472168 -0.03547934040509343 -0.9074300257621492 -0.4187027164346144 18.14957046508789 0.2930029778665664 0.39110986075039494 -0.8724576389631368 -3.2817699909210205
0.9492367956140294 -0.1361047892378533 0.2835930044957553 19.433828353881836 0.001161652221357265 -0.9000247922337733 -0.4358371529925714 18.144681930541992 0.31456025880032357 0.4140420989598438 -0.8541785433224139 -3.283289670944214
0.9414525530012041 -0.1192693762044776 0.31534410783667716 19.408573150634766 0.038066426768435205 -0.8917502372464283 -0.4509240085912729 18.13932228088379 0.3349896081979237 0.4365275824856132 -0.8350003785200746 -3.284538507461548
0.9322197797859502 -0.10330185639524984 0.34683570842854344 19.380598068237305 0.0747580574616278 -0.8827521613968219 -0.4638532681719545 18.13347816467285 0.3540868749620612 0.45834195532869815 -0.8151963793866279 -3.285456418991089
0.9217225840021308 -0.08834174495835515 0.37765488774560835 19.349899291992188 0.11075576394479619 -0.8732163338869245 -0.474580230294187 18.127120971679688 0.37169966221862466 0.47925877178283544 -0.7950788582120445 -3.285984516143799
0.9102045902880265 -0.07449505830107656 0.4074040870037083 19.316469192504883 0.14558291263588724 -0.8633638262787422 -0.4831237098526435 18.12022590637207 0.3877282803292243 0.49905249199062107 -0.7749925102030946 -3.2860612869262695
0.8979623751286075 -0.06183477515189328 0.43570636148133607 19.28032684326172 0.17877454741373153 -0.8534450398608168 -0.4895622791167478 18.112760543823242 0.4021234064940828 0.5175017145081587 -0.7553070510929386 -3.285630464553833
0.8853367838836219 -0.05040382316807422 0.4622101618448542 19.24148178100586 0.20988318381594545 -0.8437331121685552 -0.49402781761925735 18.104694366455078 0.4148829090886811 0.5343911395601593 -0.7364090451004166 -3.284634828567505
0.8727044401475406 -0.0402176274046155 0.48658966552189653 19.199962615966797 0.2384828760333168 -0.8345169616949748 -0.49669644500667154 18.095989227294922 0.4260432818219826 0.5495124958445725 -0.7186954423989507 -3.2830212116241455
0.8604665472896263 -0.03127079615939855 0.5085464170584886 19.15579605102539 0.2641708719378666 -0.8260941784144601 -0.49777721804972674 18.08660316467285 0.4356731245039751 0.5626637945499028 -0.7025655719487317 -3.2807397842407227
0.8490385783014773 -0.02354369374959872 0.5278060126982553 19.10900115966797 0.28656735535498046 -0.8187630817041964 -0.4974999164654196 18.076507568359375 0.4438610631725406 0.5736485949803 -0.6884145888027573 -3.277743339538574
0.8388390774381561 -0.01701041979287407 0.5441136349892118 19.05961799621582 0.3053124029358264 -0.8128160681508824 -0.49609915941199867 18.065656661987305 0.4507031603797056 0.5822720025677092 -0.6766283885926861 -3.27398681640625
0.8361546922429139 -0.026987257597704956 0.5478293699387734 19.008981704711914 0.3043353573480123 -0.8081110574159227 -0.5043178651901767 18.054075241088867 0.4563171275637327 0.5884115964267485 -0.667492675826866 -3.267460823059082
0.8339304642796468 -0.03431002683158574 0.5508019633272463 18.951807022094727 0.30352576092488676 -0.8050370026303886 -0.5096935715219963 18.04083251953125 0.460903561714706 0.5922315817775137 -0.6609309043644447 -3.260187864303589
0.8320987639180996 -0.0392007748935759 0.5532404055505291 18.888113021850586 0.30285910800268856 -0.8035368822735248 -0.5124498409853977 18.02593421936035 0.4646375014845299 0.5939627749900551 -0.6567497347851209 -3.252166748046875
0.830609219195995 -0.041885167894281344 0.5552782705068584 18.817935943603516 0.30231697108190825 -0.8035000603893451 -0.5128275557633184 18.009397506713867 0.46764599215911234 0.5938293405219943 -0.6547319606928724 -3.243394136428833
0.8294253272631646 -0.0425906035930437 0.5569916220015996 18.741302490234375 0.30188607704185855 -0.8047739637920115 -0.5110808778371301 17.99123764038086 0.47001959850911496 0.5920514400692516 -0.6546423980535143 -3.2338671684265137
0.8285219612494327 -0.041544681141232775 0.558413287087858 18.65828514099121 0.3015572797733089 -0.8071756389725405 -0.5074748219025187 17.97137451171875 0.47182048147904254 0.5888476265708678 -0.6562346424402937 -3.223544120788574
0.8278810208215484 -0.03897774001126028 0.559547809527556 18.568927764892578 0.30132398128776194 -0.8105026485450877 -0.5022840978990784 17.949769973754883 0.473092880589387 0.5844366453988088 -0.6592548322542833 -3.2123961448669434
0.8274886648533435 -0.03512393425329777 0.5603827431156325 18.473224639892578 0.30118119595650816 -0.814542197802991 -0.4957931980175614 17.926599502563477 0.4738695988786772 0.5790399962358761 -0.663445767201599 -3.20048451423645
0.8273320906299974 -0.0302232203488636 0.5608994283876052 18.371213912963867 0.30112421738835676 -0.8190794956284885 -0.48829600197342465 17.90188980102539 0.47417909856513907 0.5728833535657369 -0.6685498079359736 -3.1878087520599365
0.8273965707007283 -0.02452218152109184 0.5610825049902388 18.2629337310791 0.3011476766541341 -0.8239050635041816 -0.480094285716866 17.875669479370117 0.47405167612665583 0.5661970584042426 -0.6743114261347578 -3.174368143081665
0.8276633116967749 -0.018274623709952253 0.5609273398573003 18.148422241210938 0.3012447644205035 -0.8288196955711906 -0.47149708815910446 17.847959518432617 0.47352405892453114 0.5592172657934826 -0.6804785193215865 -3.1601617336273193
0.828108255224739 -0.011739808709392036 0.5604452645175132 18.02771759033203 0.30140672056290063 -0.8336387072827656 -0.46281799286483793 17.818782806396484 0.47264226051862523 0.5521853697911476 -0.6868046381326043 -3.145188570022583
0.8308262863659313 -0.011146271129083563 0.5564202031947727 17.901357650756836 0.2957176306121496 -0.8381357401107783 -0.4583443728181834 17.788171768188477 0.47146448946716174 0.5453478172587424 -0.6930490555383462 -3.128709077835083
0.8352289327572096 -0.015576588242561418 0.5496817258959719 17.769325256347656 0.28536587316404094 -0.8421907145549519 -0.45747253332931836 17.755931854248047 0.4700627067940799 0.5389547014510047 -0.6989770249910088 -3.1107988357543945
0.8395514794609799 -0.020548479956977728 0.5428914010244938 17.631311416625977 0.27502782269087817 -0.8457028728056676 -0.4573252099700561 17.721891403198242 0.46852215537879843 0.5332582966065307 -0.7043596943462241 -3.0919768810272217
0.8436529183936263 -0.026003813001594767 0.5362588507384243 17.48723030090332 0.2649832075161196 -0.8485275292786545 -0.458022850729886 17.68643569946289 0.4669407382317232 0.5285119050368122 -0.7089721526364581 -3.0724072456359863
0.8474022682317374 -0.03187763502629491 0.5299935963583307 17.337095260620117 0.25551323171453855 -0.8505255961155528 -0.4596946799464578 17.649578094482422 0.4654270987109575 0.5249666910742186 -0.7125921617924847 -3.052124500274658
0.8506777889473115 -0.038100380670908915 0.5243049307268103 17.180925369262695 0.24690171119475213 -0.851560484840557 -0.4624762541657884 17.611337661743164 0.46409788234898974 0.5228700619186831 -0.7149965412142466 -3.03116512298584
0.8533665654219293 -0.04460108407712336 0.519399892490483 17.018735885620117 0.2394348333335532 -0.8514945348463132 -0.46650618185978454 17.571731567382812 0.463072851295035 0.5224632048537066 -0.71595791354484 -3.009564161300659
0.8553624273499857 -0.05131075525475691 0.5154826129687858 16.850732803344727 0.23340211281164186 -0.8501847541136952 -0.47192090185506463 17.530126571655273 0.4624700764514416 0.5239781391125229 -0.7152400562882196 -2.9871482849121094
0.856593462724984 -0.05816875193039742 0.5127026778901019 16.676855087280273 0.2290266631083213 -0.8475241136195426 -0.47880023435549446 17.48678970336914 0.4623790946856154 0.5275597341839773 -0.712661420076492 -2.9640252590179443
0.8571084364310119 -0.06513502953012563 0.5110015226267881 16.496978759765625 0.22625043622750035 -0.8435774694288994 -0.48701929446255005 17.44207191467285 0.4627913874583795 0.5330426633957585 -0.7083005369857517 -2.9403064250946045
0.8569808132855035 -0.07218041141977748 0.5102684331484644 16.311080932617188 0.22494577947619743 -0.8384470204446923 -0.4963929796071493 17.395959854125977 0.46366289689424484 0.5401819898096284 -0.702296330567765 -2.9159746170043945
0.8562787680212319 -0.07928173027194667 0.5103930629241817 16.11918830871582 0.22498467797144722 -0.8322312569990397 -0.5067277667070187 17.348295211791992 0.4649393144423534 0.5487308466988938 -0.6947847808976458 -2.890967845916748
0.8550658530818585 -0.08641926420571203 0.5112671490204874 15.92168140411377 0.22623827252346565 -0.825029241856102 -0.5178252544323652 17.29767417907715 0.466560425817484 0.558442889520933 -0.6859029874585174 -2.864847421646118
0.8534022396215176 -0.09357475207787555 0.5127849287786668 15.718090057373047 0.2285762115186035 -0.8169436088438676 -0.5294865961447568 17.24557113647461 0.46846294723999343 0.5690754833435738 -0.6757925431080881 -2.83804988861084
0.8513458720772972 -0.10072889038270773 0.5148435653081573 15.508400917053223 0.23186549013447721 -0.8080845191647575 -0.5415143621095948 17.191972732543945 0.470583255738711 0.5803904724653319 -0.6646038661411952 -2.810559034347534
0.8489525093080931 -0.10786061008829591 0.517344880839536 15.29289722442627 0.23597094284293046 -0.7985709632998789 -0.5537166520054485 17.135831832885742 0.47286081575164535 0.5921575004723701 -0.652496853295864 -2.7820537090301514
0.8462771683017444 -0.11494515690236358 0.520194737877914 15.071784019470215 0.24075432684349457 -0.7885329699272864 -0.565909099983194 17.0764102935791 0.4752392118894615 0.6041550845952915 -0.6396439050286801 -2.7523045539855957
0.8433740075919165 -0.12195421622010252 0.523304359302013 14.844513893127441 0.2460745697261408 -0.7781119832431991 -0.5779178554668738 17.01536750793457 0.477668911959366 0.61617279287508 -0.6262295903804604 -2.7217888832092285
0.8402970264987419 -0.12885487798270634 0.5265902844502872 14.611442565917969 0.2517879713186236 -0.7674611854376123 -0.5895813314089474 16.951562881469727 0.4801080344637283 0.6280125390999426 -0.6124512437546508 -2.690167188644409
0.8371002127478429 -0.13560764500702874 0.529975282851157 14.372824668884277 0.25774805067625695 -0.7567479229755492 -0.6007483029062852 16.88406753540039 0.48252375712508283 0.6394866282322405 -0.5985212411619609 -2.6571667194366455
0.8338376661246065 -0.14216965657109368 0.5333877907323399 14.128031730651855 0.26380648385350963 -0.746148688452269 -0.6112841187187891 16.814809799194336 0.48489265371700263 0.6504228804950022 -0.584661603750295 -2.6233208179473877
0.83056400239797 -0.14849255219628296 0.5367619582858859 13.878019332885742 0.26981280400912316 -0.7358510043376353 -0.6210671060425179 16.740833282470703 0.487200665756318 0.6606612304029409 -0.5711061634486821 -2.5878186225891113
0.8273339928589569 -0.1545227448289883 0.5400381334596388 13.621979713439941 0.27561543497524643 -0.7260518302926333 -0.6299879933237796 16.664501190185547 0.489443149163885 0.6700533270264631 -0.5580985062489476 -2.551287889480591
0.82420328284162 -0.16020243507709034 0.5431612360510156 13.36068058013916 0.2810614817840551 -0.7169548434577523 -0.6379499948270407 16.58355712890625 0.4916232215939842 0.6784621818773989 -0.5458898018388983 -2.5131566524505615
0.821227617606087 -0.16547075469979816 0.5460811564411555 13.093498229980469 0.2859973995884657 -0.7087684728088367 -0.6448664508104488 16.499752044677734 0.49375164557666645 0.6857599297795903 -0.5347360388070225 -2.47385311126709
0.8184632655253701 -0.17026435702486517 0.5487512475725745 12.821342468261719 0.29026877685810515 -0.7017036740713642 -0.6506581214247988 16.410491943359375 0.49584465326032034 0.691825124234194 -0.5248962538554593 -2.4328105449676514
0.8159675623589481 -0.17451723617503942 0.5511267290340962 12.54355239868164 0.2937209631748056 -0.6959709889014535 -0.6552498595186402 16.317609786987305 0.49792060910315916 0.6965401042907429 -0.5166303805865277 -2.3904919624328613
0.8137976952057316 -0.17816392167177408 0.5531644676697637 12.274523735046387 0.2961980855949815 -0.691778541235638 -0.6585659754161013 16.225502014160156 0.5000000053677071 0.6997857292774887 -0.5101959699290716 -2.3490288257598877
0.8137977957564592 -0.1810979209850294 0.5522107302804145 12.01445484161377 0.2961980936983133 -0.6882725723745019 -0.6622292317668191 16.134260177612305 0.49999983691138716 0.702484454726143 -0.5064738433095041 -2.308418035507202
0.8137977166376886 -0.18257637299129786 0.5517237935966028 11.762557983398438 0.29619806023774337 -0.6864964973128402 -0.6640702284311499 16.04505729675293 0.4999999855066823 0.703838353034661 -0.5045905144676952 -2.269397020339966
0.8137977768540401 -0.18281236499320425 0.5516455543127425 11.518439292907715 0.29619810110179334 -0.6862122081498425 -0.6643639742564378 15.958982467651367 0.49999986329109464 0.7040542909404846 -0.5042892940735286 -2.2323296070098877
0.8137977798825133 -0.18201785853946179 0.5519082103312116 11.282233238220215 0.2961981195865963 -0.6871680863605276 -0.6633752294448253 15.875516891479492 0.4999998474116336 0.7033274630357603 -0.5053025156557449 -2.197920560836792
0.8137977108780858 -0.18040462911594388 0.5524377390829905 11.054308891296387 0.2961980673614855 -0.6891034570317607 -0.661364597176321 15.793543815612793 0.4999999906609084 0.7018479858918277 -0.5073553134034139 -2.1666839122772217
0.814324651246292 -0.1794180774152535 0.5519823510486712 10.835004806518555 0.294746615522512 -0.6914344675810877 -0.6595777510490192 15.712749481201172 0.49999979501058683 0.6998053518925612 -0.5101692605909329 -2.138291597366333
0.8151177577002624 -0.17868811852531863 0.5510477269525553 10.624748229980469 0.29254613594843676 -0.6940573152930698 -0.6578002747261628 15.631845474243164 0.49999979942329476 0.6973915681925457 -0.5134639239426728 -2.1135008335113525
0.8159739975168698 -0.17796743394213219 0.5500127524270618 10.423044204711914 0.2901489826613828 -0.6968322079890743 -0.6559256373779245 15.55282211303711 0.5000000032369042 0.6948039049725647 -0.5169598924461851 -2.09053635597229
0.8168412806672727 -0.17735366163675395 0.548922581883717 10.230024337768555 0.28769829977213035 -0.69952903941439 -0.6541321054070092 15.47535228729248 0.5000000105060755 0.692246200220714 -0.5203798495079417 -2.069672107696533
0.8176685146750996 -0.17694117023092215 0.5478229845363629 10.045480728149414 0.28533875038793294 -0.7019195142477909 -0.6526030899752148 15.400290489196777 0.49999999763606917 0.689928125093808 -0.5234493142305886 -2.0502495765686035
0.8184062613642398 -0.17682087640261873 0.5467591508406762 9.869585037231445 0.28321576717388464 -0.703777059648178 -0.6515264227466703 15.327238082885742 0.500000020583915 0.6880641161848035 -0.5258970920578567 -2.032554864883423
0.8190073475618627 -0.17708168097823965 0.5457738019560882 9.701874732971191 0.2814731668111375 -0.7048766889396298 -0.6510927044245035 15.257640838623047 0.49999982100495993 0.686870389266727 -0.5274554458374496 -2.015711545944214
0.8194260049594488 -0.17781292812131733 0.5449069507623484 9.542734146118164 0.2802517459450244 -0.7049941968311182 -0.6514922419562739 15.190539360046387 0.49999998129096224 0.6865608094170317 -0.5278581946713223 -2.0002832412719727
0.8196190941968952 -0.17910625245582007 0.54419251259007 9.392013549804688 0.27968648584369316 -0.7039040766806343 -0.6529123375069504 15.126436233520508 0.500000010064267 0.6873427101261905 -0.5268396233884814 -1.9860241413116455
0.8195449302350292 -0.18105937036495764 0.5436576236282414 9.249521255493164 0.2799040356212469 -0.7013782029328007 -0.6555321100401528 15.065953254699707 0.4999998381689751 0.68940998023948 -0.5241317019387387 -1.972622036933899
0.8197024826725942 -0.1830311110404699 0.5427591107403694 9.115300178527832 0.2812049610305912 -0.6969264361569295 -0.6597100215074687 15.009147644042969 0.4990106309410342 0.6933924970584067 -0.5198030735104772 -1.9601153135299683
0.8216963397341434 -0.18279685608696777 0.5398151856628635 8.989660263061523 0.2842634910704712 -0.6894900302064807 -0.6661814811973497 14.95559310913086 0.4939730690148396 0.7008486339079123 -0.5145889616358611 -1.948858618736267
0.8237726665847399 -0.18277809040618373 0.5366477088885553 8.872448921203613 0.2885929983944823 -0.6795739249815548 -0.6744578280091693 14.90545654296875 0.4879679037247726 0.7104726948677429 -0.5070659471723752 -1.9386804103851318
0.8259187503592753 -0.18300479855049284 0.5332611569507636 8.763527870178223 0.29428534732459316 -0.666835415832437 -0.6846361533994714 14.859171867370605 0.48088912667580347 0.7223847810544421 -0.49689624263613497 -1.9294030666351318
0.8281251705763822 -0.1835019585278091 0.5296562404751743 8.662907600402832 0.30141283148564074 -0.6508944039567409 -0.6967688138210603 14.816786766052246 0.4726087249233199 0.7366569799535309 -0.4837121944008612 -1.9210338592529297
0.832901794697409 -0.18943661072818108 0.5199888180582871 8.57110595703125 0.30315144180889997 -0.6299107108238159 -0.7150606266035209 14.778531074523926 0.463005187572472 0.753210639134402 -0.4672257798706375 -1.912722110748291
0.8381907412855553 -0.19583028285407406 0.5090056792811495 8.487594604492188 0.30507642677653984 -0.6052675100315815 -0.7352411952042864 14.744233131408691 0.45206709131325806 0.7715579962760172 -0.4475864199616736 -1.9051635265350342
0.8439217769829233 -0.20219413220566862 0.49690398190755325 8.412282943725586 0.30716239151418534 -0.5772787647088922 -0.7565715386237195 14.713850021362305 0.43982644255805237 0.7911174127256793 -0.4250716877292064 -1.8983550071716309
0.8500118690127967 -0.20809391317611728 0.4839181189379279 8.345138549804688 0.3093789315607138 -0.5463073240954732 -0.7783527377391274 14.687192916870117 0.42633847966577354 0.8113231359567495 -0.3999878370870577 -1.892354130744934
0.8563653350625685 -0.21316936068015824 0.4703161028185057 8.28610610961914 0.31169138873848456 -0.5127689534390963 -0.7999477974063361 14.664155006408691 0.41168785637840905 0.8316410427920128 -0.37267450255466084 -1.8871783018112183
0.862876114510142 -0.217146397627479 0.45639046112434095 8.235014915466309 0.31406114873845825 -0.4771348569821639 -0.8207971266431733 14.64492130279541 0.39599293663013707 0.8515807479329358 -0.34351102440681786 -1.8827221393585205
0.869431633130962 -0.21984542172982086 0.4424439239673945 8.19180679321289 0.3164472224738916 -0.43992417157420466 -0.8404331494255263 14.629429817199707 0.3794071568905728 0.8707093164823648 -0.3129145178655431 -1.8789782524108887
0.8759175551076198 -0.22118057183259607 0.42877452267840654 8.156437873840332 0.318807876853428 -0.4016985345911973 -0.858486939308627 14.617609977722168 0.36211872957705327 0.888660476194981 -0.281340689802258 -1.8759429454803467
0.8822230356319667 -0.22115529909095005 0.4156595350576122 8.122536659240723 0.3211028798024274 -0.36304910588995076 -0.8746932532580183 14.606593132019043 0.34434787059441185 0.9051440108604267 -0.2492766808600324 -1.8730498552322388
0.8882460306070659 -0.21985001574008176 0.40334223643188816 8.09008502960205 0.32329506983661216 -0.3245881988990027 -0.8888885188564658 14.596301078796387 0.3263422849250942 0.9199502550217523 -0.21723775306166604 -1.8702948093414307
0.8938978394676421 -0.21740715995580379 0.3920214017053567 8.059074401855469 0.3253521756912678 -0.28693745110810964 -0.9010065820650475 14.58665943145752 0.30837090389341126 0.9329528530164493 -0.18575887510541123 -1.8676726818084717
0.899106307328543 -0.2140133694319002 0.381845683262803 8.02950668334961 0.3272478730349416 -0.25072012217551903 -0.9110698381191201 14.577587127685547 0.29071752220349323 0.9441068255450217 -0.15538862327456154 -1.8651806116104126
0.9038180479551481 -0.20987960054927868 0.3729121739281531 8.001394271850586 0.3289628245399391 -0.2165532815841571 -0.9191779677004004 14.569010734558105 0.27367205970148134 0.9534438785310901 -0.1266821780296694 -1.8628180027008057
0.9079988860001118 -0.2052225560062219 0.36526938761526273 7.974758148193359 0.33048445836108037 -0.18504336882000816 -0.9254939083740777 14.56085205078125 0.25752290345586604 0.9610632935254658 -0.10019630748508246 -1.8605804443359375
0.911632854425325 -0.20024694277401311 0.3589243661859629 7.949626445770264 0.33180718761141725 -0.15678162925361117 -0.9302276662075714 14.5530366897583 0.24254799315132636 0.9671197871195917 -0.07648390928829285 -1.8584685325622559
0.9147201891039863 -0.19512904415442833 0.35385255654431375 7.926025390625 0.3329308672732769 -0.13234515624177096 -0.9336175861861242 14.545493125915527 0.2290065790806703 0.9718072935241433 -0.05609430444392993 -1.8564825057983398
0.9172737520000871 -0.19000431848331972 0.3500103182041528 7.903989315032959 0.33386024707130185 -0.11229635013335132 -0.93590964583779 14.538151741027832 0.21713175566271364 0.9753398836838456 -0.039571605709279145 -1.8546233177185059
0.9193156212309481 -0.18495546736756147 0.3473474681807872 7.883544921875 0.33460340068456135 -0.09718352901785438 -0.9373344792217786 14.53094482421875 0.20712158943741962 0.9779298731394204 -0.027455607996076103 -1.8528906106948853
0.9208731774042903 -0.1800020930582219 0.34582052806620056 7.8647141456604 0.3351703079329508 -0.08754584787131775 -0.9380813340007481 14.52380084991455 0.19913175491984592 0.9797627115864083 -0.020287266138913074 -1.8512859344482422
0.9219761154114506 -0.17509058198492983 0.34540314230039915 7.847512245178223 0.3355717237399361 -0.08391226504130966 -0.9382698705606212 14.516657829284668 0.19326577771819622 0.9809699383140216 -0.018609655750851384 -1.8498119115829468
0.9293435789665028 -0.1718253550736728 0.32679742897938735 7.832809925079346 0.3168753399214275 -0.08309962167818868 -0.9448198091840696 14.50991153717041 0.1895007419072844 0.9816162693388635 -0.022780882025080273 -1.8461010456085205
0.9366296624434772 -0.1687514242862253 0.3069980980924602 7.819779872894287 0.2959220521493038 -0.08790724466319999 -0.9511584806894531 14.503212928771973 0.18749670525841836 0.9817307538918674 -0.0323992651173316 -1.8422582149505615
0.9436815991270335 -0.1660109945703445 0.28619117587866005 7.808393478393555 0.27305188872532427 -0.09769421950091972 -0.9570258646137205 14.496641159057617 0.1868360391695837 0.9812727394347972 -0.046862621667493165 -1.838326334953308
0.9503627959475633 -0.1637285019440322 0.26458180914396434 7.798608303070068 0.2485964650227776 -0.1118066887195941 -0.9621325594406099 14.49028205871582 0.18711053860461482 0.9801490917246839 -0.06555459049043089 -1.8343474864959717
0.9565563602316429 -0.16200341365493887 0.2423939431267573 7.790395259857178 0.22289074450922752 -0.12957664632726212 -0.9661933599123426 14.484210968017578 0.18793521679694083 0.9782457700857826 -0.08783830369924323 -1.8303618431091309
0.9621682946387433 -0.16090201399594106 0.21986976755348295 7.78372049331665 0.1962818474446591 -0.150326929347449 -0.9689557526929073 14.478520393371582 0.18895927909389423 0.9754549483215598 -0.11305766068382411 -1.826414704322815
0.9671300938708469 -0.1604538818946322 0.1972661484246872 7.778556823730469 0.16913330190868012 -0.17337396225488882 -0.9702244046598232 14.47329330444336 0.18987708580772605 0.9716974945923162 -0.14053708154142658 -1.8225500583648682
0.9714010052617932 -0.16064682539632238 0.17485046315769578 7.774894714355469 0.14182646363093618 -0.19803459202293894 -0.9698801753702622 14.468612670898438 0.19043461132451725 0.9669410001920444 -0.16958703062819502 -1.81881582736969
0.9749688961483025 -0.16142651265339394 0.15289582255877496 7.767463207244873 0.11475921654800783 -0.22363285846757175 -0.9678939336677913 14.46224594116211 0.1904362721769364 0.9612126849070329 -0.1995099010404373 -1.814797282218933
