1.0 0.0 0.0 0.0 0.0 -1.0 0.0 0.0 0.0 0.0 -1.0 0.0
0.9999999187366552 -0.00030351421979262107 -0.00026534091695516027 0.000127038 -0.0003036137341802928 -0.9999998835654503 -0.0003750837062283739 9.71429e-05 -0.00026522704282185716 0.00037516423689444475 -0.9999998944532004 0.000196529
0.9995776863070106 -0.022331243426571713 0.018594746681436534 8.91038e-05 -0.02225115088326272 -0.9997422709522125 -0.004503105115764689 8.20629e-05 0.01869051421159606 0.004087448878768637 -0.9998169619686245 8.22484e-05
0.9983171933188668 -0.044342811153513365 0.037369728697760805 6.21143e-05 -0.04403563141245352 -0.9989893866589401 -0.009003805245633392 -6.44256e-05 0.0377312163870572 0.007343053983092436 -0.9992609443324374 -0.000137658
0.9962188422498401 -0.06644893751613945 0.055969250927306625 -3.34188e-05 -0.06576789154716631 -0.9977377730232146 -0.013925542148007805 -0.000182123 0.05676797325805975 0.010191907851426448 -0.9983353756261066 -0.000422781
0.9934758823920322 -0.08799823130211097 0.07253952297246652 -0.000129005 -0.08682115191426608 -0.9960383119877407 -0.01922936901959856 -0.000301067 0.07394429447667178 0.012805949410806778 -0.9971801487063585 -0.000733685
0.9906217363960509 -0.1068590466424436 0.08514528483915797 -0.000312586 -0.10515205839930185 -0.9941592307146933 -0.02429955964948969 -0.000450023 0.08724459865265637 0.015118470009804557 -0.9960721920977916 -0.000922657
0.9873008381515764 -0.12560798474606785 0.09726093333515831 -0.000614066 -0.12327864762768678 -0.9919298515660957 -0.02962337946878394 -0.000662237 0.10019695616276553 0.017256991049847667 -0.9948179563295096 -0.00110405
0.9858991034445169 -0.13743236085330748 0.09547410129236131 -0.000756618 -0.13475073144744462 -0.9902953589127089 -0.03401973677628518 -0.000786937 0.09922297214696021 0.02067482300372491 -0.9948504176468381 -0.00123198
0.9843902600063972 -0.14879318228094646 0.09400215375855533 -0.00078654 -0.14581105542361628 -0.9885872921344352 -0.03787217905740252 -0.000846334 0.09856445668083977 0.023574450937697278 -0.9948513924914599 -0.00125872
0.9827123582710395 -0.16034037822389913 0.09256016428458633 -0.000970642 -0.15705298973715304 -0.9867044353149457 -0.041817648719609336 -0.000983329 0.09803458224521763 0.02655786965914086 -0.9948285783204935 -0.00146205
0.982439267217657 -0.16311813142750545 0.09058455402789273 -0.000941314 -0.16014957361359564 -0.9863150810853551 -0.039174926866206015 -0.00102358 0.09573505262032647 0.023979908740196003 -0.9951179647039818 -0.00144353
0.9813879361165646 -0.16917127870040696 0.09087792530498909 -0.000978716 -0.16631532715613154 -0.985332992809964 -0.03818514414152052 -0.00102702 0.09600484778290563 0.022360047920990608 -0.9951296887638076 -0.00155319
0.9836874086009779 -0.1611727771982873 0.07989003723921945 -0.000950042 -0.15914046399878215 -0.9867619818884676 -0.03122665236293641 -0.00103203 0.08386533776325558 0.018003527147051154 -0.9963144474171397 -0.00145711
0.9839062160142346 -0.15615490294603188 0.08685737950494256 -0.00097451 -0.15493650240243892 -0.987708833864979 -0.02063830730419497 -0.00106868 0.0890125738974517 0.00684878025627233 -0.9960069557473742 -0.00152865
0.9840599856761705 -0.15110974396269872 0.09376454484794818 -0.00123239 -0.15083462852161877 -0.9885078664368163 -0.010055487620135957 -0.00119611 0.09420647233476324 -0.004247737287201028 -0.9955436189832059 -0.00192235
0.9841612293918405 -0.14595995834795847 0.10060996531657922 -0.00121399 -0.14676139727624674 -0.9891717579263244 0.0005706053527746672 -0.00120218 0.09943725072358307 -0.015327226755260168 -0.9949257807939886 -0.00188858
0.9855301908314884 -0.1399248857865155 0.09566226684163731 -0.00114436 -0.14128625615148074 -0.9899398015636045 0.007575163556617735 -0.00113292 0.0936399315588611 -0.020981315922552084 -0.9953850248018654 -0.001766
0.9859394508428857 -0.13782142378585388 0.094491557386198 -0.00121413 -0.13967969586994722 -0.9901072737573214 0.013310485134796969 -0.0011305 0.09172230826417382 -0.026321884402235915 -0.9954366763226113 -0.00189758
0.9865739614342501 -0.1345313549619603 0.09259121530701359 -0.00112563 -0.13690790335638495 -0.990386207969604 0.019783454252153013 -0.00124901 0.08903956771284025 -0.03219430998930271 -0.9955076502899529 -0.00188392
0.9857475028055392 -0.13599244902145266 0.09903491567013656 -0.00118838 -0.1390678032200243 -0.9899720344625104 0.024809616879648038 -0.00122586 0.09466787639004093 -0.03822858604900146 -0.9947746319586633 -0.00201611
0.98767590310116 -0.13441580119991736 0.08017919194586975 -0.00118804 -0.13684208432214862 -0.9902633147446481 0.025550174741327165 -0.0013187 0.07596416518121099 -0.03620717965717119 -0.9964529521003967 -0.00200389
0.9888017208225832 -0.13055030644932294 0.07230334974457467 -0.00101646 -0.1331296590201778 -0.9905798264307579 0.03206401967284928 -0.00136381 0.06743627204605557 -0.04133067812651441 -0.9968671547694472 -0.00200019
0.9900076939600295 -0.11885685526093126 0.07588025999841089 -0.000893007 -0.12265390629414896 -0.9913123128845296 0.04749650086385989 -0.00130788 0.06957575131272767 -0.05632891159082123 -0.9959850744605878 -0.00185962
0.9910841379507631 -0.1070995402080393 0.07925856414053592 -0.00121491 -0.11219890113766712 -0.9916900848094263 0.06294586780856251 -0.00153414 0.07185845869410834 -0.07127737493692929 -0.9948647635413608 -0.00230065
0.9920290261637639 -0.0952835551602962 0.08245881010898326 -0.00112453 -0.10177112173339171 -0.9917125175065649 0.07841505851505197 -0.00143083 0.07430376861035873 -0.08618193973685352 -0.9935047172678608 -0.00219652
0.9928426243907155 -0.08341242170058832 0.08547450554989994 -0.00139698 -0.0913732142624274 -0.9913799724860036 0.09389720905864612 -0.00165018 0.07690551936180648 -0.10103523177433593 -0.991905954731595 -0.00268445
0.9935250605098337 -0.07150451590731584 0.0882896276115826 -0.00138204 -0.08102015586125803 -0.9906933245478448 0.10937308188286837 -0.00150293 0.07964727542828423 -0.11581813718584663 -0.99007195224168 -0.00248935
0.9940767275368446 -0.05954688194376399 0.09091550264071406 -0.00179474 -0.07070044429497659 -0.989653301367924 0.12485107235447496 -0.00164781 0.0825403352678626 -0.13053931186560186 -0.988001306229665 -0.00300579
0.9944968697081573 -0.04754610836324132 0.09335600527115281 -0.00173683 -0.060420732040939985 -0.9882600054164188 0.14032639393206436 -0.00157328 0.08558803234280787 -0.14519479768177268 -0.9856942525174 -0.00303397
0.9947856301968394 -0.03550811116810511 0.09560713359969661 -0.00175196 -0.05018571832735233 -0.9865142785235701 0.15579143732916606 -0.00143729 0.08878594274908838 -0.1597771958396858 -0.983152228324669 -0.00293364
0.9949444129039744 -0.023440173096394797 0.09765333336029308 -0.00194616 -0.03999855880868065 -0.9844184150136217 0.17123229682304997 -0.00144349 0.09211802497011101 -0.17427260963008395 -0.9803791751196709 -0.00317608
0.9949715890502798 -0.011340399995676213 0.09951347803538733 -0.0016644 -0.029860691508672103 -0.9819718078398402 0.186653978554919 -0.00131476 0.09560269915324236 -0.1886869469139143 -0.9773726822348375 -0.0028648
0.9948677333226345 0.0007810223212437826 0.10118094285791664 -0.00205614 -0.01978006969960497 -0.9791760498913024 0.20204705432632375 -0.0013732 0.0992317592112628 -0.20301146106414625 -0.9741352086032197 -0.00348689
0.9946326551599511 0.012926028173588119 0.10265865324034279 -0.00175471 -0.009755088368591965 -0.9760317841391144 0.2174092790134262 -0.00127674 0.10300834694521749 -0.21724381267569495 -0.9706669904317036 -0.00324335
0.994264477282898 0.025084476281877044 0.10396594761281035 -0.00186963 0.00019991804071200353 -0.9725393536146582 0.23273840616357272 -0.00125868 0.10694909651858998 -0.23138274507933193 -0.9669663468980761 -0.00349211
0.9938501211005275 0.03402043968352475 0.105378111921815 -0.00199544 0.006986434923093915 -0.969004567405054 0.2469439978521641 -0.001256 0.11051301514089772 -0.2446891048491614 -0.9632829882503811 -0.0037049
0.9933666978597226 0.04297298730652253 0.10665798584833636 -0.00188872 0.013719872059862174 -0.9652122506146641 0.2611074039050516 -0.00113669 0.11416815972035058 -0.25791206568388425 -0.9593992900147157 -0.00347872
0.9928582415280108 0.05149257090732204 0.10761518188090541 -0.00184363 0.020053147680961433 -0.9612529452857156 0.2749375319006528 -0.00107846 0.11760265089695679 -0.27081597131796226 -0.9554204970488739 -0.00337073
0.9922889270116196 0.06002137726426375 0.10844408513805331 -0.00191735 0.026336711777584218 -0.9570514356379486 0.2887194609929951 -0.00105865 0.12111590705961331 -0.28363706354184764 -0.9512523078776128 -0.003573
0.9916684657247468 0.06849547147826668 0.10909639991354507 -0.002084 0.03253080855385068 -0.9526257707789201 0.30240021055333394 -0.0010656 0.12464108705382394 -0.2963317587347633 -0.9469171495876516 -0.00390191
0.9909567994065174 0.07700002928150392 0.10988911320344222 -0.00211593 0.038605026839644285 -0.9479412033962675 0.3160967048331042 -0.00107708 0.12850787373815561 -0.3089959067597559 -0.9423413691401936 -0.00407847
0.9901869475692671 0.0854909559967269 0.1105491081204328 -0.0019176 0.044606284632186355 -0.9430212935464204 0.3297288572287062 -0.000886531 0.13243899816432397 -0.32156202568214093 -0.9375808100662195 -0.00357009
0.9893683854854192 0.09390168581665226 0.1110525605412375 -0.00177403 0.05048655096645276 -0.9378849341248934 0.34325349016879025 -0.000923321 0.13638660481691836 -0.33399749062281103 -0.932654475293063 -0.00356569
0.9884916363447197 0.10231134486202136 0.11143012873125284 -0.002071 0.05630653756848199 -0.9325161132299081 0.3567117497274724 -0.000956127 0.14040604938387866 -0.3463323364618301 -0.9275451762676047 -0.00414679
0.987556236150322 0.11071876692712579 0.11168721990785646 -0.00202798 0.062063445541792446 -0.9269152677652938 0.37010297906268513 -0.00079333 0.1445019348247284 -0.35856581130070136 -0.9222525412261976 -0.00410938
0.9865617234932935 0.11912301096020132 0.11182877088530287 -0.00195862 0.06775488775720458 -0.9210836190509704 0.38342436268575203 -0.000835959 0.14867831355967964 -0.37069485426121346 -0.9167770089292744 -0.00407475
0.9855088342466803 0.12752101247645958 0.11185137012449861 -0.00160447 0.07338002247944195 -0.9150236541013429 0.39666999475123177 -0.000772117 0.15293040875726951 -0.3827141280538312 -0.9111213894236759 -0.00372754
0.9844010713804161 0.13590137915813455 0.11173784411740714 -0.0019353 0.07893642776881302 -0.9087389800413181 0.409832290729469 -0.000797042 0.15723730802894073 -0.3946191598191628 -0.9052911949574183 -0.00441763
0.9832354706655936 0.1442730244018027 0.11150472481005348 -0.00164094 0.08442544164699062 -0.9022278219067686 0.4229152423123089 -0.000888528 0.16161792607170622 -0.4064114316887817 -0.8992827109229641 -0.00426489
0.982013100726674 0.1526301881413011 0.1111498793032808 -0.00178048 0.08984410237917989 -0.8954943672057286 0.43591039855742236 -0.000857071 0.1660671769762535 -0.4180835609908173 -0.8931001224724892 -0.00475819
0.98132463631061 0.15916507888776207 0.10802053430946285 -0.002143 0.09490777315032703 -0.8890719089948648 0.447821008028736 -0.00074648 0.1673154887196503 -0.42920579947023035 -0.887574170948899 -0.0052548
0.9805988852922124 0.1656547913307115 0.10480608891113694 -0.00201902 0.0999499968963696 -0.8824622260313985 0.4596416188163607 -0.000729242 0.16862925097410122 -0.44024869078384243 -0.8818986710382472 -0.00519358
0.9798366765618963 0.17209538977941094 0.10150499534904867 -0.00218656 0.10496959152332044 -0.8756700649339227 0.4713632593171075 -0.000611878 0.17000432970829016 -0.45120407156329173 -0.8760784289577862 -0.00543694
0.9790376817583997 0.17848754737502598 0.09811938202611321 -0.0022109 0.10996544821139481 -0.8686935329042815 0.4829897991572337 -0.000647962 0.1714433372773802 -0.4620754714571266 -0.8701111657603693 -0.00580038
0.9789193779737597 0.18240697177574416 0.09189422220722163 -0.00240647 0.11442140717377648 -0.8624497137650906 0.49303978825941236 -0.000598027 0.16918804038063742 -0.4721315366231282 -0.8651399997214575 -0.00613534
0.9799708684136563 0.18356285301880604 0.07721253817988741 -0.00255231 0.12089512888532539 -0.8564889545627428 0.5018077704896772 -0.000522028 0.158244952122919 -0.48242237686866907 -0.8615260793638222 -0.00642356
0.9808342299889985 0.1845440586521106 0.06251162850298267 -0.00261664 0.12747643347844695 -0.850423136712414 0.5104216369354202 -0.000492155 0.14735661569642414 -0.49267025378078716 -0.8576491408787577 -0.00673025
0.9815205855772949 0.185172017141763 0.04825623437085178 -0.00261739 0.13378147871185064 -0.8443334940405457 0.5188482117102787 -0.000464733 0.1368205249283696 -0.5028044101924068 -0.8535032917624811 -0.00687442
0.9820359409471299 0.18561316669981737 0.03395825430954085 -0.00289533 0.14019043343687076 -0.8381512765213669 0.5271139156182333 -0.000299662 0.12630143728741944 -0.5128841877200637 -0.849115867785936 -0.00713659
0.9823743775269648 0.1858876497021438 0.019656145774830568 -0.0026635 0.1466998507949885 -0.8318717554000207 0.5352275556662007 -0.000373945 0.1158435848687204 -0.5229102831804906 -0.8444791883692945 -0.00700201
0.9821067721162732 0.18757805651820306 0.016755920631469065 -0.00240513 0.14815568702310059 -0.8244876877234079 0.546140957258491 -0.000442061 0.11625910960465564 -0.5338862477207684 -0.8375256974735584 -0.00682371
0.9818345974628577 0.18923305914901722 0.013844585586173852 -0.00241538 0.14960225353242423 -0.8169580811798791 0.5569548090580694 -0.000418748 0.11670470840102642 -0.5447663195536181 -0.8304274008708026 -0.0067556
0.9815633739580538 0.1908268013740415 0.01088461213980739 -0.00257179 0.15103952210883514 -0.8092870392088711 0.5676632372539848 -0.000300724 0.11713413535437321 -0.5555534358150359 -0.8231889055914761 -0.00698715
0.981286974242209 0.19238813137304867 0.007917138962834323 -0.00245026 0.15246864713153424 -0.801472192921517 0.5782695181448307 -0.000299035 0.11759755875208444 -0.5662412302900255 -0.815807381245836 -0.00663003
0.9810071752502383 0.19390880427994853 0.004929272793098113 -0.00251642 0.1538899398942278 -0.7935140303874968 0.5887727659951177 -0.000217813 0.11807967016764194 -0.5768317425392878 -0.808283571707473 -0.00677835
0.9807449807747861 0.19528428075906226 0.0018254789729322402 -0.00259033 0.155280237950744 -0.7854397522503755 0.599143090827917 -7.48382e-05 0.11843703131632943 -0.5873231182860803 -0.8006398843048541 -0.00673378
0.9804785585722496 0.1966217888208318 -0.0012916427446364384 -0.00242122 0.1566646437567511 -0.777224064034841 0.6094086836284295 -0.000106008 0.11881912967470273 -0.5977145024558642 -0.7928552124929776 -0.00635048
0.9802098481872837 0.19791171646865754 -0.004427866426612408 -0.00234849 0.15804008857395593 -0.7688737080565834 0.6195615800409642 -8.011e-05 0.11921402568573206 -0.6080001427168826 -0.7849355658498677 -0.00631355
0.9784405733376714 0.2064611006252795 0.005278103375961157 -0.00229238 0.15667716262656517 -0.7586750826514846 0.632348310407367 2.01021e-06 0.1345596936602413 -0.6178882851230967 -0.7746662222852504 -0.00610034
0.9764659642430884 0.21515780792274328 0.014877444830868239 -0.00210635 0.15505691930868978 -0.7483040083057866 0.6449794282982924 -0.000113178 0.14990521154821168 -0.6274936086075886 -0.7640551018789892 -0.00561677
0.9743024935192864 0.22393126923890283 0.02427833971165827 -0.00233143 0.15318800164462976 -0.7377829749673689 0.6574265875369077 8.94249e-05 0.1651305158782761 -0.6368132131994063 -0.753127375827238 -0.00571251
0.9689053546987436 0.24334271389954693 0.04479662072194089 -0.0023303 0.15078285576471917 -0.7242319600439773 0.6728689311138502 0.000127153 0.19618089622472945 -0.6451917479655661 -0.7384041334618867 -0.00569871
0.9626862642612933 0.2628145204978873 0.06452661790378025 -0.00244709 0.14786516744751702 -0.7105349093161769 0.6879506049846673 0.000242414 0.22665182297601896 -0.6527393587478219 -0.7228833105578863 -0.00545091
0.9556802803363624 0.2822408734250045 0.08375733486986213 -0.00256749 0.14418603689167933 -0.696745811378187 0.7026774943688057 0.000429465 0.25668188198952196 -0.6594583866289383 -0.7065614253290895 -0.00526106
0.9532038384468806 0.29030444588153437 0.08441428239076655 -0.00266544 0.14555430305008077 -0.6853875893299288 0.7134828640241571 0.000571207 0.2649837489993265 -0.6678077426130398 -0.695569142265769 -0.00502724
0.9517380820732477 0.2955378341421462 0.08277687915176149 -0.00277021 0.14656066432911172 -0.6746150705723364 0.7234738960239622 0.000762677 0.2696564384600254 -0.6764258238323333 -0.685371074710484 -0.00523534
0.9502656292169487 0.300695952586624 0.0810998028785463 -0.00277089 0.14744624158850894 -0.6637360959611958 0.733289847713449 0.000842875 0.2743261558261249 -0.6848622774078105 -0.6750620869323409 -0.00504828
0.9487725871451785 0.30583197917795923 0.07935602304763831 -0.0027678 0.14825815600128603 -0.6527153610776185 0.7429550299933453 0.000892869 0.27901630250030784 -0.6931301882946713 -0.6646205270781592 -0.0051409
0.9471460094051923 0.31121413448649304 0.07784728231378613 -0.00267394 0.14892354676825956 -0.6414756185290807 0.7525495386024067 0.000863702 0.2841411868874016 -0.7011809989785492 -0.653918184932689 -0.00495887
0.9454967694747223 0.3166102587048343 0.07611703485896919 -0.00266779 0.14963654648605615 -0.6300548830127155 0.7619972101967037 0.000885931 0.289214043346083 -0.7090760103646795 -0.6430913221749448 -0.00502302
0.94373376883658 0.32201695820137954 0.07531037238146816 -0.00265502 0.14955499363788766 -0.6186795071827108 0.7712774930400402 0.000957768 0.29495741630865263 -0.7166175730631289 -0.6320279871505968 -0.00510892
0.9426490208434385 0.32577420365319965 0.0726910705453618 -0.00266928 0.14984502733319272 -0.6076220685221686 0.7799627488722497 0.000981678 0.29826044204088126 -0.724338726066034 -0.6215899923861495 -0.00502477
0.9415587093498037 0.32949066916347325 0.07002210923514836 -0.0021545 0.15008307505078872 -0.5964482105499052 0.7884951507239062 0.000934091 0.30156635659640774 -0.7319053429686266 -0.6110419801479647 -0.00384913
0.9404807548777667 0.33309403944736277 0.0674115019057201 -0.00146619 0.15014222830278218 -0.5851929396729829 0.7968729727109382 0.000608999 0.30488237237469373 -0.7393223818075111 -0.6003741789697883 -0.00247646
0.9393994582619623 0.33664829922077905 0.06478101920230132 -0.000769454 0.15011937463988145 -0.5738254427209437 0.8051015679054687 0.000395223 0.30820907055903307 -0.74658709064507 -0.5895887421815882 -0.00164879
0.9383462762648849 0.34004138691145114 0.06227456147706627 -0.000359365 0.14984766252441667 -0.5624255094839763 0.8131563344878143 0.000516196 0.3115316097216984 -0.7536905210157725 -0.5787042894909116 -0.00166877
0.9373158559137661 0.34327798416109995 0.05999343166493942 -1.14332e-05 0.14925070809482932 -0.5510169409097686 0.8210387061300048 0.000471743 0.31490190914924 -0.7606185354175456 -0.5677113978012346 -0.00151913
0.9289830000827614 0.36158178818785786 0.0790518564494408 0.000287667 0.13954169070399686 -0.5399808059243608 0.8300294246523718 0.000432761 0.34281000876972945 -0.7600521953682842 -0.5520887231262283 -0.00153359
0.9218060502850645 0.3752753738163377 0.09716995145031873 0.000372944 0.12750898438491529 -0.5302419284411661 0.8382034098141818 0.000671763 0.3660806803956974 -0.7602709327141225 -0.5366311995318778 -0.00181973
0.9106622450246472 0.3954062740750185 0.11978377982340072 0.000542254 0.11463033263714753 -0.5203581452347218 0.8462194086212969 0.000442545 0.39693092891102155 -0.7568892119128081 -0.5191960694803476 -0.0015708
0.8985357020064715 0.4153643828758463 0.1417957039472802 0.000611814 0.10133923724732877 -0.5106812880804312 0.853776891815796 0.000542842 0.4270409245187948 -0.7527795503616441 -0.5009580794272652 -0.00148742
0.8854010935722756 0.4352268915991442 0.1632251706384915 0.000657103 0.08767250756960288 -0.5012126060978046 0.8608713346982255 0.000415453 0.4564848682239925 -0.7479060611584807 -0.4819316224994273 -0.00139008
0.8714212644647874 0.45483163769961243 0.1837203341660353 0.000699924 0.07384803033589782 -0.4919018909632194 0.8675131111875586 0.000360149 0.48494478887199055 -0.7424019874800293 -0.46224218839435555 -0.00116837
0.8564322128287247 0.47433918387315643 0.20377979161791662 0.000772704 0.059554897009945346 -0.48286276639869663 0.8736685659149769 0.000331038 0.5128129084485183 -0.7361018186829492 -0.4417884487627828 -0.00104287
0.8401374866446254 0.4942301907818155 0.22339543874981402 0.000784719 0.044994636070854105 -0.4739753004619398 0.8793877968660156 0.000506511 0.5405039188195614 -0.7287550569785323 -0.42044212523118185 -0.000703732
0.8229041167271114 0.5138548908961953 0.24244992426402653 0.000903842 0.02998544864999647 -0.4653944546081637 0.8845953167913723 0.000314985 0.5673884802697631 -0.720667158070929 -0.398383182043544 -0.000859681
0.8047294076533628 0.53326970365236 0.26083328703290953 0.00110793 0.014654751019780754 -0.4570897395463963 0.8892998416023451 0.000505834 0.5934608822242763 -0.7118232878797462 -0.3756484900830189 -0.000690982
0.7865033340097851 0.5501549125844469 0.2806101882517664 0.00139313 -0.003738098435076387 -0.4501170913522956 0.8929617184922534 0.000667194 0.6175747179180684 -0.703366317242835 -0.35196205982558615 -0.000641146
0.7611877915353682 0.5711827091820718 0.3071538030839564 0.0016347 -0.025821279875185787 -0.44654666925789477 0.8943876864538599 0.000798776 0.6480172895248371 -0.6887280921423994 -0.3251572043962343 -0.000646154
0.734394444683927 0.5915641407226802 0.33274114117196796 0.00173297 -0.048172265667470515 -0.44357951508307897 0.8949394653378089 0.0013178 0.6770112498606274 -0.6732674663235241 -0.2972653467063617 -0.00101695
0.7080003898306823 0.6091574507955153 0.3572991017899586 0.00194093 -0.07201427953557216 -0.44102540723147865 0.8946007677837533 0.00151109 0.70253070505322 -0.659108329727836 -0.2683781253023575 -0.000804894
0.680319360608957 0.6262477075595065 0.3807615741603705 0.0019922 -0.09587715201132091 -0.43900757061932316 0.8933531914428462 0.0017225 0.7266176018393846 -0.6442718073262118 -0.2386225030918055 -0.000250335
0.6513961617902049 0.6428091558198155 0.40308737216539753 0.00224303 -0.11971662671244171 -0.4375297264925712 0.891199005679388 0.00203628 0.7492335882043619 -0.6287798721568242 -0.20805024075175832 -0.000482356
0.6213216197075946 0.6587793694326864 0.42422775403526247 0.00241206 -0.14349683101736238 -0.43659081200747424 0.8881425124148876 0.00253133 0.7703039039054039 -0.6126974826784635 -0.17673055861273107 -0.000326794
0.6074880948204224 0.6571208555986638 0.44626269818206105 0.00253957 -0.1802990919445955 -0.43307589478780123 0.8831407061152258 0.00287037 0.7735957937420599 -0.6169582242672719 -0.14461015667499638 -4.01776e-05
0.5927934666696502 0.6556015481456572 0.46774193306009626 0.00265257 -0.21685544635915072 -0.4293999384858265 0.8766923110263609 0.00308413 0.7756091936395233 -0.621129859930583 -0.11237471176587094 4.30839e-05
0.5713838446388256 0.6618549126531024 0.485251045009394 0.00277944 -0.24658337080898265 -0.42550315898363167 0.8707144784229961 0.00268988 0.7827625076140491 -0.617167024631019 -0.07992321553754611 0.000370572
0.5493060687140131 0.6680845483137605 0.5019221843855431 0.00289008 -0.2760947507458902 -0.4218179320329193 0.8636210516343594 0.00325962 0.7886916580543509 -0.6129703651236906 -0.047252513114209305 -0.000246136
0.5265953405788959 0.6742823702610944 0.5177264069329258 0.00297961 -0.3053423201140938 -0.4183472576904348 0.8554248298537023 0.00333894 0.7933873044282592 -0.6085465118936874 -0.01441277329618873 -0.000189767
0.4930912026251648 0.6955985104155581 0.5224976346370622 0.00297875 -0.3179749002721711 -0.41493458850013293 0.8524794719306311 0.00341088 0.8097857918552109 -0.5864912612937055 0.016582271724549402 -0.000238162
0.4586103624728279 0.7180149523777701 0.5235752702281589 0.00291032 -0.32734678864189215 -0.41125568513913047 0.8507131369660308 0.00302897 0.8261480590053949 -0.5615365434258865 0.046433770027056454 -1.45945e-05
0.4234635789837326 0.739397001794118 0.5234220773067919 0.00292882 -0.33677525064401115 -0.4078878486233567 0.8486518329085688 0.00324818 0.8409881258543142 -0.5356487437521709 0.07628496240262289 5.32533e-05
0.3935812629440339 0.7529177949694461 0.5274548165271851 0.00296174 -0.3546409726899331 -0.40499370861155265 0.8427395068908298 0.00336511 0.8481294535322526 -0.5187435686381162 0.107617563843801 3.49795e-05
0.3641319018702214 0.7659213220462009 0.5298796905669954 0.00289997 -0.3718370258895624 -0.4020717739753416 0.8367051540118098 0.00342093 0.8538999849033726 -0.5016999272546501 0.13839074670908624 -7.46728e-06
0.3344513626114865 0.7783591669003104 0.5313184481547534 0.00286665 -0.3889453187483426 -0.39952645436337175 0.8301205643083318 0.00366586 0.8584077265909661 -0.4842887770391628 0.16911698720956997 -0.000297022
0.30489916545753104 0.7902298372366663 0.5315762440555571 0.00279793 -0.40575030866376194 -0.39718296161412664 0.8231721460440055 0.0038467 0.8616282179238115 -0.46667172546056757 0.19953524684399393 -0.000420461
0.275149179530908 0.8015667448619472 0.5308330081437009 0.00286328 -0.4223789479839808 -0.3952181482673755 0.8157197065046626 0.00363366 0.8636486283804394 -0.4486572955068593 0.22982096920224004 0.000103884
0.24600112603054125 0.8125924676960414 0.5283719593575757 0.00278168 -0.437964507632153 -0.3931137403626814 0.8084854217563778 0.00360992 0.864679441207105 -0.43029648915802265 0.2591802372327955 0.000404539
0.22682676537571805 0.8243528132745772 0.5186444425186478 0.00266041 -0.445393372318156 -0.38577788465055496 0.8079604987928578 0.00359885 0.8661260661152332 -0.41426786377998626 0.27965652975555083 0.000635158
0.20766200987287764 0.8356881491425954 0.508430729832669 0.00265945 -0.45291162077659153 -0.37855253420226703 0.8071982672271805 0.00373905 0.8670337671746574 -0.3978986004394398 0.2998818939970488 0.000519634
0.20636663207493966 0.826328144386269 0.5240177582498441 0.00263388 -0.48202151023953255 -0.38020017901135 0.7893687905827907 0.00370834 0.8515092934504279 -0.41548721000156286 0.3198473096536385 0.000343334
0.2044700321564839 0.8168303956795211 0.5394257230091676 0.00242309 -0.5106079872680069 -0.38115503087808267 0.7707141660657617 0.00370887 0.8351475853332996 -0.43302303302522455 0.3391453428570029 0.000603754
0.20730772516225726 0.8008900358158136 0.5617816814555224 0.0028521 -0.5440117218852335 -0.3828980148130423 0.7466192849797639 0.00422856 0.813065036475873 -0.4603957653836266 0.3563158510048511 0.000708044
0.20902113453208532 0.7844700003502865 0.5838809672093632 0.00274202 -0.5766549420651563 -0.38334093941219394 0.72146988985155 0.00447301 0.7897969632195043 -0.48750030022657237 0.3722421445353154 0.000427432
0.20962365362104413 0.7675945453768129 0.6056868314156487 0.00274709 -0.6084814674521877 -0.38247991181523966 0.6953124627281169 0.00425239 0.7653810995901302 -0.5143031508415736 0.38689021882781266 0.000462039
0.20626193593393338 0.7546566077981757 0.6228558565923064 0.0025172 -0.6358349259925423 -0.3804659361966663 0.6715352695741691 0.00432249 0.7437539651476446 -0.5345456722306748 0.40136138781229536 -6.09466e-05
0.20215275300395763 0.7415356180735485 0.6397336880149439 0.00264129 -0.6624379590666508 -0.3775846334186744 0.6469975231743131 0.00437288 0.7213253183138183 -0.5545762091312302 0.41489156827429374 -3.79562e-05
0.2118275042751897 0.7226366742714733 0.6579706265711334 0.00267333 -0.689553495207586 -0.3665828235589483 0.6246062845653662 0.00440954 0.6925641383146739 -0.5860147357101306 0.42064431988443585 4.05219e-05
0.2204419157092518 0.7030942952593409 0.6760649183119962 0.0025628 -0.7157556859319143 -0.35427108880865743 0.6018187382347473 0.00438112 0.6626455763487522 -0.6165633849070988 0.4251475420807825 -9.04724e-05
0.22795956389793037 0.6830605067908708 0.6938751914357968 0.00245089 -0.7410040785724294 -0.3405841822198206 0.5787187316483547 0.00435975 0.6316228247668776 -0.6460888165602733 0.4285111997944224 -0.000347752
0.23409635105286375 0.662675200944178 0.7113792775146937 0.00237082 -0.7652867238492679 -0.32568074598785224 0.5552191297072268 0.00428952 0.5996124821280728 -0.6743838890026875 0.4308958592627945 -0.000493563
0.23264125666541474 0.6590775626976607 0.7151886548636294 0.00228177 -0.7853337182103622 -0.30647492967658896 0.5378885279698918 0.00421446 0.573697652722254 -0.6867968286387472 0.44629712012597084 -0.000788521
0.2330551433827604 0.6441644284517163 0.7285173225533585 0.0021919 -0.808715628613353 -0.28765768022234467 0.5130614885621491 0.00418857 0.5400595635477163 -0.7087349632454806 0.4539057387763203 -0.00106939
0.22896598739742458 0.6328971296433116 0.7396051648713523 0.00222489 -0.8312330788714374 -0.2682803992797264 0.4869057362079666 0.00419141 0.5065828117939196 -0.7262691310055581 0.46465794316184716 -0.0013033
0.22030688520632877 0.6137681656289022 0.7581249997139111 0.00236643 -0.8569447935432875 -0.24948417283801322 0.4510025147628166 0.00418141 0.4659511746414401 -0.74903023060746 0.4710023529520819 -0.00148038
0.2107093776824705 0.5946518971651671 0.7758805831792243 0.0022788 -0.8805676272959322 -0.229205459331151 0.4148078002776806 0.00433752 0.42450231084774803 -0.7706192176494583 0.4753354704566643 -0.00144229
0.19985700284790278 0.5755873057436297 0.7929416320760578 0.00219628 -0.9021772726184681 -0.2076322185423441 0.37810716813343537 0.00433956 0.3822739164308169 -0.7909412843504713 0.47778503275706663 -0.00170041
0.1877394879367656 0.5566025494798628 0.8092882592635076 0.00220301 -0.9217329411887467 -0.18483356202231555 0.3409471212339029 0.0041471 0.33935566857912347 -0.8099568854344409 0.47833834671763076 -0.00227809
0.17440791582637005 0.5377484396369651 0.8248687741484163 0.00205197 -0.939172176164364 -0.16086219303727867 0.30344518182025865 0.00409798 0.2958673730166853 -0.8276170433958248 0.47698273245994877 -0.0027094
0.15992179781841742 0.5190865570967571 0.8396273964229375 0.00209936 -0.9544399911492161 -0.1357694552903087 0.26572722537455107 0.00388394 0.251931184805712 -0.8438695404217456 0.47372447358225245 -0.00299453
0.14431866585023206 0.5006547530332058 0.8535320386209697 0.00197613 -0.9674961681958351 -0.10962364816739273 0.2278899302050182 0.00384339 0.20766147262693052 -0.8586777474860585 0.4685608164995055 -0.00340592
0.12760679802005603 0.48252735090234566 0.866535550759594 0.00209464 -0.9783091312924527 -0.08250668314552456 0.1900102388455166 0.00361206 0.16318011131530358 -0.8719862400677479 0.46153249983466665 -0.00369888
0.10982380875447295 0.46476589748791886 0.8785962619786806 0.00200496 -0.9868488922872579 -0.05449523770929221 0.152182564239205 0.00345717 0.11860857819767079 -0.8837550167321582 0.45266883654463114 -0.00408923
0.091059928531185 0.44738862435006316 0.8896918051876468 0.0018283 -0.9930880264952298 -0.02564186760844739 0.11453674631907901 0.00331734 0.07405579685416713 -0.8939719869367884 0.44196133940038845 -0.00446662
0.07126419340173556 0.4304744384143623 0.899785070231019 0.00181209 -0.997017260555973 0.003944400356583111 0.07707803746392616 0.0031045 0.029631012339497387 -0.9025941499797495 0.4294715398371237 -0.0048291
0.029461985094354104 0.43265336072900257 0.9010788316702374 0.00174665 -0.999466967753798 0.025434103865496438 0.0204667224925702 0.00291635 -0.014063136326182557 -0.9012015178695933 0.43317208172527977 -0.00511204
-0.012323616442303398 0.4357340090188896 0.8999911121017301 0.00179022 -0.9982481632650085 0.04672758507260877 -0.036292386685346234 0.00277531 -0.057868238402595085 -0.8988617280636706 0.4343948213394954 -0.00534534
-0.05452785091847229 0.4403095653499305 0.8961887078822008 0.00174601 -0.9933325422307868 0.06738030191008998 -0.09354333466275444 0.00261932 -0.10157349073225658 -0.8953141245260576 0.43369971686018405 -0.00557868
-0.09633972572574812 0.4457474732011375 0.8899594638981536 0.00153847 -0.9847180035283187 0.08764462095316217 -0.15049542831986262 0.0025415 -0.14508311677893476 -0.8908577947982371 0.430491903144452 -0.00577152
-0.10766505568627455 0.4735078360052017 0.8741845142907432 0.00142721 -0.9772939561876917 0.1109990902790286 -0.18048746537152766 0.00242016 -0.18249591497642276 -0.8737674354191161 0.45080562309937877 -0.00594891
-0.1179433918381031 0.5011335687267366 0.8572948749508127 0.00138007 -0.968346455941189 0.13321272839425247 -0.21109123681455605 0.00236619 -0.21998749416242624 -0.8550552703123728 0.4695593542068693 -0.00623287
-0.1505024581333364 0.5230411510825852 0.8389141579267976 0.00128658 -0.9535334024612923 0.14723372031578594 -0.2628617164833336 0.00230816 -0.2610039472621341 -0.8394940058607789 0.4765781715914062 -0.0064358
-0.18138286560985 0.5451338223605048 0.8184921329993249 0.00126757 -0.9359187935015126 0.1598368056848271 -0.3138601719223766 0.00222479 -0.3019209632235431 -0.8229710269912887 0.4812093314754728 -0.00654172
-0.21079386631503727 0.5673659990400978 0.796028748888625 0.00114403 -0.9155020159081725 0.1708754763593689 -0.36422195217618414 0.00216048 -0.34266894343087173 -0.8055416778244252 0.4834052135587487 -0.00678653
-0.26025551208886527 0.5865692100010897 0.766944346289912 0.000967916 -0.8848312282675246 0.17302593067366842 -0.43259186862110033 0.00210807 -0.38644632992169414 -0.791200726234 0.4739838023570476 -0.00702963
-0.30728394270732456 0.605693154512506 0.7339702862724968 0.000922658 -0.849307873735636 0.17334957507541804 -0.49862416751680305 0.00201894 -0.4292466821827449 -0.7765859433429512 0.4611524242994328 -0.00717838
-0.320762289675808 0.6292324061848222 0.7079393565333069 0.000857018 -0.82452300174168 0.1823319352116663 -0.5356462312019556 0.00196914 -0.46612591981225765 -0.7555273948764718 0.46033138332113427 -0.00725588
-0.3327119785669077 0.6525053141226059 0.6808373920106416 0.000899303 -0.7980303830222174 0.1898491594531626 -0.5719307689120599 0.00195522 -0.5024442726228511 -0.7336171424501245 0.4575539762823696 -0.00747147
-0.34312582537755904 0.6754706706540943 0.6526898505761193 0.000734764 -0.7698706721900181 0.19584348076397873 -0.6074080005597049 0.00198912 -0.5381113416948747 -0.710904145527621 0.4528261032791556 -0.00762317
-0.3546334328029146 0.6988461708282693 0.6211675763085888 0.00076171 -0.7384230313873842 0.1981937457865695 -0.6445546259610236 0.00189862 -0.5735560609522726 -0.6872650643308987 0.44575797950811696 -0.00781706
-0.36423363250957735 0.7216919425256034 0.5886379201533816 0.000844804 -0.7053708824572795 0.19892438219527014 -0.6803535906788971 0.00181428 -0.6081001390645429 -0.6630157089103175 0.43660553203988656 -0.00791132
-0.3627058057107728 0.748584715583381 0.5550364151104388 0.000703027 -0.6755220445351625 0.19908803312172568 -0.7099534649642584 0.00176312 -0.6419614208429762 -0.6324435774538871 0.4334750921178702 -0.00769447
-0.3592570975011356 0.774343244094679 0.5208904666242107 0.000718343 -0.6447171684892624 0.19761865546854418 -0.7384352643705423 0.0017432 -0.6747400318272567 -0.6011151365052565 0.4282364791958051 -0.00769602
-0.3536629624554416 0.7990480622214079 0.48625580021985776 0.000583959 -0.6131538740058439 0.19453750157892347 -0.765635348760137 0.00179787 -0.7063744302980304 -0.5689264932657326 0.42113870575083656 -0.00752947
-0.34616858554307967 0.8225652591905036 0.45116926397524426 0.000707071 -0.5807966423266065 0.18977318084227945 -0.7916194793555449 0.00177748 -0.7367785085391971 -0.5360713890946462 0.4120496270461763 -0.00753595
-0.36467537834336505 0.8289852338294985 0.42402281839869793 0.00091233 -0.5374854591735323 0.18444409367945613 -0.8228546393402549 0.0019331 -0.7603428500401254 -0.5279809261700801 0.37830528940717134 -0.00764522
-0.39379657599077483 0.8066199627595575 0.44078168339407175 0.00119367 -0.4998818981286265 0.2144925446245412 -0.8391132439806981 0.00195282 -0.7713898785058456 -0.5507787069034704 0.31874828840399677 -0.00771894
-0.42332626113103294 0.7834059291069242 0.45504947739442353 0.00108105 -0.46189918412487874 0.24546581979260373 -0.8522884928346253 0.00187635 -0.7793869516110674 -0.5709830834216216 0.2579424317648139 -0.0075964
-0.4284875477554859 0.7786276734329279 0.4584074253138961 0.000920518 -0.430192699686922 0.2703435890488379 -0.8613063247162825 0.00189554 -0.7945644483329011 -0.5662625627962864 0.21912107936210495 -0.00745634
-0.422166854644599 0.7874999858963277 0.44901995395836236 0.000752292 -0.39701591219245913 0.28467773964252524 -0.8725462452030909 0.00192953 -0.8149561413385851 -0.546628170482739 0.19246851931996029 -0.00735059
-0.39079324648284547 0.8086520515756679 0.4397300285241641 0.000635217 -0.3758866955289486 0.29587496087897275 -0.8781612606174305 0.00195505 -0.8402320099994562 -0.508468157318952 0.18833561098460389 -0.00738544
-0.35821850868677313 0.828544634288352 0.43034089862131975 0.000758296 -0.3542042571225114 0.3058666349329534 -0.8837335265061981 0.0018664 -0.8638395940627599 -0.46899828424715184 0.1839069468582244 -0.00746452
-0.3246964772199539 0.8468933176452182 0.4211221986654554 0.000744786 -0.33204862022360304 0.3148374056143901 -0.8891687814096947 0.00187064 -0.885616119709072 -0.42854301599008165 0.17898316110062207 -0.00745619
-0.2905078168512189 0.8666418820259523 0.4056316761137539 0.000698864 -0.3057847832359495 0.3176031049619941 -0.8975655597558561 0.00188028 -0.9066977857531588 -0.3847858053995952 0.17273971539082372 -0.00745065
-0.2542492941174304 0.8829268730793096 0.3947118356917883 0.000620343 -0.2825420411845508 0.322509447144588 -0.9034144405895668 0.00198102 -0.9249471830348239 -0.34121517155144954 0.16746616165380662 -0.00737229
-0.2171723207155204 0.8974629000013807 0.38392255239324835 0.000651264 -0.2590089576602694 0.3262304697625875 -0.9091138765029506 0.00196389 -0.9411432106575364 -0.2968737504724742 0.16160270206166472 -0.00742456
-0.1793240663821536 0.9063193277526873 0.38265932022895516 0.000750847 -0.2417301824810844 0.3364472606657587 -0.9101482075289545 0.00190388 -0.9536295916622086 -0.25571178489155344 0.15875164557807053 -0.00752685
-0.1412399650712433 0.9134491172405146 0.3816568910411534 0.000746072 -0.2240282520673645 0.3460291086757269 -0.9110846273671418 0.00190967 -0.964293842426838 -0.21418348713569602 0.15576526986487646 -0.00755025
-0.10288201896437271 0.9189244423538407 0.38077967306369837 0.000763314 -0.20592921452001467 0.3548404687600097 -0.9119656793637281 0.00190744 -0.9731435910393615 -0.17223852929835148 0.15272668478087464 -0.00762268
-0.06461392020310508 0.9226152816491395 0.3802710656669345 0.000900098 -0.1874697770532479 0.36305996528785645 -0.9127116435637195 0.00184459 -0.9801429099920034 -0.13026320920605222 0.14950375353063208 -0.00776238
-0.028342441377891325 0.9237499877550746 0.38194589425629355 0.00102899 -0.16882069687801743 0.37218709203620304 -0.9126753753812222 0.00175991 -0.9852391985311794 -0.09034782036183225 0.14539942583622786 -0.00790986
0.006372274489789553 0.9230188589825532 0.3847019366735397 0.00110054 -0.14952951882102533 0.3812639078309711 -0.9122931302967314 0.00169083 -0.9887367279104075 -0.051710913238910805 0.14044808412014173 -0.00802761
0.025923204667104127 0.9141846795682185 0.40446799515232473 0.00120129 -0.13106233482745716 0.4042196308981487 -0.905223262176873 0.00158448 -0.9910351415814491 -0.029544231912809582 0.13029384678993555 -0.00814944
0.04494577169588437 0.904484191670254 0.42413231971316345 0.0011696 -0.11198772873316298 0.4264471045711856 -0.8975531269044971 0.00157794 -0.9926926141660617 -0.007156397240228318 0.12045812450262999 -0.00821348
0.05863722373786512 0.8981775137636067 0.4357049801892807 0.00118586 -0.0858027991858138 0.4393753484362648 -0.8941963894125216 0.00156984 -0.9945851173450135 0.01504848683213339 0.10282989545783194 -0.00828397
0.07179013518682764 0.8914642878879299 0.44736741042494627 0.00109928 -0.05923771777716491 0.45154373145017634 -0.8902803779600015 0.00164052 -0.9956591129911929 0.03741232428647445 0.08522469541789923 -0.00831158
0.07340563770132003 0.8880448693030765 0.453858923519351 0.00103701 -0.02228500354132501 0.4564336158783802 -0.8894783487603001 0.00175694 -0.9970531535333637 0.05517847769437623 0.053294883699146534 -0.00827515
