1.0 0.0 0.0 0.0 0.0 -1.0 0.0 0.0 0.0 0.0 -1.0 0.0
0.9999999980117156 -3.7856389248249814e-05 5.043275811839988e-05 5.90339e-05 -3.785681067515881e-05 -0.9999999992485258 8.355285388165225e-06 1.95168e-05 5.043244177956502e-05 -8.357194594928453e-06 -0.9999999986933632 3.14298e-05
0.9999998547641533 -0.00011335674173154708 0.0005268983979889525 0.000178687 -0.00011324923945463238 -0.9999999727683213 -0.0002040538333004225 6.9807e-05 0.0005269215145183053 0.0002039941328216491 -0.9999998403700432 -2.19954e-05
0.999999361290169 -0.00023820339387304687 0.001104843155216937 0.000365628 -0.00023771643102833638 -0.9999998745652177 -0.00044086329832532755 0.00012037 0.0011049480317650714 0.0004406003773699004 -0.9999992924803272 4.44824e-05
0.9999982768650804 -0.0003969256463420006 0.0018134819826989554 0.000712424 -0.00039560556586907804 -0.9999996565910574 -0.0007282266156874179 0.000251467 0.0018137704117531402 0.000727507937288748 -0.9999980904827244 2.42162e-05
0.9995006572513466 -0.012688051732010727 0.028938719691311864 0.000961204 -0.01237866032596867 -0.9998645630455899 -0.010845475286320932 0.000406556 0.02907240827074342 0.010481837095553836 -0.9995223490089863 -0.000119543
0.9956743868400831 -0.03474123803990678 0.08617169935703392 0.00113794 -0.032013414945487484 -0.9989478343807366 -0.03283847514066878 0.000503889 0.0872218817393465 0.029937778232374177 -0.9957389581513604 -0.000148832
0.9819772184907738 -0.06906677420354217 0.17592760745897645 0.00130162 -0.05759096300527943 -0.9959163027132338 -0.06952696577678613 0.000625812 0.18001117561209173 0.05814205613081444 -0.9819447428260073 -0.000232872
0.9590188945748698 -0.10573328686061981 0.2628749358498156 0.00139664 -0.07956462462402883 -0.9909288067297132 -0.1083031416980328 0.000729276 0.27194159364987214 0.08294921363627668 -0.9587320781116543 -0.000204454
0.9269728719058221 -0.14441189012080546 0.3462174183116862 0.00143509 -0.09772782418686267 -0.9840276068996274 -0.1487916033890834 0.000859259 0.3621747742877385 0.10409070492185671 -0.9262799566105795 -0.000281188
0.8862153408229217 -0.18462887196946298 0.42489357411638606 0.00135297 -0.11184201789345938 -0.9752914351298388 -0.1905202865731067 0.000769761 0.44957060927470816 0.12132104597992567 -0.8849674971877243 0.000100467
0.8371737403164436 -0.22596034989294725 0.4980783560854982 0.00133883 -0.12175780513408577 -0.9648124007692556 -0.23304949734078972 0.000793314 0.5332121204675542 0.13445799194589214 -0.8352280425059808 0.000155545
0.7740649730111763 -0.26968824036082495 0.5727928688175938 0.00145171 -0.12473121415264243 -0.9519643151206277 -0.2796534765614795 0.000846701 0.6206976250745728 0.14502481080144947 -0.7705207735543468 0.000198439
0.702395458813992 -0.3137891706719609 0.6388872950736185 0.00127081 -0.12251640024189217 -0.9374842710657403 -0.32574986289499247 0.000882028 0.7011635694395782 0.1505310528540239 -0.6969290143317388 0.00014568
0.6230172267939484 -0.3577174484832061 0.6956204152902952 0.00124754 -0.11510810170179281 -0.9215494042419203 -0.3708056370444916 0.000895639 0.7736922256560341 0.15094675416194386 -0.6153173306249273 0.000174298
0.5370031425356373 -0.4008990062258496 0.7422315081657315 0.00109453 -0.10263116539978537 -0.9043712514716647 -0.41422153903467723 0.000917693 0.8373138412778879 0.14626218348808045 -0.5267949362757457 0.000223085
0.4454165612263521 -0.4427925965959269 0.7781637381587043 0.000954121 -0.08523281720245973 -0.8861659977450713 -0.4554615146334702 0.000964678 0.8912572321485104 0.13654501397092247 -0.4324534718355919 0.000211049
0.3494415311579223 -0.48286686199494244 0.8029509386563816 0.000940535 -0.06314512147671891 -0.8671646375657328 -0.49400221152256185 0.00104136 0.9348279573994871 0.12192245462854115 -0.3335140253747272 0.000393122
0.2501884700541895 -0.5206046271051684 0.8163189031797763 0.000984736 -0.03660417175841482 -0.8476161779023768 -0.529345775054498 0.00109869 0.9675049684946454 0.10255553224890068 -0.23112009593135846 0.000496166
0.14916123100210113 -0.5555341280283785 0.8180053543600356 0.000763173 -0.006065154744239909 -0.8277584629890495 -0.5610518165445464 0.00115839 0.9887942865246879 0.07872585055593914 -0.12683887176405226 0.000584257
0.04747370236077634 -0.5872137619285305 0.8080385172662892 0.00072985 0.028174516629654645 -0.8078415544058544 -0.5887259290941906 0.00125993 0.99847505937647 0.0507150941720097 -0.021806765607913024 0.000732215
-0.053503690341767114 -0.6152162388148776 0.786540739325235 0.000651481 0.06565978087395824 -0.788131819082854 -0.61199430465057 0.00137898 0.9964066179504207 0.018900138825586887 0.08256292422738826 0.000837378
-0.15266052489061138 -0.6391403966147491 0.7537866525451773 0.000614591 0.10600218716938581 -0.7689162799213354 -0.6305008253660265 0.00147385 0.9825773763197629 -0.016349553115462656 0.18513344283919947 0.000928545
-0.24851663197872664 -0.6587126260414458 0.7101669943918352 0.000531948 0.1485818922612367 -0.7504153229639843 -0.6440498927512757 0.00159188 0.9571639906108151 -0.05453915432459322 0.2843634570818442 0.0010714
-0.3398505235660063 -0.673680396227615 0.6562441202559572 0.000538171 0.19285295307446823 -0.7328676637292069 -0.6524666473855592 0.00173898 0.9204940847840188 -0.09518251519422133 0.37898671306384013 0.00113711
-0.42548600414260507 -0.6838517439576765 0.5927127909576473 0.000511359 0.23824759729428582 -0.7164987775475916 -0.6556428785217658 0.00185752 0.873040516048516 -0.13775447019553172 0.4677862367352096 0.0014001
-0.504336157446833 -0.6890951289738068 0.5203776931386818 0.000530526 0.28419342483229787 -0.7015186894174528 -0.653533186364785 0.00200744 0.8154012126394298 -0.18171249715578816 0.5496375449362565 0.0014692
-0.5753550468433299 -0.6893426985885394 0.4401967900548345 0.000513327 0.33007784224276926 -0.6881240702603224 -0.6461686173041249 0.00209088 0.7483416252837118 -0.22647716845421137 0.6234524071945633 0.00173302
-0.6376454472022484 -0.6845915205748105 0.35318937359342073 0.000525424 0.3753188028286891 -0.6764854840536536 -0.6336427906225501 0.0022555 0.6727139658915101 -0.2714808277240994 0.6882979589340313 0.00184342
-0.6904038860014494 -0.6749021007095123 0.2604796127377049 0.000536821 0.41933239747852424 -0.6667548446629057 -0.616115506657199 0.00236277 0.5894936934514315 -0.31614099951830277 0.7433384517193752 0.00205651
-0.7329475655547458 -0.6604040200733147 0.163261742053602 0.00054228 0.4615534311497155 -0.6590537911026771 -0.593815232734151 0.00249184 0.499756236920858 -0.359881412001501 0.7878636131682369 0.00221878
-0.7647303344581106 -0.6412840953608603 0.06278713719217702 0.000555727 0.5014391928130693 -0.6534822413205504 -0.5670270683041925 0.00263371 0.40465571968101954 -0.4021388681983783 0.8213026721091093 0.00233565
-0.7850762233247239 -0.6181709371985155 -0.03898738223190959 0.000610497 0.5384349140776709 -0.649988599892219 -0.5362859902256668 0.00277093 0.3061750591938527 -0.4420175476304779 0.8431354106633043 0.00246438
-0.7941590468233626 -0.5910386848217446 -0.14136718640756527 0.000642696 0.5721287993702087 -0.6487216709904351 -0.5018254980753586 0.00289735 0.2048903250029447 -0.47940949785289066 0.8533384370158346 0.00257567
-0.7916538766198771 -0.5613603375793998 -0.24116117230072986 0.000704533 0.6020124448988824 -0.6493672606597025 -0.4646538248741569 0.00305141 0.10423605815450855 -0.5130270286993229 0.8520200185467203 0.00267201
-0.7790256638236884 -0.5303515775806772 -0.33443417777157375 0.000774582 0.6269417822395257 -0.6521456366309656 -0.4262042589011985 0.00319724 0.007938311305857537 -0.5416948151689102 0.8405377507481336 0.0027634
-0.7578088525563664 -0.4987466754212967 -0.4206869343626055 0.000865007 0.6471834070959289 -0.6565226766679775 -0.38746820850286473 0.00335037 -0.08294203136473391 -0.5658884419891592 0.8202992689599166 0.00285627
-0.7287838411569418 -0.466732705861807 -0.5010336257652269 0.00092237 0.663504843138599 -0.6621698511685483 -0.3482706007331738 0.00350275 -0.16922008155108717 -0.5862522234348784 0.7922580984234272 0.0029417
-0.6967412966998855 -0.43585678917788984 -0.5697196019100121 0.000967386 0.6741940985469591 -0.6691404226330108 -0.312591446272877 0.00365892 -0.24497731110740717 -0.60189696304771 0.7600698408149927 0.00298489
-0.6586416230866832 -0.4040335216738231 -0.6347819513042161 0.00101655 0.681840234703682 -0.6772767529288677 -0.27638757982470474 0.00377631 -0.31825321157368974 -0.6148602388396717 0.7215689710741825 0.00304762
-0.6180291160264615 -0.37262981472963075 -0.6922333659381867 0.00105098 0.6853123847910227 -0.6868166162381926 -0.24213605867602706 0.00391991 -0.38521026335702896 -0.6240432331446919 0.6798404931825758 0.00310474
-0.5725260245997061 -0.34085549429650513 -0.7456751860991098 0.00108879 0.6859897245553768 -0.6972540536394229 -0.20797808174860904 0.00406211 -0.44903457434867416 -0.6305983798673114 0.6330194581118553 0.00315991
-0.522445402638907 -0.30892373911767734 -0.7947433074087653 0.00112824 0.6838648452056753 -0.7085204405863555 -0.17414838145424721 0.00418721 -0.5092933091581784 -0.6344800301671198 0.5814253318921033 0.00317663
-0.47788360698174526 -0.28012307908306977 -0.8325613002915386 0.00114639 0.6784380946528306 -0.7197490302028552 -0.14725177501778022 0.00428977 -0.5579865678508347 -0.6352105116314357 0.5340024307163554 0.00321766
-0.4331795560104527 -0.25170987597893396 -0.8654464804881101 0.00115703 0.6708235540337486 -0.7313356035498573 -0.12306093748178681 0.00439807 -0.60195617083648 -0.6338693661276238 0.4856525456299462 0.00324671
-0.39340914574722985 -0.23771117649567547 -0.8881005802337238 0.00118322 0.666474993453348 -0.7391383065915095 -0.09739428540933942 0.00451491 -0.6332774487882817 -0.6302126310207357 0.4492123245839627 0.0032802
-0.3540071282258686 -0.2253083586116775 -0.9076976901507378 0.00117891 0.6613328382499424 -0.7465699151229326 -0.07261018444827438 0.00460048 -0.6613001060165865 -0.6259948125767886 0.4132948879545964 0.00330552
-0.33372356193773944 -0.2170844379813311 -0.9173346886463618 0.00114977 0.656854442583459 -0.75153673847638 -0.06111278081267957 0.00466321 -0.6761440863203354 -0.6229501404660047 0.39339839479517963 0.00332642
-0.3131598668880042 -0.20903045422205474 -0.926410906120178 0.00116525 0.6520677331812395 -0.7565284471745246 -0.04972303248578913 0.00474641 -0.6904625761868399 -0.6196539177826801 0.3732163622645827 0.00339209
-0.2931436319574001 -0.20825556367220302 -0.9331111569595538 0.0011891 0.6478582655839872 -0.7610158611567258 -0.03368273715710518 0.00484136 -0.7030977732558481 -0.6143976556493844 0.3580070417955602 0.0034739
-0.27307335030927293 -0.20777050672524597 -0.9392882208811115 0.00120694 0.643290066462372 -0.7654177099185738 -0.017709312065780525 0.00491808 -0.7152683662386492 -0.6090707232154084 0.3426718815137203 0.00348033
-0.2646358497435978 -0.2151195292703093 -0.9400486451014141 0.00111828 0.6419670409116349 -0.7667141351673433 -0.00526814177409729 0.00495634 -0.7196153037655906 -0.6048743861837045 0.34099969431840194 0.00348945
-0.2561816224276916 -0.22253926292711226 -0.9406631983798308 0.00123608 0.6405054196679022 -0.7679195591187926 0.007235889637311033 0.00504686 -0.7239639381256224 -0.6006461746974306 0.33926448254272557 0.00351828
-0.24772973881259608 -0.23009864312345826 -0.941108171753166 0.00123122 0.6389048948264355 -0.7690297027064958 0.019845697820438934 0.00511456 -0.7283066056783121 -0.5963622479566444 0.3375226767751073 0.00358045
-0.23931748651779733 -0.2378242899709063 -0.941364301291821 0.00120701 0.6371718500758183 -0.7700338862390488 0.03255529933124096 0.00517812 -0.7326248522386903 -0.5920197810406524 0.33581751702199086 0.00362964
-0.230907347344537 -0.24558431266725786 -0.9414723268976414 0.00125467 0.6353106627018209 -0.7709280618790915 0.04528007580294535 0.00527619 -0.736927512581585 -0.5876719057255484 0.3340352861917729 0.00370989
-0.21428385861671168 -0.26382414650843755 -0.9404675686356376 0.00135535 0.6278999051278443 -0.7747424884591307 0.07426833589490006 0.00533323 -0.7482139647699562 -0.5746049915335301 0.3316699664244182 0.00378443
-0.2072891538952486 -0.2814914749739403 -0.9369064820964723 0.00137051 0.622984248549364 -0.7763913957643325 0.09543074264877036 0.00538347 -0.7542690718415916 -0.5638962228106401 0.3363022705292319 0.00382814
-0.20042153006084684 -0.2991077778790291 -0.9329339459470529 0.00142016 0.6178636742043488 -0.7775962738142425 0.11656978617509853 0.00542773 -0.7603128897939135 -0.5530629007287284 0.34065486559089886 0.00388801
-0.19291921093629158 -0.316559852987694 -0.9287475639419616 0.00150577 0.611428407516277 -0.7790776898358499 0.13853972600718018 0.0054992 -0.7674226218543652 -0.5411356693810201 0.3438527399770537 0.00394472
-0.1855728554013642 -0.3339719419331607 -0.9241349778790856 0.00151663 0.6047590769499233 -0.7800742300103418 0.16047010475614895 0.00552252 -0.7744863938022807 -0.5291001206531389 0.3467331656187113 0.00401508
-0.17833311225886378 -0.3488179637277313 -0.9200670243264384 0.00151161 0.5978144377069267 -0.7811040584888148 0.18026188693524117 0.00553787 -0.7815466711215773 -0.517882687481578 0.3478251325963087 0.00407051
-0.17101182855655123 -0.36370829269682997 -0.915680748032469 0.00155428 0.5904414202992826 -0.7818368165169346 0.20027511461395137 0.00558013 -0.788754640993453 -0.5064064278444957 0.34845178453993725 0.00413036
-0.17394226383566608 -0.3617943744739064 -0.9158869577905118 0.00158065 0.5868811783442041 -0.78493659800809 0.19860770280330253 0.00561284 -0.7907683424094836 -0.5029705435773761 0.34886395763454375 0.00417463
-0.17286093131842706 -0.36939717341442385 -0.9130524775154824 0.00158537 0.579335334359127 -0.7878246568680713 0.20905233888599387 0.0056604 -0.7965485978813377 -0.4928265803547328 0.3501889388731966 0.00422994
-0.17183599762800772 -0.37693992161944784 -0.9101586045347877 0.00164372 0.5716993653562952 -0.7905636273052428 0.21947434208395902 0.0057121 -0.8022669291267072 -0.4826235040603616 0.35134360355370275 0.00428868
-0.1803965315644468 -0.386700883151971 -0.9043890304338081 0.00174112 0.5679851908816098 -0.7916317941738903 0.22519308469002491 0.00576553 -0.8030254755228498 -0.4730555246718013 0.36244800487626916 0.00434423
-0.18906520238708602 -0.3963563945532302 -0.898418587153613 0.00178962 0.564350406137617 -0.7925859315746433 0.2309029236762956 0.00583342 -0.8035937831632576 -0.4633671865450969 0.37353431180367413 0.00440508
-0.19775667820190848 -0.4058814304385116 -0.8922738148414614 0.00176289 0.560748103194804 -0.7934479580582264 0.23664721130125438 0.00588351 -0.8040235450470193 -0.45354228279006 0.38450687475207124 0.00448079
-0.20642518891974299 -0.4152856871915729 -0.8859607437089249 0.00183073 0.5571678476524766 -0.7942140348681885 0.24246248443975438 0.00595121 -0.8043336564646258 -0.4435784765204627 0.3953296146837855 0.00454497
-0.21511056975921006 -0.42455709647964246 -0.879476386611172 0.00170871 0.553622272732203 -0.79488589368882 0.24831189087386935 0.00598541 -0.8045059489604153 -0.43348320364611787 0.4060326221426057 0.00462103
-0.2237781505511499 -0.43368333180170043 -0.8728356701311439 0.00191828 0.5500955642069439 -0.7954700633075965 0.25420906478969724 0.0060351 -0.8045608799685398 -0.4232565960487617 0.41657609668038376 0.00468981
-0.23245823718587671 -0.44267182962064777 -0.8660281861606719 0.0019354 0.5466033325734388 -0.7959604451848888 0.2601379759294764 0.00608891 -0.8044799343576233 -0.41290267734828556 0.4269934592643924 0.00478802
-0.2407176511524992 -0.4515969125766227 -0.8591363343351776 0.00192302 0.5429245426089426 -0.7963772901510114 0.26648856028843415 0.00614189 -0.8045420768713679 -0.4022977010660068 0.43688511792061735 0.00487773
-0.2490209266241044 -0.46039097396683804 -0.8520731947392421 0.00199399 0.5393010160488786 -0.796684762222363 0.27285124835951186 0.00618636 -0.8044519825271856 -0.391578268973858 0.4466804977559657 0.00494685
-0.244238827716599 -0.47189438031253966 -0.8471499801481823 0.00197874 0.5289395831916412 -0.7970331858438844 0.2914807334912571 0.00621716 -0.8127547676689904 -0.3769002447505077 0.4442700677947291 0.00502075
-0.23937733704010106 -0.48324230181679134 -0.8421255062319386 0.00205725 0.5183109575921222 -0.7970179253047949 0.3100260924225213 0.00626036 -0.8210068463487543 -0.3622696571307754 0.4412578087363705 0.00509626
-0.23467124475719175 -0.49454727120280345 -0.8368706013655703 0.00208022 0.507481161567377 -0.7966080021043818 0.3284487199510622 0.00628025 -0.829091235955571 -0.3476185949127668 0.4379144150773501 0.00513033
-0.2155214757816381 -0.504462421919573 -0.8361029591790379 0.00214079 0.4890861137458007 -0.7968535418742411 0.35471003107257504 0.00630529 -0.8451894857473885 -0.3324787176249273 0.4184646167940001 0.00517839
-0.1884384255023729 -0.516074097588972 -0.835558786436906 0.00216692 0.4662650316979424 -0.7958108427934742 0.3863703180991742 0.00634487 -0.864342455286042 -0.31678482964003885 0.3905886476845277 0.00518343
-0.15312339520906199 -0.5264100290172525 -0.8363287076202185 0.00228163 0.43868393298907554 -0.7945590471711844 0.4198003424196508 0.00642471 -0.8854996514832097 -0.3026027129892843 0.35259320089111074 0.00514916
-0.11770407498424787 -0.5370656445394858 -0.8352881204635257 0.00223758 0.409410412868721 -0.7925679932064413 0.4519060632248455 0.0064798 -0.90472585050211 -0.28878446911165656 0.3131687497710024 0.00520947
-0.08219552942535373 -0.5482893538803126 -0.8322395564763762 0.0022239 0.3784010092581053 -0.7897011689600494 0.48289205826517667 0.00651018 -0.9219851252243353 -0.2752287197307737 0.2723831505442767 0.00523155
-0.04699762320396321 -0.5598119537625567 -0.8272858029953899 0.0021891 0.34593982974416004 -0.7860699384967195 0.5122691538520983 0.00657462 -0.9370788961500304 -0.262115677166232 0.2306046707547958 0.00518124
0.022228010789831554 -0.5737630797659266 -0.8187196368927804 0.00209813 0.29966236625721115 -0.7774459521446315 0.5529740118152539 0.00661774 -0.9537863396932545 -0.25763097599366114 0.15465412514090077 0.00514776
0.10514150730459947 -0.5892829995811981 -0.8010560591159037 0.00198403 0.24204139863755086 -0.7661334775948503 0.5953616177198517 0.00671532 -0.9645523442443622 -0.25648594681386794 0.06207845278112732 0.00514531
0.18587562144498715 -0.6043149417947973 -0.7747604174685171 0.00170866 0.18040606265500508 -0.7541071264390684 0.6314872084303287 0.00689877 -0.9658695077026495 -0.2571495537179907 -0.031148051510167363 0.0053173
0.2637311571211548 -0.6188707823152899 -0.7398951490312649 0.00177252 0.11522895476418599 -0.7413459381689241 0.661156931404633 0.00703328 -0.9576889707767808 -0.25962502721598013 -0.12420418872007358 0.00540983
0.36077967523278076 -0.6453426457139095 -0.6733282227575944 0.00191072 0.02336187022523456 -0.7154711174806727 0.6982516044167294 0.00716195 -0.9323584337359258 -0.26764519363128647 -0.24305102626313382 0.00549973
0.4720435049010477 -0.677697768425162 -0.5638268033290812 0.00188419 -0.10012934774094306 -0.6766441853225416 0.7294701914335964 0.00727144 -0.8758704488688429 -0.28788605582895105 -0.3872629283284706 0.00555298
0.5623672895599633 -0.7032007851284139 -0.4350306741228289 0.00178081 -0.2270776648772602 -0.6372144408530463 0.7364736862116871 0.00732365 -0.7950967021355777 -0.315382961117309 -0.5180297501978114 0.00550095
0.6287566047305775 -0.7210253311987673 -0.29118311039169786 0.00173895 -0.3532848622042943 -0.5984611407405427 0.7190508112510692 0.00749923 -0.6927156257404395 -0.3492373616800409 -0.6310137296935743 0.00565325
0.6830532816936687 -0.7146340558124359 -0.15078587679414246 0.00178127 -0.4553446307977137 -0.5780899301394586 0.6771065646373914 0.00750942 -0.571051207485987 -0.3938403216335581 -0.7202710041952072 0.00561977
0.7131144140005478 -0.7010379566236707 -0.003689975279574348 0.00196198 -0.5495121729471705 -0.5622312987334225 0.6180067463283943 0.00769906 -0.43532080621943003 -0.4386818324223578 -0.786164133991769 0.0056691
0.7136834926615252 -0.6842158924891045 0.15001494848109148 0.00208568 -0.6383968391810783 -0.5472094792768536 0.5413051463944922 0.00774352 -0.28827998200717087 -0.4820896164147206 -0.8273356354703043 0.00553586
0.6877790365147063 -0.6607406908136679 0.300635554174783 0.00220607 -0.7131159450249263 -0.5375405636658925 0.45001754561901297 0.00785585 -0.13574109872145718 -0.5239006412640005 -0.8408938531117112 0.00553719
0.6362174465411026 -0.6313116939384328 0.4434781909105633 0.00236278 -0.7713106628762799 -0.5335293563807659 0.34702490863521573 0.00791898 0.01752775085609129 -0.5628427586604563 -0.8263781259044884 0.00550595
0.5488993719512784 -0.5923373704501935 0.5897846378464278 0.00251031 -0.8172281128333982 -0.528539008389647 0.22974927248035176 0.0079707 0.17563510772694144 -0.6080978179360936 -0.774189481170538 0.00544665
0.4357944546454945 -0.5470481171409444 0.7147178120298836 0.00242749 -0.8406075831554144 -0.5311726267494419 0.10599307398934915 0.00796166 0.3216552260446728 -0.6469884064839542 -0.691334880816457 0.0054024
0.3011285746292623 -0.4989589508729672 0.8126263267243414 0.00233727 -0.8409644107695211 -0.540706922237995 -0.020368703026615642 0.00796401 0.4495558267454893 -0.6772562215200849 -0.5824290249047663 0.0053635
0.15020116335615474 -0.4482962897047263 0.8811753782099416 0.00220123 -0.8179055830003255 -0.5570460665275901 -0.1439796411408134 0.0080432 0.5554008172692542 -0.6990923518413827 -0.45033300542324095 0.00541777
0.006092700247394823 -0.41926836196590755 0.907841902347606 0.00214477 -0.7702738970994504 -0.5809055504007802 -0.2631099864330352 0.00819107 0.6376840929887783 -0.6976838697920366 -0.32649075849262243 0.00550109
-0.13481197645269988 -0.405799702261789 0.9039647850713874 0.00209715 -0.7010257114357641 -0.6056833449891231 -0.37644473367118225 0.00833639 0.7002775756161961 -0.6844518151389694 -0.20282265613602576 0.00559041
-0.2733993293403137 -0.39629810973049134 0.8764705442513776 0.00220428 -0.6132676705938821 -0.6301657951004412 -0.4762287631903206 0.00845687 0.7410503160518997 -0.6677116734859951 -0.07074991286151086 0.00552371
-0.40558608058833406 -0.39112202731874274 0.8261497993578825 0.00222244 -0.5095369953335039 -0.6536256895847214 -0.5595940567066466 0.00861665 0.7588622942401985 -0.6479174466403674 0.06581033900177344 0.00554473
-0.523917995797793 -0.39964566975958477 0.7521923107301991 0.00222709 -0.3900731199430391 -0.6724738025225866 -0.6289848535686025 0.00879973 0.7572006964980467 -0.6229464853125233 0.19643009356930763 0.00555194
-0.6278606376078588 -0.4127042653305986 0.6598986354892575 0.00229127 -0.2602421764538155 -0.6877301365820447 -0.6777176911011128 0.0090864 0.7335291605227663 -0.597245718791498 0.3243956258151344 0.00559823
-0.692505293270384 -0.46271646951093826 0.5534707649332816 0.00228889 -0.11260389787845274 -0.6884700581277267 -0.7164700560694657 0.00935567 0.712570544560381 -0.5584822717910902 0.42466548143213195 0.00574204
-0.7173053076367086 -0.5342665497287913 0.44724976185247967 0.00221607 0.039441168477952204 -0.6720058260892223 -0.7394948031806818 0.0095181 0.6956417827195981 -0.5128034940823187 0.5031054428165778 0.00586929
-0.721852667274816 -0.6043076007281437 0.3372551711248134 0.00218406 0.19132420262410363 -0.6425995406922174 -0.7419305087354215 0.00962471 0.6650742637017942 -0.4710394399669149 0.5794808622872463 0.00619541
-0.7061785256022641 -0.6709379769409547 0.22617276820296436 0.00214738 0.3392299391383513 -0.601001557130082 -0.7236851364505199 0.00956422 0.6214780272627531 -0.43432632826665735 0.6520166425820746 0.00645298
-0.65014333271681 -0.7503621512338419 0.11945831456872369 0.00222082 0.4880375931469274 -0.5329033828337641 -0.691254867787334 0.00971102 0.5823512295850617 -0.3911145951764669 0.7126685196083204 0.00652142
-0.5346943781849354 -0.8442636281267 0.03634347478938549 0.00226406 0.6267079531791309 -0.4250266372060361 -0.6531381929479805 0.0098379 0.5668677653204933 -0.3264525752504796 0.7563660838197865 0.00652715
-0.3988224884935952 -0.9162717027818197 -0.03723962074297821 0.00225166 0.742825312258371 -0.298981509806255 -0.5990163706128792 0.00977793 0.5377277918613004 -0.26656373248301624 0.7998703634869173 0.00660532
-0.205978872703804 -0.9751017663196162 -0.08215381500597019 0.00222747 0.8251155187585313 -0.12793338014000766 -0.5502884979261267 0.00975612 0.5260770710680238 -0.18113419215133653 0.830923173181596 0.00657432
-0.002775105106180231 -0.9934378897737778 -0.11433922316280049 0.00223251 0.8684456172529472 0.05429292468066399 -0.4928026868877309 0.00980641 0.4957766721678188 -0.10066497648856221 0.8625961128145432 0.0065443
0.2017181493213996 -0.9704579218051841 -0.1323677084485217 0.00223616 0.87091087518288 0.2395546128525387 -0.42910119429950366 0.0096825 0.44813394841558213 -0.02872297802515611 0.8935048711735303 0.00659352
0.39840814372625943 -0.9071697016499164 -0.13532953639541528 0.00225565 0.8323906983134927 0.4195768813886066 -0.3620510543630379 0.00933594 0.385222891809109 0.03159704120029205 0.9222824679097043 0.00664044
0.481854848945572 -0.8679431334612269 -0.12037699790718594 0.00216057 0.8087512205832932 0.4933932076801984 -0.32013216929899124 0.00930299 0.3372497112714455 0.05690219409259459 0.9396939781411686 0.00651334
0.5310973201482341 -0.8408054955471107 -0.1047938699979233 0.00215559 0.7936431265381756 0.5369555965516071 -0.28602320715392493 0.00926843 0.29675953940871624 0.06873722419246577 0.9524751806636439 0.00647543
0.6137701419384558 -0.7841913054332545 -0.09126998053980334 0.00234911 0.7501801585120396 0.6153256978246132 -0.24208266226953146 0.00867502 0.24599988341399487 0.08011418151326911 0.9659532987058743 0.00612127
0.6910532908006152 -0.7207967828189412 -0.053827011355873575 0.0024111 0.6971912814687231 0.6843634535465775 -0.21347360608234883 0.00774935 0.19070832786651143 0.10999391495744831 0.9754648493691065 0.00557858
0.7579022579919149 -0.652139339808867 -0.01727567088167347 0.00211305 0.63838994610324 0.7468552406783362 -0.18618680454212297 0.00658444 0.1343221651294346 0.1300827849677255 0.9823624712955912 0.00501788
0.8161695788948515 -0.5774008301380635 0.02180595887540004 0.00190102 0.5727866461788451 0.8035275310088557 -0.1620461812879363 0.00666967 0.07604391129992674 0.14474732559424797 0.98654221160958 0.00505447
0.8530553807669466 -0.5173738039796609 0.06797693947343655 0.001704 0.5214049337803865 0.8399156537002036 -0.15059412239138192 0.00674771 0.020818558404237263 0.163908638042585 0.9862558217830678 0.00520011
0.8768850400475852 -0.46463716999636195 0.12322713499273054 0.00151402 0.4793029456146123 0.8646505941028797 -0.15049264580933233 0.00674687 -0.03662393842694718 0.19102787852904865 0.9809011350583656 0.00538712
0.8906555085162653 -0.4163199751173275 0.18278523864891408 0.00129486 0.44476449759307296 0.881226187278951 -0.1600779451847889 0.00676196 -0.0944314927892915 0.22387068850591124 0.9700333025198026 0.005572
0.8991094047529027 -0.3653940392059198 0.24101758109661642 0.00109323 0.41009398983006934 0.8956903052718508 -0.17193544296413743 0.00684749 -0.15305292480098615 0.25342863523051595 0.9551694766139998 0.0058185
0.9035180912021038 -0.31498037311912963 0.2905897854712724 0.000802246 0.3752385534398245 0.9090022675802988 -0.1814136310927661 0.00692658 -0.20700504071856363 0.2729509884276079 0.9394927732736943 0.00609541
0.9093427021535605 -0.26957189883219307 0.31690194287833945 0.000586962 0.33672020972489675 0.9242380465986303 -0.180009815238973 0.0068825 -0.24436724494678502 0.2703979004717927 0.9312194290378417 0.00628385
0.9122278797299561 -0.22377898207191746 0.34316652317241764 0.00048292 0.2976559796591185 0.9375786042675419 -0.1798534920230872 0.00684949 -0.28149815846033416 0.26621293733134893 0.9218944943868882 0.00650571
0.9122739284944404 -0.1777373406542644 0.369006391714927 0.000342213 0.258044953645525 0.9490608756169698 -0.18082106147025306 0.00685508 -0.31807087462922323 0.2601785773469833 0.9116677172096753 0.00673682
0.9094680361809634 -0.1315779113807497 0.3944047976404718 0.000287836 0.21802145349353447 0.9586474255672924 -0.18292555663375543 0.00686189 -0.3540261812093966 0.25235365400541016 0.9005459990074962 0.0069435
0.9079238776916436 -0.098239123734782 0.40745957699530333 0.000191399 0.1843727240388378 0.9666460888772609 -0.1777696191389105 0.00688098 -0.37640527486722064 0.23652571409070292 0.8957536802190741 0.0071301
0.9049391030139421 -0.0650008824029767 0.4205473874882068 0.00010084 0.15036028236580362 0.9733588143817222 -0.1731022933189608 0.00678771 -0.3980917046651404 0.21988065797664455 0.890604003429448 0.00714783
0.9027823187355848 -0.033538778666585965 0.4287881007023802 -3.87873e-05 0.11580043676720894 0.9790941610798947 -0.16722703903310782 0.00673764 -0.41421533508903846 0.20062346339551285 0.887792702218409 0.00720049
0.8993732682363386 -0.002222157532201688 0.43717592156680946 -0.000287679 0.08102255095361957 0.9835110017040658 -0.16168319567609174 0.00653433 -0.42960804300996874 0.18083465249494446 0.8847235488208606 0.00696803
0.8946923146295913 0.028851260705194108 0.4457502292747195 -0.000382901 0.046149718681574255 0.9866011167341463 -0.1564878267615302 0.00647734 -0.44429254507402627 0.1605797036199035 0.8813729591818596 0.00691747
0.8936025371467564 0.056850582335173525 0.4452443339258025 -0.000502566 0.009088588601664987 0.9894516809039823 -0.14457789842681285 0.00649371 -0.44876709233421913 0.13324181942781999 0.8836598408853119 0.00704813
0.8914590675328449 0.08478471989464087 0.4450980590677273 -0.000635337 -0.028023391893384725 0.9907731839505135 -0.13260161187312836 0.00648695 -0.452233811672967 0.1057357519335314 0.8856096941332509 0.00696613
0.8921969362481414 0.10886412547768805 0.43833004589396773 -0.000905804 -0.064819241460335 0.9913325803320019 -0.11427239871815788 0.0063844 -0.4469710201858018 0.07354126294994569 0.8915203810108832 0.00678635
0.892009948229346 0.13307030750300777 0.4319844274055885 -0.000962329 -0.10143096180747692 0.9902393793961942 -0.0955914822557436 0.00634668 -0.4404883792413704 0.04145195718051128 0.8968008268279057 0.00678013
0.8908084896450554 0.15725915837572857 0.4262977737254235 -0.000978538 -0.1376485042570731 0.987510676838504 -0.07665215199686173 0.00632911 -0.43302785597705534 0.00960313682694288 0.9013293824740195 0.00661308
0.885197712466858 0.182083075496335 0.42810134718456255 -0.000931303 -0.1723856881097403 0.9830958656283345 -0.061690303285090516 0.00632206 -0.4320974246375147 -0.019190429965768828 0.901622727652401 0.00646061
0.8787623026032882 0.20665254659363377 0.4301994194669867 -0.000984269 -0.20693924493479757 0.9772377063142681 -0.046718457417209217 0.00634795 -0.43006158213584045 -0.04797072382186604 0.9015241789474221 0.00646016
0.871429927318295 0.230967586560799 0.4327399400706054 -0.000873465 -0.24126109492194223 0.9699375115413977 -0.03184819903772855 0.00633373 -0.4270866022847087 -0.07664983798522353 0.9009560680109449 0.00644766
0.863174317884291 0.2549493799905269 0.4358106361568458 -0.000804086 -0.27525393777635 0.9612187443632184 -0.017140455752715833 0.00632572 -0.4232793010337288 -0.10516339252441156 0.8998751547793474 0.00649914
0.8540827887575552 0.2785751129208649 0.4392476481544835 -0.000707512 -0.3089036274889976 0.951089921677523 -0.0025514324568230856 0.00628443 -0.41847477686505336 -0.13350605733288085 0.8983623955749558 0.0064829
0.844190241115407 0.3017971941481167 0.4430138715772169 -0.000915774 -0.3421538634162057 0.9395682395549381 0.011927152593929402 0.00632685 -0.41264218222919874 -0.1616476935312051 0.8964354146402106 0.00647733
0.8334874836409396 0.3245982005936399 0.44714049557746977 -0.000764235 -0.3749647695153006 0.9266675694419352 0.026241900977510044 0.00626948 -0.40583252239838014 -0.18953422887686283 0.8940787100964999 0.0060997
0.8219936162647556 0.3469441215373159 0.4516151806025677 -0.000640302 -0.4072884716963786 0.9124066426670462 0.04037597355206815 0.00618236 -0.3980484840358243 -0.21712644921277843 0.891298776734846 0.0059319
0.8070471835308635 0.36675364466318383 0.4627813821678349 -0.000425943 -0.43781329057870977 0.8975493528742802 0.0521984841504325 0.00613753 -0.3962251457789406 -0.24473847936365023 0.8849342973188604 0.00566574
0.7913751649850127 0.3858684109724849 0.474163387091953 -0.000233451 -0.4678980533330289 0.8814932108100573 0.06356989053740691 0.0061237 -0.39344219388889373 -0.27216775839423984 0.8781389134747126 0.00578843
0.7750025916859142 0.4042615774500898 0.4857402185095249 -0.000329523 -0.49750011663730637 0.8642608553685105 0.07447689456171674 0.00608729 -0.38969810985682557 -0.2993756016699684 0.8709245847366819 0.00545603
0.7579506527690801 0.4219028920837164 0.49750252021303487 -0.000110229 -0.5265742891658116 0.8458790208313224 0.08490111958604202 0.00620163 -0.38500691676442056 -0.3263228949504449 0.8632977714987542 0.0054131
0.7402506777191742 0.43877634302828733 0.5094156013855736 -0.000323164 -0.5550855489269246 0.8263692099840352 0.09483650227025436 0.00616615 -0.37935335441880264 -0.3529720238051224 0.8552787749629462 0.00550368
0.7219294132405278 0.4548522196542208 0.5214665670719607 -0.000539896 -0.5829869034455979 0.8057633016168138 0.10426779070491868 0.00656737 -0.37275218672611476 -0.37928216415117666 0.8468771146085479 0.00479777
0.7030025261565047 0.4701034045679794 0.5336574156058995 -0.00046072 -0.610241331234579 0.7840895068623501 0.1131775723427815 0.00644886 -0.3652300177567856 -0.40522393098378506 0.8380934314785117 0.00470773
0.6835077826260954 0.48452598286571147 0.54594109848735 -0.00103124 -0.6368159381748734 0.7613731574348208 0.12155811788682439 0.00632783 -0.3567668313843285 -0.4307499124384676 0.8289583469380342 0.00435521
0.6634641925356759 0.49808869602783157 0.5583215167914248 -0.00142318 -0.6626686590353111 0.7376505507062399 0.12939054592636548 0.00617613 -0.3473982060335452 -0.455828164917521 0.8194724952752223 0.00387486
0.6443216964885535 0.5107802453834368 0.5691687731772959 -0.00204811 -0.6874456068682718 0.7129203719892091 0.13843077981533206 0.00609486 -0.33506430581550384 -0.4804665275841842 0.8104836993052795 0.0028714
0.6247383094748884 0.5226617866048733 0.5801092151461316 -0.00328121 -0.7114199077295342 0.6872250938547033 0.1469809010126669 0.00655551 -0.32184430950470394 -0.5045258439360628 0.8011678433637012 0.000247861
0.6047297071235556 0.5337016419144758 0.591155257728502 -0.00303305 -0.7345513428215775 0.6606099214667551 0.15501243956116925 0.00635003 -0.3077926348717205 -0.5279745155568405 0.7915217020658647 -5.81595e-05
0.584338013080631 0.5439088050958714 0.6022560071997305 -0.00270514 -0.7568162174427382 0.6330957857471298 0.16253903864884378 0.00626749 -0.29287932580611814 -0.5507748521931678 0.7815809380396556 -0.000835296
0.5635995370536532 0.5532158076461252 0.6134393466377525 -0.0023382 -0.7781576600921462 0.6047489085768015 0.16955652041452923 0.00622426 -0.2771754279744566 -0.5729145029981455 0.7713253233114832 -0.00152001
0.5425272239671388 0.5616484404808171 0.6246721064366302 -0.00207287 -0.7985652943319006 0.5755915374753471 0.17603366915272664 0.00606295 -0.2606869424100785 -0.5943445223876742 0.7607870311490939 -0.00177836
0.5185500310399296 0.5707056832944046 0.6367109928091039 -0.00172415 -0.8198647466062772 0.5432756945513342 0.18075761942997184 0.00571208 -0.2427502061393834 -0.6157487659469828 0.749617098693763 -0.00227699
0.49160340460395213 0.578076142614826 0.6512711155282154 -0.00136965 -0.8410020365215283 0.50919688688068 0.18284995203079918 0.00525662 -0.22592402959500463 -0.6376099934368868 0.736486136407854 -0.00258702
0.4642317793828634 0.5842079992602554 0.6657250698384056 -0.00127784 -0.8609044174188674 0.47427619589859066 0.18413493441669976 0.00449238 -0.20816445200778416 -0.6586069416611788 0.7231213295955304 -0.00282758
0.4365599138716688 0.5890846119960723 0.6799961481580601 -0.0020295 -0.8794972121707788 0.43861528845157605 0.18466532571213595 0.00476062 -0.18947320492404623 -0.6786721952798553 0.7095801265324676 -0.00436938
0.40859135181771256 0.5926864148758975 0.6941008002021967 -0.00198963 -0.8967604442474679 0.4022661193568454 0.1843981422104573 0.0039148 -0.16992296152332692 -0.6977856281402903 0.6958601902020277 -0.00461643
0.37315958009066685 0.5931477818584187 0.7133916432528453 -0.00196544 -0.9154881313318225 0.36010206246391935 0.1794658351882033 0.0031282 -0.15044404001862283 -0.7200709780887362 0.6773952888359984 -0.00515952
0.3374661469019149 0.591683941790868 0.7321384518805136 -0.00248588 -0.9323486657159298 0.31731858369913957 0.17330574709713725 0.00313671 -0.1297789090449598 -0.7410931314389522 0.6587400134355793 -0.00652357
0.30158594582719517 0.5883395875615869 0.7502682500195366 -0.00288052 -0.9473093796042631 0.2739895681650039 0.165935697939114 0.00196287 -0.10793913374352365 -0.7607800248722468 0.6399710127514223 -0.00705715
0.26559003381858964 0.5831281664253243 0.767739197551929 -0.00328888 -0.9603336036773249 0.23020943934257848 0.15736258667706937 0.000293216 -0.08497825359680505 -0.7790796849867252 0.6211389062493364 -0.00754959
0.22959138570694237 0.5759991286394797 0.7845462379080831 -0.00393712 -0.9713735749014931 0.18612842923305895 0.14761295950670433 -0.00056028 -0.0610014228707807 -0.7959781477137389 0.6022438167137508 -0.00867468
0.19368790990832047 0.5669869284863406 0.800631511046731 -0.00472669 -0.9804001020708569 0.14186225639403643 0.13671408146290542 -0.00143667 -0.036064295567772076 -0.8114190798449455 0.5833510464966891 -0.0101491
0.15759579187067518 0.5578026227297698 0.8148741009876588 -0.0050385 -0.9874636665737372 0.09644683734954407 0.12495405060269954 -0.00312804 -0.008892332731418484 -0.8243508001094322 0.5660094387707091 -0.0108546
0.12174922546977918 0.5467572072040786 0.828392227430886 -0.00594005 -0.9923780433652843 0.051034573632412705 0.11216635565376754 -0.00383319 0.019051119232173397 -0.8357344247214864 0.5488032672929776 -0.0123803
0.08615820500587523 0.553127665911909 0.8286293193660295 -0.00662625 -0.9947439570139996 0.0015709907390467626 0.10238159977372813 -0.00441733 0.055328326328342836 -0.8330950229061158 0.550355756865287 -0.0140382
0.05028678357173105 0.5577130321843837 0.8285091509028193 -0.00688882 -0.9945426509751985 -0.04796443386314825 0.09265165122874197 -0.00490749 0.09141200571716307 -0.8286468408290039 0.5522574204072563 -0.0155039
0.01367594680492834 0.5600701418794385 0.8283323032781799 -0.00677319 -0.9918164592863512 -0.09756771128146557 0.08234471934485027 -0.0051401 0.12693730565784966 -0.8226797541512993 0.5541524542415052 -0.0170129
-0.023011331005639013 0.5605933495778453 0.8277714509781311 -0.00713554 -0.9865058516819046 -0.14698620682579255 0.07211975873729187 -0.00568304 0.16210084281924247 -0.8149418086047966 0.5564109680310357 -0.0185851
-0.059664558216513564 0.559276324760111 0.8268313812716901 -0.00606048 -0.9786254266196696 -0.19607872443670632 0.062011355385475087 -0.00598881 0.19680552549737462 -0.8054583331160569 0.5590209823858182 -0.0192798
-0.09918305389589671 0.5527090749394842 0.8274511467750971 -0.00541279 -0.9683801811149396 -0.24491209132207753 0.04751728472927652 -0.005884 0.2289160253098949 -0.7965743819655425 0.5595236432471227 -0.0203817
-0.13832762876692395 0.5441800716021968 0.8274862638078944 -0.00656015 -0.9555046358932054 -0.29312021646596015 0.03303678987949227 -0.00578579 0.26053091545210744 -0.7860970604002897 0.5605132056639792 -0.0218723
-0.1775324488708762 0.533409301374582 0.8270167754072403 -0.00643053 -0.9399975743227753 -0.3407078642344212 0.017964173126460425 -0.00584918 0.29135337627219615 -0.7742045391599686 0.5618901509004162 -0.0232141
-0.21613927177797446 0.5206754235171394 0.8259424426317697 -0.00709111 -0.9219084516334757 -0.3873964737961586 0.002962920361670951 -0.00515329 0.3215099096482942 -0.7608029149757181 0.5637466652339471 -0.0244159
-0.25403997708620807 0.5060255859255275 0.8242583311260893 -0.006613 -0.9012844894386357 -0.43306385893753374 -0.011914830232523266 -0.00478985 0.3509272846892598 -0.7459180923337755 0.5660885446551314 -0.0249485
