1.0 0.0 0.0 0.0 0.0 -1.0 0.0 0.0 0.0 0.0 -1.0 0.0
0.9999630904754285 -0.0016621970091329446 -0.008429400211907995 -0.000262798 -0.0016190316027961298 -0.9999855561600316 0.005125056875922775 2.55608e-05 -0.0084377973132111 -0.005111220247174388 -0.9999513383180633 1.80739e-05
0.9998523719167574 -0.003366581820704709 -0.016849347146971966 -0.000405669 -0.003193930065944046 -0.999942230756057 0.010263233473644252 7.6119e-05 -0.016882925788160367 -0.010207902695714421 -0.9998053638280735 -3.87807e-05
0.9996685104323014 -0.005095556062858574 -0.02523696809195964 -0.000474244 -0.004707940488964496 -0.9998704106594151 0.015394712862722796 8.5424e-05 -0.025312142272369845 -0.015270795532112242 -0.9995629536239329 -5.92882e-05
0.9990115094049641 -0.009934069596471489 -0.043328031776988594 -0.000516864 -0.008802873465338553 -0.9996174154930884 0.02622083258921306 2.89424e-05 -0.04357193471913442 -0.025813502361569617 -0.9987167514368931 5.39963e-05
0.9982087451557891 -0.013578763416154004 -0.058265927252495256 -0.000404179 -0.011546671365733011 -0.9993180743975953 0.03507221924335526 2.67652e-05 -0.058702431592538934 -0.03433661844693411 -0.9976848305746424 1.81826e-08
0.9971693951276592 -0.017350519715001667 -0.07315843687748647 -0.000408486 -0.014155923686187 -0.998932930640587 0.04396145932971992 3.46377e-05 -0.0738431259179125 -0.042801396559307585 -0.9963509588529755 4.45076e-05
0.9958936457031865 -0.021246250099779075 -0.0880025187407415 -0.000478299 -0.016627862836165297 -0.998462174482384 0.05288478330684634 -2.8641e-05 -0.08899078955441733 -0.051204325838820085 -0.994715414774434 0.000194629
0.9943821154000045 -0.025265834094004937 -0.10279030207245554 -0.000433012 -0.018962959119935577 -0.9979059499606868 0.061839479416269695 4.19598e-06 -0.10413748006375079 -0.059542864061059485 -0.9927789444712143 8.97982e-05
0.9926352543447966 -0.029409338544641637 -0.11751741419128987 -0.000344074 -0.021161782659454564 -0.997264387779545 0.07082315879260816 -3.07703e-05 -0.11927879437064466 -0.06781468626378535 -0.9905421432429967 0.000225854
0.9872685959419528 -0.03500909840534436 -0.1551614723301172 -4.97905e-05 -0.021215087521057857 -0.9957445114316185 0.08968159239933737 0.000135219 -0.15764085615181958 -0.0852480555945527 -0.9838100068047025 -9.83373e-05
0.9804389278120811 -0.041260375029242 -0.19245022806726764 3.69365e-05 -0.02053034055015233 -0.9938852868831742 0.10849212706019395 5.05243e-05 -0.1957498759835924 -0.10241883600977314 -0.9752909145905193 0.000161001
0.9815860133996938 -0.03940915877392248 -0.18691125301283434 3.83589e-05 -0.018497423734456585 -0.9934985403879305 0.11233207717406062 -8.16941e-06 -0.1901229697150872 -0.10680621916247628 -0.9759332394866632 0.000368342
0.982679175781491 -0.03755855970992543 -0.18146898379041326 -4.46018e-06 -0.01649483924957127 -0.993086871085286 0.11621698135886621 7.22183e-05 -0.18457940774512227 -0.11121070573713765 -0.9765053103623695 0.000170315
0.9837562396675528 -0.03567226701886525 -0.17592939004296912 0.000170257 -0.014520811957297416 -0.9926581373652754 0.12007900875091589 0.000120344 -0.1789212310913861 -0.1155738365212322 -0.9770516267713321 1.32875e-05
0.9847966034203297 -0.033760692915565084 -0.17039913587117378 -1.06273e-05 -0.0125674569464622 -0.9922086646916273 0.12395170324266162 0.000128943 -0.17325619445688123 -0.1199257325377625 -0.9775480089272344 -1.57169e-05
0.985801295912229 -0.031824310831892404 -0.1648727333971425 -5.90183e-05 -0.010636123364632278 -0.9917385825877997 0.1278337071609621 0.000193163 -0.16757887055814183 -0.12426502744866467 -0.9779956672172122 -6.78891e-05
0.9867673412416117 -0.029860350323892535 -0.15936929985883597 -0.000334676 -0.008720948359622869 -0.9912474939792065 0.13172832170665563 0.000283864 -0.16190787293603098 -0.1285953543425181 -0.9783910647194468 -0.000185939
0.9877073139987854 -0.02787918567177059 -0.15380836414052387 0.000204073 -0.00684723592096414 -0.990738662022396 0.13560980397565406 0.000475204 -0.15616458380038575 -0.13288963308080734 -0.97875071810247 -9.19385e-05
0.9886129797997533 -0.025877093901183416 -0.14823883493430934 0.000442542 -0.005001815598539782 -0.9902098415502883 0.13949713809849576 0.000543312 -0.15039733379342296 -0.1371672180522078 -0.9790637345339922 0.000144145
0.98953371750762 -0.02390058102515681 -0.1423087634062284 0.000635495 -0.0032977980552890782 -0.9896761355200447 0.1432838836369853 0.00080825 -0.14426415508897733 -0.14131492847102362 -0.9793967247993498 0.000166746
0.9886707368977438 -0.03943251650372699 -0.1448283488970855 0.000782158 -0.016802664847032595 -0.9878859950672566 0.154269022178837 0.00103805 -0.14915711332722598 -0.1500877656311783 -0.9773565460729926 0.000212939
0.9872860309573095 -0.06667859436680985 -0.1442922663548859 0.000947669 -0.042183031724934025 -0.9851210427078407 0.16660469095649824 0.00123843 -0.1532543144940987 -0.1583997988239995 -0.9754089495290992 0.000307717
0.987314374823544 -0.11157857233555299 -0.11296259319949528 0.00114171 -0.09059629032719929 -0.9801552801306768 0.17631772177210317 0.00138984 -0.13039416185452746 -0.16384702935212078 -0.9778300023658208 0.00038092
0.9844140222437949 -0.15605537571010056 -0.08109101381640296 0.00124424 -0.13904335026298262 -0.9729540049476242 0.18446531111302028 0.00155918 -0.10768463008915541 -0.17031507263996687 -0.979488027733981 0.000427558
0.978589719666027 -0.1999482688360454 -0.048814448203739806 0.00169413 -0.18734524107766584 -0.9635422232748664 0.19101870225734238 0.00167908 -0.08522864078183084 -0.17778378372617806 -0.9803718707890826 5.94459e-05
0.969853362356436 -0.24315422896581773 -0.016139283192088585 0.00174967 -0.23540267665427705 -0.9519409613597039 0.1959438335584072 0.00178232 -0.06300821652703434 -0.186237555346932 -0.9804822984778874 0.00013216
0.9582308327765451 -0.2854995008706988 0.016843577973541496 0.0019343 -0.2830321723216625 -0.9381979701873676 0.19919176229750044 0.00175635 -0.04106653804802197 -0.19563896273208223 -0.9798157662100898 0.000203468
0.9410425324194976 -0.3299873026372264 0.0744804153835544 0.0019947 -0.338263881795545 -0.9205284897654692 0.19546059910558533 0.00179934 0.004061828419419794 -0.2091307715959379 -0.977879247106502 0.000132054
0.9185767573105608 -0.3727064517125429 0.1315547102184506 0.00196546 -0.3922911708769383 -0.9003330374901142 0.1884358215834378 0.00182978 0.048211805409208476 -0.22470051725723805 -0.9732344524129393 0.000221008
0.8909608465316246 -0.41340310158450266 0.18784739963056366 0.00217229 -0.44481808846746673 -0.8777305424865041 0.17811783447621587 0.00196712 0.09124493476243103 -0.24225393781456067 -0.965912724573778 -9.3704e-05
0.8583500222819475 -0.4518486024433515 0.2430392555094148 0.00227609 -0.4955491691825498 -0.8528468217052311 0.16457010551667825 0.00200906 0.132914484429144 -0.26169665488361915 -0.9559542879508721 -9.28209e-05
0.8209250031206786 -0.48782408246689285 0.2968329560824539 0.0025772 -0.5441976059621458 -0.8258259194180525 0.14785302324402189 0.00199744 0.17300608346639973 -0.28291202763873863 -0.9434138432845657 -0.000346064
0.7788966105327865 -0.5211300879870079 0.3489176141945109 0.00311239 -0.5904922249764598 -0.7968160046909404 0.12807492694011816 0.00169892 0.21127944136353177 -0.30579026482708715 -0.9283605504296774 -0.00085234
0.7324987296660906 -0.5515844156953927 0.39899905187799084 0.00331131 -0.6341766513720087 -0.7659782971758454 0.10534335816831429 0.00161237 0.24751885966962012 -0.33019975865764084 -0.9108800873277924 -0.000744868
0.6819916422285627 -0.5790073583908496 0.4468085483287421 0.00349719 -0.6749993238627693 -0.7334923669563557 0.07978007521660313 0.00158224 0.2815374090865937 -0.3560048125320959 -0.8910652393280724 -0.000722648
0.6276612597674149 -0.6032611412871978 0.4920542027054025 0.00338578 -0.7127419977666949 -0.6995300663438084 0.05154154538396816 0.00175027 0.3131136975712215 -0.3830583267518077 -0.8690374737025919 -0.000577256
0.5698076070857979 -0.6241997317836646 0.5345034946081814 0.0035136 -0.7471892800502108 -0.6642863756135581 0.020779580175031426 0.00172563 0.342092780814218 -0.4112156441763909 -0.8449107783070301 -0.000449878
0.5088288833206136 -0.641619805753127 0.573948771550229 0.00360539 -0.7780722266585238 -0.6280541606117156 -0.012311841493459375 0.00175444 0.36837043529760116 -0.44030897810927383 -0.8187986481394696 -0.00023363
0.4484344363912615 -0.6561054313722164 0.6069861770932923 0.00319714 -0.8051282942794221 -0.5914310395955326 -0.04447195918391736 0.00164032 0.38816875970273546 -0.4687589874624545 -0.7934670917334975 -0.000342301
0.38583320173978536 -0.6672967990743591 0.6370617885106129 0.00323152 -0.8287732912634981 -0.5540628914875741 -0.07841647763511206 0.00165619 0.40529936111903186 -0.4977241145670396 -0.7668136238063076 -0.000226326
0.3213420402610859 -0.675139776762392 0.6640222699534029 0.00316789 -0.8488893611993759 -0.516136641432587 -0.11397289069425492 0.00159416 0.41967385623047576 -0.5270571593327582 -0.7389753752275682 -0.000333746
0.2552862896962913 -0.6795381044648235 0.6877913018303271 0.00322078 -0.865358556713499 -0.4778790097215093 -0.1509510529619447 0.00157707 0.4312580186104734 -0.5566503540355872 -0.7100400726270486 -0.000247735
0.18801757083912987 -0.6805408368210325 0.7081762227543942 0.00318686 -0.8781319181538204 -0.4394388000676383 -0.1891504039504168 0.00159586 0.4399246837530766 -0.5863085454042459 -0.680226846140839 -0.000152613
0.13664866512263713 -0.6867488541579143 0.7139349785750752 0.00311882 -0.8931466555317129 -0.39715630938873236 -0.21108272697034502 0.00161445 0.4285046021138129 -0.6088044655104897 -0.6676383218043805 -6.76737e-05
0.08343726646056604 -0.686440328074632 0.7223834844169544 0.00309207 -0.90406867524353 -0.35706285954829564 -0.2348743169752771 0.00161083 0.4191635158371937 -0.6334870088044315 -0.6503815469914693 -3.54465e-05
0.020226839600729674 -0.6685357855803113 0.7434048549466723 0.00314797 -0.9061808366701019 -0.3264062180225701 -0.2688778014044242 0.00163298 0.4224063993497742 -0.6682206852789869 -0.6124164837376934 3.00513e-05
-0.026808576753246383 -0.6599357963422018 0.7508435555551163 0.00319768 -0.9125616085367151 -0.2904526602763362 -0.2878690027830054 0.0017196 0.40805956775616475 -0.6929083610727921 -0.594445449404795 0.000130407
-0.07352314836764914 -0.6492479778470831 0.757014801648939 0.00305909 -0.916942952863201 -0.2544963840987137 -0.3073226507682011 0.0017518 0.39218613928671975 -0.7167347164342982 -0.5766119825404464 0.000121551
-0.11986871287620567 -0.6364986165055322 0.7619061640779299 0.00265218 -0.9192964989410639 -0.21861594299354065 -0.32726291648114925 0.00176541 0.374867228106305 -0.7396462537291651 -0.5589257380335129 0.000148701
-0.16577544148943268 -0.6216660985626139 0.7655388722311376 0.00288732 -0.9195868364258533 -0.18294277451266105 -0.3476952566916903 0.001758 0.35620015899950763 -0.7616188043578939 -0.5413485416782589 0.000185231
-0.21079062821890115 -0.6046440321192055 0.7680969375526177 0.0029568 -0.9179439607044515 -0.14770592757999423 -0.36818724036006134 0.00169828 0.3360746882187129 -0.7826803647596906 -0.5238943123935706 0.00028625
-0.2550897073868011 -0.58566438674035 0.769367576187979 0.0027729 -0.9142876187873828 -0.11283538920596976 -0.38903255014822935 0.00155796 0.31465439980622145 -0.8026614485863807 -0.5066825511459809 0.0001889
-0.2985400237275657 -0.5648029857307882 0.7693318149812418 0.00267388 -0.9086372425786157 -0.07840637651142213 -0.41015948303248995 0.00158635 0.2919798205901818 -0.8214925607891628 -0.4897935860504802 0.000227886
-0.3410759620936833 -0.5419889306392048 0.7680593643374444 0.00261872 -0.9009810661867071 -0.044580593861913514 -0.43156191794918974 0.00127556 0.26814232499725266 -0.8392023413429505 -0.4731163956465443 9.04102e-05
-0.3825272951282785 -0.5173895654325765 0.7654938968165146 0.00250887 -0.8913739117353573 -0.011384352677639362 -0.45312575074886074 0.00119157 0.24315718776020262 -0.8556742570018107 -0.45683273519412854 0.000166726
-0.3982451623573518 -0.5111485547404937 0.7616613063860285 0.00263962 -0.8932058930429718 0.027112836578592134 -0.44882973021622574 0.00108383 0.20876786939630804 -0.8590646361475761 -0.4673584573198167 0.000186693
-0.4312275992877489 -0.47659128593173833 0.7660962757946659 0.00278995 -0.8844236236998939 0.055366668864745824 -0.46338902211896443 0.000704362 0.1784309711178897 -0.8773797798859702 -0.44538422782264436 -4.99497e-05
-0.47226315417518533 -0.4208122875807242 0.7745221312716526 0.0030676 -0.8688711074951351 0.07428176424884456 -0.4894335685874608 0.000216347 0.148426789255453 -0.9041013428378243 -0.40071217863968184 -0.000351071
-0.5128954159438786 -0.3564025600986491 0.7809708749107641 0.00322012 -0.8505572748616492 0.08789128561423656 -0.5184857221688958 -0.000135104 0.11614910453240923 -0.9301894092431956 -0.34821982776417837 -0.000511855
-0.5310306589066104 -0.3215528241903278 0.7839708033826487 0.00336823 -0.8432805624647741 0.10995214026238653 -0.5261068520945293 5.17896e-05 0.08297187638173426 -0.9404862083555212 -0.32954720393708337 -0.000421198
-0.5478326878208777 -0.2859811603873841 0.7861896222021996 0.0033668 -0.8351344271316545 0.13157474041408582 -0.5340773130403953 -1.82088e-05 0.04929335426236586 -0.9491590296617582 -0.3109136562409469 -0.00042319
-0.567618781862323 -0.2340249305956419 0.7893296208408991 0.00336049 -0.8232262509522066 0.14926405526294023 -0.5477397023674988 -0.000319977 0.010366205685159835 -0.9607042071658511 -0.27738054746778124 -0.000513686
-0.5872056895121127 -0.16692899241087672 0.7920379976347685 0.00323695 -0.8087236648318126 0.16208447149760802 -0.5654154738246404 -0.000485772 -0.03399282491358946 -0.9725550553012565 -0.23017635035416534 -0.000514677
-0.603579152492853 -0.09857936042210641 0.7911853868561891 0.00324011 -0.7933269405105665 0.17323485775398947 -0.5836283487966456 -0.000744852 -0.0795271786004837 -0.9799345864687721 -0.1827666110265311 -0.000577544
-0.616604557486304 -0.02919164279912545 0.7867316363778738 0.0032242 -0.7771132312681358 0.18259423003214997 -0.602290937128364 -0.000869196 -0.12607079548854955 -0.982754900852524 -0.1352736462701799 -0.000657025
-0.6261240915379305 0.04056933829353254 0.7786672914577996 0.00355616 -0.7602236029752163 0.19017896553989388 -0.6212020883300025 -0.00120078 -0.1732878976593042 -0.9809108470480894 -0.08823386350045964 -0.000888497
-0.6320382913963629 0.11010957693018586 0.7670746243208817 0.0035529 -0.7428079764148714 0.19598610632202687 -0.6401763478161118 -0.0010183 -0.22082551569782471 -0.9744051145170509 -0.0420804517537908 -0.00093937
-0.6371424439847353 0.21745616145627802 0.7394337860267541 0.00325134 -0.7144739805659303 0.1932103448414899 -0.672455718795303 -0.00133615 -0.2890958961442264 -0.9567562806122226 0.03226425795881416 -0.00116122
-0.6321919420871209 0.34721792561020565 0.6926565241842889 0.00279469 -0.6805062659491672 0.17861478573758957 -0.7106391350888556 -0.00164801 -0.3704653429999033 -0.9206174397929149 0.12336514574669497 -0.0011434
-0.6148490627064833 0.4847932853884651 0.6220418800460444 0.00257004 -0.6407516807423512 0.1527600418960789 -0.7523972708787298 -0.00179365 -0.4597802885235636 -0.8611851369143378 0.21670774384645813 -0.00130408
-0.5826144999331633 0.6106390169785324 0.5363584020141025 0.00225971 -0.6024482637428393 0.11849774811698441 -0.7893125953666531 -0.00174067 -0.5455423301457626 -0.7829931510777699 0.2988399092899683 -0.0015153
-0.5361981893657283 0.721720563546997 0.4377338573543519 0.00197064 -0.5665897832992004 0.07665585746586809 -0.8204266554525993 -0.00178778 -0.6256736522995676 -0.6879268185421891 0.36781676572519395 -0.00160799
-0.48711813023522965 0.8010538745166805 0.3478916746890452 0.00177055 -0.5422379063960842 0.034856251359008994 -0.8395016942260387 -0.00173347 -0.6846122844817537 -0.5975765489567109 0.41738266383938666 -0.00169861
-0.43015352100176757 0.8669104770042532 0.25186141671570095 0.00168651 -0.5208183978899893 -0.010430155455351808 -0.8536037770982986 -0.00167156 -0.7373711038473684 -0.49835472980341555 0.4559894938411169 -0.0019438
-0.3663136671952995 0.9181054858468546 0.15131627170877016 0.00150249 -0.5027030291716631 -0.05842393175100635 -0.8624826425270179 -0.00149611 -0.7830095540206169 -0.3920063278273257 0.4829358935260143 -0.00213046
-0.2908108291903838 0.9559981131077008 0.03868681119085998 0.00125755 -0.4861689161578907 -0.11282353936553652 -0.8665509990340414 -0.00163194 -0.8240563370228176 -0.2708107396311104 0.497586873533645 -0.00232019
-0.20986307972794727 0.9748472510595205 -0.0750354907280365 0.00113322 -0.47413952812481375 -0.16858737864641637 -0.8641585523679718 -0.00162669 -0.8550726259427792 -0.14577768300678207 0.49759388209713146 -0.00267826
-0.12512890319746978 0.9742594878188356 -0.1875132208127694 0.00106873 -0.46689397364136254 -0.22458655766093838 -0.855319177556185 -0.00193202 -0.8754157726257719 -0.0194763577958032 0.4829781532585433 -0.00328419
-0.03820965193091774 0.9542693456009442 -0.29649627071122475 0.000869047 -0.46460095721875716 -0.27965760362669667 -0.8402009136422002 -0.00173617 -0.8846954125860113 0.1056486667219192 0.45404007110512634 -0.00343393
0.04917610662640437 0.915264409712977 -0.3998409319339685 0.000570155 -0.4673078165344704 -0.3327214630606132 -0.8190969616746182 -0.00137213 -0.8827259569894014 0.22712879238784556 0.4113482667103202 -0.00360614
0.13539496623283814 0.857977971163215 -0.49552195119637443 0.000329942 -0.474986089622974 -0.3827022265573056 -0.7924185891640585 -0.00096241 -0.8695150474738691 0.342655522043253 0.3557116464635099 -0.00361102
0.21869261699839626 0.7835205789750436 -0.5816090109283086 0.000145943 -0.487472631478877 -0.4286084960483294 -0.7607004605455739 -0.000777664 -0.8453070287353891 0.4498780495176463 0.28821132478226175 -0.00366162
0.3010788976054623 0.6871935126241674 -0.661147921137122 -0.000166967 -0.5049022416550178 -0.4732843942601858 -0.7218556701457066 -0.00132333 -0.8089655269468642 0.5511505768454092 0.20446960129700215 -0.00355995
0.3765306462035437 0.5754267307845468 -0.7260225547241287 -0.000340882 -0.5271483082238378 -0.5113684465065855 -0.6786876844721634 -0.000792673 -0.7618000614375712 0.6382682738598637 0.11078933602862073 -0.00338775
0.44345974332205673 0.45055038723634755 -0.7748211436285878 -0.000348536 -0.5538195082626257 -0.5419558799665297 -0.6321137369472741 -0.000449337 -0.7047179636709134 0.7094280602928541 0.00918797848493294 -0.00341182
0.5002289741591778 0.315502182048421 -0.8063679969680975 -0.00041869 -0.5842179921327373 -0.5643774256026525 -0.5832387668344032 -0.000386395 -0.6391089978087068 0.7628476221322364 -0.09799588933798675 -0.00328927
0.5456102819146291 0.17320074168454347 -0.8199456831699055 -0.00042441 -0.6176982616092966 -0.5781041604302621 -0.5331457936606785 -0.000290063 -0.5663552576553801 0.7973688498888991 -0.20843377690039208 -0.00349003
0.5783826938337135 0.027513076449131313 -0.8153014719096005 -0.000333507 -0.6532817419545229 -0.5829422410839147 -0.48311624811108045 -0.000359569 -0.48856568146209456 0.8120476428045138 -0.3191899132383602 -0.00381956
0.5984341492185281 -0.12404152811335212 -0.7915113823264964 -0.000363601 -0.6923045581871583 -0.5772885226708606 -0.4329576888170243 -0.000144172 -0.40322570325114493 0.807063603996488 -0.4313436812355316 -0.00381608
0.6037541852932746 -0.27267219899390605 -0.749086614242093 -0.000830663 -0.7318536104935935 -0.5621132239492359 -0.3852518867817364 -0.000463092 -0.3160240126135131 0.7808191822421015 -0.5389343448829647 -0.00356121
0.5942152966148698 -0.4148107802664852 -0.6890864951830153 -0.00087956 -0.7709946659065016 -0.5377774911720293 -0.3411196199758084 -0.000549293 -0.22907511085367677 0.7339805082993878 -0.639372510375562 -0.00372517
0.568636823390674 -0.535282718981746 -0.6245995307744578 -0.000975999 -0.8070119685352797 -0.5100886818629202 -0.2975587660885858 -0.000714657 -0.1593230859761901 0.6732621683971692 -0.7220347684704427 -0.00388447
0.532430690987293 -0.64535350793733 -0.5477557932945816 -0.000928548 -0.8412931355256239 -0.47492482019133325 -0.2582097505589097 -0.00076692 -0.09350625333237489 0.5983019847528609 -0.7957960263965443 -0.0039052
0.4861669710783101 -0.7430483939617225 -0.45991386200401335 -0.000870468 -0.8732533456646518 -0.4328011485187403 -0.22385656149943778 -0.000742515 -0.032714989195075594 0.5104529851727427 -0.8592831194723902 -0.00394553
0.4322340075558635 -0.8230253666494225 -0.36851459749076676 -0.00121611 -0.9016244604170967 -0.387310462183974 -0.19251996847188635 -0.000714926 0.015719258563219513 0.41547545262556806 -0.9094685553529613 -0.00359278
0.37136116096435373 -0.8883851180236548 -0.2699310471237127 -0.00125128 -0.9267156047097544 -0.3366857016331221 -0.16685600469640366 -0.000823356 0.05735046743175955 0.3121131531831187 -0.9483123449030123 -0.0035609
0.3046139312332029 -0.9378766424538267 -0.16612572479357343 -0.00151236 -0.9480946627729492 -0.2818554628894472 -0.1472209511612497 -0.00101663 0.09125164831443414 0.20234846571919443 -0.9750529396401953 -0.00360154
0.2356208708256466 -0.969769119984742 -0.06348747242868377 -0.00164954 -0.9652303376322542 -0.22590835965944706 -0.13151352915309622 -0.00106924 0.11319540867759753 0.09226736671216348 -0.9892792995379589 -0.00356892
0.15643406043235258 -0.9858392158466176 0.06041047289645705 -0.0018572 -0.9780100834350205 -0.16315259105742225 -0.12991346631767675 -0.00109687 0.13792991494259554 -0.03875916059689714 -0.9896833160328372 -0.0035487
0.1037645391260363 -0.9837217375349933 0.1467121791846055 -0.00193888 -0.9865740013686605 -0.1205048663843528 -0.11022847636214579 -0.000997928 0.12611367984240307 -0.13330461461938886 -0.9830184227560461 -0.00342942
0.06231770626654764 -0.9745684211645923 0.2152507745733554 -0.00227024 -0.993253619775914 -0.08169071371492376 -0.08230354849452101 -0.00107339 0.09779442871513638 -0.20866964264477847 -0.9730843899430204 -0.00342096
0.0228733172520054 -0.958647071628349 0.2836769349388149 -0.00237163 -0.9975373873372816 -0.04070311977101456 -0.05711757089737861 -0.000949769 0.0663021283383855 -0.2816718802069137 -0.9572173105823477 -0.00334571
-0.014192156738106856 -0.9363424140011166 0.3508011779194622 -0.00263536 -0.9993997370415492 0.002194821353391394 -0.034573810326729404 -0.000988885 0.03160297910645407 -0.35108128190176685 -0.935811511582225 -0.00342865
-0.04868442999747709 -0.9076466689172414 0.4169020876407984 -0.0013014 -0.9987979835648245 0.04661921334063283 -0.015140573778450073 -0.00030106 -0.005693356010375655 -0.41713807468383385 -0.9088252925322903 -0.00290581
-0.08031943215447372 -0.8727907324979398 0.4814406776375384 -0.00136597 -0.9957379611161294 0.09222135392580519 0.0010652100189598168 -0.000142328 -0.04532881655940302 -0.4793032016853222 -0.8764780312383894 -0.0028767
-0.10920008607623291 -0.8326701344959546 0.5428957435083019 -0.00152622 -0.9901595928584457 0.1392057729545769 0.01434341125798827 -0.00012334 -0.08751755179014276 -0.5359871266127643 -0.8396776037468501 -0.00295789
-0.13471650961540615 -0.7871982784676421 0.6018058926386671 -0.00169049 -0.9821111563536229 0.18671625513966317 0.024386812673449776 -0.000156631 -0.1315641995483266 -0.5877549748357737 -0.7982699737263123 -0.0029779
-0.15655335688678107 -0.7369000898354824 0.6576239837839998 -0.00172471 -0.971627191298131 0.23442650218823902 0.0313817813690212 -0.000127311 -0.17728972778360744 -0.634052421075928 -0.7526924204149852 -0.00292969
-0.17463959383805733 -0.6822792840428991 0.7099267503270934 -0.00185441 -0.9587477769353869 0.2820662304235777 0.03523268193150525 -0.000111429 -0.22428489134476223 -0.6744876724007207 -0.7033936787418025 -0.00292873
-0.18941266832929535 -0.6242110771254654 0.7579468136157329 -0.00211514 -0.9434524521498249 0.3295843413223132 0.03565995636030994 -4.93006e-05 -0.2720667410928036 -0.708332332418197 -0.6513409209025164 -0.00303613
-0.20684632307047007 -0.5620525129024965 0.8008193125619636 -0.00215926 -0.9260247540323878 0.37662422911635857 0.02514647016510463 -3.97879e-05 -0.3157415930020664 -0.736377052047725 -0.5983778769857887 -0.00309969
-0.22065116287818762 -0.49639835068763993 0.8395842672150867 -0.00228098 -0.9065434827231811 0.4219629282611639 0.01123392653478622 -2.55866e-05 -0.3598499385196955 -0.758640866687166 -0.5431133004627272 -0.00315522
-0.23141488943167374 -0.4271706241620611 0.8740551508928492 -0.00233714 -0.8852559288726148 0.4650500317565872 -0.007099884441391258 -8.4398e-05 -0.4034465136114206 -0.775405523462525 -0.4857748293588271 -0.00316967
-0.2381867219586477 -0.35545561976472934 0.9038353765262045 -0.00237759 -0.8622081884066628 0.5057621961768399 -0.028313261254756694 -2.39563e-05 -0.4470616571873439 -0.7860381054987422 -0.4269425855742829 -0.00319558
-0.24087800950438637 -0.2819308052027149 0.9287049077155529 -0.00226243 -0.8375338971591386 0.5438939187094649 -0.052118867028051075 4.21259e-05 -0.49042303743465226 -0.7903761296171659 -0.3671386905309201 -0.00313348
-0.239579826273203 -0.20716275674264956 0.9485173161633307 -0.0024449 -0.8113762939016225 0.5792384258233818 -0.07843057913925466 0.000128893 -0.5331697820932559 -0.788394849214806 -0.3068607912298236 -0.00317924
-0.23832404607543878 -0.14606201997755436 0.9601393312339145 -0.00279126 -0.7786699862281459 0.6195696977788471 -0.099027481749701 0.000265162 -0.580409081260529 -0.7712323099522638 -0.26139246828476903 -0.00339574
-0.23311257131525853 -0.0842636164829404 0.968792120133109 -0.00268169 -0.7442190267684092 0.6567074773286189 -0.12195626025982914 0.000104961 -0.6259365537262304 -0.7494230662035279 -0.21579735529295163 -0.00331985
-0.21894320975859927 -0.014575550987191599 0.975628732773908 -0.00277988 -0.7114790417703929 0.6866405541029446 -0.1494065680707674 2.28245e-05 -0.6677285706198931 -0.7268509494900732 -0.1607054859153645 -0.00331578
-0.21939306583984725 0.007701838938737049 0.975606152265531 -0.00302549 -0.6593666009184318 0.7358620581256399 -0.1540867191044426 0.000149628 -0.7190983022192907 -0.6770876701639601 -0.15636469760554772 -0.00348354
-0.2182009010398881 0.02997188909144044 0.9754435158683827 -0.00291531 -0.6037997737408498 0.7811040524092325 -0.15906694358154316 4.93763e-05 -0.7666904199322435 -0.6236811245934621 -0.15234058818960494 -0.00342972
-0.21533476822714032 0.05228019258494504 0.9751398458969077 -0.00297031 -0.5451438792173651 0.822054168209305 -0.16445393118302404 -4.11384e-05 -0.8102154581001321 -0.5670041675270023 -0.14851661678951739 -0.00344782
-0.21297620690575408 0.07119597441752862 0.9744599881569156 -0.00300623 -0.4822974196189594 0.8597038182562909 -0.16822171056212595 -0.000142959 -0.8497236811581343 -0.5058067596447213 -0.148758823525787 -0.00347532
-0.21047369537096888 0.09004558648863334 0.9734436891319428 -0.00296295 -0.4167940452885862 0.8924502711932587 -0.17267089291207874 -0.000233454 -0.8842983361789528 -0.44206821396815754 -0.1503068422598876 -0.00348276
-0.20654483862017475 0.10868042895136253 0.9723825348093795 -0.00307068 -0.3490485915853295 0.9202380881348358 -0.1769941859447379 -0.000463123 -0.91405924881906 -0.3759659898300516 -0.15213567674758527 -0.00341649
-0.20125172323832036 0.1269682126980777 0.9712758706247481 -0.00318254 -0.27941751542563276 0.9429249687567811 -0.1811583709586438 -0.000668056 -0.9388416245389702 -0.30784992489730933 -0.1542881323166116 -0.00348855
-0.1946037119793555 0.14483563926975665 0.9701299051576424 -0.00318925 -0.20829985300478251 0.9603778258996996 -0.185163718795966 -0.000879038 -0.958509554736958 -0.23811146364147712 -0.15672384745300078 -0.00344809
-0.15715411041773775 0.1809861196309517 0.970848397062971 -0.00341316 -0.14821381491917293 0.9676073793711896 -0.20437373719126412 -0.00112574 -0.9763888828975443 -0.17601131749790855 -0.1252388337007967 -0.00353268
-0.11722275733928689 0.21458973332662157 0.9696443015418511 -0.00296962 -0.08839672313457336 0.970245667805414 -0.22540932421684762 -0.00141045 -0.9891637096562148 -0.11213648137709596 -0.09476584323225323 -0.00304573
-0.043396952655094634 0.26070791398530535 0.9644418531387374 -0.0023794 -0.04235424120349743 0.9640033184452139 -0.2624951814389959 -0.0017811 -0.9981597180573495 -0.052239693835684706 -0.030792720497326675 -0.0023462
0.06957105051293505 0.3142816583928604 0.9467771163945394 -0.00218165 -0.015021778979253414 0.9492991691915 -0.314015021183104 -0.00201981 -0.9974638916205559 0.007624078315456445 0.0707648100613199 -0.00171127
0.21029674316017366 0.36940493781412265 0.9051603569173632 -0.00263372 -0.006137662008655648 0.9263455352834454 -0.3766248509664417 -0.00222905 -0.9776183349964809 0.07364741121703564 0.19707473176370793 -0.00137557
0.35217292709882764 0.41520706658526496 0.8387951604988568 -0.00267398 -0.009669881615644 0.8977773011193275 -0.44034351475233025 -0.00240803 -0.9358849944347774 0.14696601461751482 0.32018786319793746 -0.00113221
0.4980198728731213 0.4491705157867938 0.7417695423588554 -0.00283595 -0.02998842765903245 0.8638047022291653 -0.5029335250441376 -0.00255399 -0.8666469295105009 0.22822638794541006 0.4436618255106159 -0.00086663
0.6288135301790082 0.4669435555682775 0.6217372919304972 -0.00315568 -0.061418265650052706 0.8269337529009371 -0.5589350274922045 -0.00251314 -0.7751266612034146 0.31327988161774245 0.5486659957252866 -0.00122055
0.7403922381068149 0.46795984849126426 0.48252763024640805 -0.00319092 -0.10295795709530217 0.7883414813322441 -0.6065619241937666 -0.00258947 -0.6642431729584755 0.39941368155199164 0.6318621037593098 -0.0012444
0.8291705729154473 0.4521943796889536 0.32862806330073413 -0.00324723 -0.15326368474349883 0.749265902504598 -0.6442909670970217 -0.00260675 -0.5375745566429965 0.4838603624204948 0.690574214497177 -0.00150992
0.8923349042765798 0.4201512114936168 0.16495871632064185 -0.00324387 -0.21072219457993194 0.710956584401764 -0.6709224186202123 -0.0026626 -0.3991673525241326 0.5639270294783043 0.722946561028304 -0.00153179
0.9278797231840754 0.3728651692989206 -0.0032840261159995388 -0.00335915 -0.27352385212922176 0.6746290549951499 -0.6856094664404383 -0.00268633 -0.2534243903420405 0.6370613814068767 0.7279621382322894 -0.00164298
0.9346723399683405 0.3118214578817778 -0.17074833909174442 -0.0035716 -0.3396600685574482 0.6414458650504855 -0.6878795243625033 -0.00270108 -0.10496978005910203 0.7009383572141825 0.7054550054115618 -0.00142949
0.9077492214134233 0.23411575331804435 -0.3481108517005017 -0.00383405 -0.4158465491058263 0.6116267265861973 -0.6730411539588266 -0.00277428 0.05534436394159442 0.7557132798712605 0.6525599129628809 -0.00151454
0.8467752928065797 0.14572990725252502 -0.5115998413061738 -0.0039395 -0.4899403492453863 0.5882574835133605 -0.6433596096055749 -0.00281585 0.2071956989747631 0.7954344267271183 0.5695208645024872 -0.00177641
0.7541692101260566 0.050167666044811265 -0.6547610310498448 -0.00387192 -0.5590246034061098 0.5722110185678976 -0.6000550333228867 -0.00293355 0.34455811597534797 0.8185705562217012 0.4595888915132884 -0.00205444
0.6334067300841526 -0.04897934839619544 -0.7722674003962526 -0.0043165 -0.6205306687380916 0.5641013689164925 -0.5447305157066165 -0.00283922 0.46231764344394066 0.824251581143296 0.3269124157067426 -0.00198044
0.4888508714887748 -0.14796675160512024 -0.8597270880134544 -0.00464032 -0.6721793692822924 0.564286872961327 -0.47932788414068583 -0.00276817 0.5560573000653124 0.8122106656668304 0.17639193184814084 -0.00230131
0.3262878441772166 -0.24289664459827856 -0.9135302199626907 -0.00456931 -0.7118326398790024 0.5727364677198404 -0.40653072620244957 -0.00291581 0.6219570206574367 0.7829266623296833 0.013975187591836302 -0.00262557
0.14616625179862874 -0.3316684461891479 -0.9320040067712243 -0.00476518 -0.7378614678818924 0.5909860214647418 -0.326030637591707 -0.00274545 0.6589354149310227 0.7353445207763176 -0.1583431549323458 -0.00304016
-0.10463020687114283 -0.4233964683385625 -0.8998821869603457 -0.00461299 -0.7403813091230793 0.6372920547663523 -0.21376237749631177 -0.00284484 0.6639940036711907 0.643889949859534 -0.38015483103413245 -0.00353097
-0.34811062818127014 -0.48456628077726416 -0.802505146451368 -0.00439783 -0.7125459857656549 0.6930462754792753 -0.10938499994768933 -0.00306877 0.6091774853985439 0.5337437396148027 -0.5865325325210128 -0.00376671
-0.5664803378549935 -0.5105432492012627 -0.6468737261001639 -0.00441752 -0.6563508917014245 0.7541784670335404 -0.02045352844093276 -0.00321624 0.4983006459823601 0.41298962524251925 -0.7623227896735124 -0.00388036
-0.7437754611236448 -0.4994045965228225 -0.4442894466473253 -0.00429912 -0.5758437476047423 0.8162353844186235 0.04651640105927721 -0.00375294 0.33941426277461495 0.2904390576263093 -0.8946748638641336 -0.00386747
-0.8670802087245694 -0.4519964320555497 -0.20945437939372413 -0.00433926 -0.47688451344093524 0.8746883055730844 0.08661136723253392 -0.00402429 0.14405926724220025 0.174984552183155 -0.9739750171430995 -0.00384386
-0.9280994194171717 -0.36993722419060726 0.04216536298500049 -0.00441612 -0.36473442705361003 0.9260727252419327 0.09673730038022695 -0.00430824 -0.07483492098868885 0.07440267280903153 -0.9944164001460798 -0.00378524
-0.9206663734678128 -0.26048698863982694 0.29072316301763923 -0.00447598 -0.24929815906248023 0.965473023027834 0.07557955870176754 -0.0044781 -0.3003728627118044 -0.002893191118864824 -0.9538174735196799 -0.00383805
-0.8210807700042451 -0.10934868163598915 0.5602403367785175 -0.0045217 -0.1290854987446821 0.9916238786479721 0.004360883968663867 -0.00465599 -0.5560245526441007 -0.06873826532305391 -0.8283186269409284 -0.00394539
-0.6065978097629243 0.07094418489446684 0.7918371169757595 -0.00459219 -0.02752283942075022 0.9935393900293652 -0.11009983546898033 -0.00471685 -0.794532309287069 -0.08857992486865546 -0.6007262324963185 -0.00443493
-0.3056887968429693 0.249580058217087 0.9188384809230912 -0.00468157 0.033154757588627834 0.9672381777681451 -0.2516963835993636 -0.00493359 -0.9515540560230604 -0.04647689757410778 -0.30394864115167336 -0.00444442
0.051039743754139055 0.4022788213731 0.9140933729287077 -0.00457254 0.041460217607326405 0.9136437826460455 -0.40439595545477286 -0.00521982 -0.9978356552626615 0.05853877609666103 0.029953577075869042 -0.00454295
0.39797948184319265 0.49850957505311716 0.7701302069210014 -0.00454118 -0.007888856105963293 0.8413043006896412 -0.5405042456729208 -0.00534992 -0.9173603969984552 0.2090341532416992 0.33875451996595196 -0.0046473
0.6832087889352925 0.5239854023270287 0.508591239474052 -0.00438123 -0.1074423861452298 0.7610405914696589 -0.6397447551914207 -0.00563479 -0.7222754906412027 0.3824349830803836 0.5762478627598686 -0.00457354
0.8668082142245878 0.47375640316042567 0.15555831773736006 -0.0045872 -0.2481865142481959 0.6804785065015032 -0.6894580888892478 -0.00585107 -0.4324892760498361 0.5590204581712371 0.7074243093419316 -0.0046585
0.897118822343084 0.3245368842590154 -0.2997559496543951 -0.00461196 -0.4398928145352843 0.5933894099757311 -0.6740796094296871 -0.00603158 -0.04089169008470822 0.7365899937442159 0.6751022521054955 -0.00479261
0.720606637018809 0.10101672447699339 -0.6859458404716668 -0.00455072 -0.6163524041772699 0.546436033643051 -0.5670250214949508 -0.00634398 0.3175465139933701 0.8313863617551043 0.4560273335429236 -0.0048444
0.3964390126472298 -0.10072509746928399 -0.9125188019931932 -0.00440189 -0.7509946129599558 0.5361337058608837 -0.3854448608361529 -0.00664924 0.5280560581571009 0.8381020845813942 0.13690031140909031 -0.00495406
-0.0036589014813666054 -0.28710484015671417 -0.957892177230056 -0.00426334 -0.8034804897112471 0.5711039128185487 -0.168105393776398 -0.00684308 0.5953198426840179 0.7690325945770641 -0.23277275052021212 -0.00498398
-0.400756997372514 -0.421611779979126 -0.81341092692427 -0.00410076 -0.7635229775405791 0.6444024873090406 0.0421674888686816 -0.00708319 0.5063857144751769 0.6379568491150126 -0.5801590875291964 -0.00496829
-0.6995634321958651 -0.47929092188348105 -0.529991713646944 -0.00393345 -0.651735321544274 0.7320906817601424 0.19820268497563717 -0.00724817 0.29300524736926303 0.4840696704814844 -0.8245146930977182 -0.00486842
-0.8587148698526922 -0.461468933512691 -0.22283445805470364 -0.00415569 -0.5106652843962193 0.8068782165005192 0.29693182895989745 -0.00750396 0.04277545565394236 0.36877359875620286 -0.9285344868414941 -0.00467458
-0.9103759999343336 -0.3978447876047987 0.11373242158353809 -0.00410723 -0.34137040048237144 0.877465490145208 0.33692812776426945 -0.00772187 -0.23384137447865888 0.26790639891559725 -0.9346359574732875 -0.0045578
-0.8569330388244958 -0.2950490819328259 0.4226249001438643 -0.00431277 -0.16251719313606527 0.9327939507438601 0.32168868085594127 -0.00781104 -0.4891359002426519 0.2069818463205345 -0.8472925034411389 -0.0046511
-0.6986235283214208 -0.16148478308438405 0.6970278549010204 -0.00444569 0.013476681312442007 0.9710544453989625 0.23847776234214388 -0.00789373 -0.7153625267908094 0.17599979802006196 -0.6762252038783867 -0.00472546
-0.45280906961993994 -0.020053031396894183 0.8913819733434816 -0.00465843 0.15638374996201815 0.982462824479254 0.10154270660201531 -0.00796582 -0.8777858903045441 0.18537711414314645 -0.4417321092406771 -0.00466502
-0.14898349339792738 0.10745821842643057 0.9829835451255362 -0.00500701 0.2463281245747671 0.9667732192584447 -0.06835201217331477 -0.00796591 -0.9576671518530995 0.2319531716042712 -0.17050323294381176 -0.00457648
0.17605308986048768 0.21138446003951075 0.9614166212440782 -0.00498928 0.2768488759073464 0.9266177017769479 -0.25442942963117643 -0.00789639 -0.9446480876280932 0.3109601981080722 0.10461235937103558 -0.00478788
0.4837651160912341 0.2792113059785555 0.8294651041888286 -0.00521362 0.24445059182446702 0.8669199015212359 -0.43438898754811756 -0.0078311 -0.8403661229546933 0.4129054746066711 0.35113223781068165 -0.00493034
0.7129019293255953 0.28684545772740805 0.6399144650224728 -0.00527437 0.1772443188377901 0.8091848584499505 -0.560182395559751 -0.00775398 -0.6784948714644583 0.5127763140361373 0.5260277190034198 -0.00519806
0.8707151218212854 0.26406949085160825 0.41487646430367286 -0.00571701 0.08478164940363517 0.7503771734146562 -0.6555502799500817 -0.00766135 -0.4844246572545038 0.6059714528091268 0.6309765049700765 -0.00583291
0.963336505269271 0.21259128166112568 0.16366955910390737 -0.00545123 -0.030972115037381162 0.6940732103423172 -0.7192378652262549 -0.00763722 -0.2665023559102222 0.6877988991317078 0.6752104624837443 -0.00628603
0.9880539806159788 0.14698582765058904 -0.04630872335521766 -0.00510245 -0.1314900974997511 0.6473599240502115 -0.7507566070260123 -0.00773463 -0.08037216961377047 0.7478771925948642 0.6589537306579268 -0.0065102
0.9660180172195164 0.06763866287035132 -0.24946783698983233 -0.00478985 -0.23837376094115287 0.6062956231480698 -0.7586722398020532 -0.00782957 0.09993568182608605 0.7923576393501895 0.6018157781758058 -0.00716142
0.9123256868085682 0.000962325855880436 -0.40946418050694167 -0.00426498 -0.3393466732277809 0.5613861352484886 -0.7547777437895233 -0.0081694 0.2291411716791897 0.8275534309515686 0.5124935534831392 -0.00788586
0.8377671153485113 -0.06657141862541258 -0.5419543400166053 -0.0038526 -0.4353083717922016 0.5177464372730912 -0.7365088242096244 -0.00837814 0.3296253659660562 0.8529401344251665 0.4047718433865212 -0.00828058
0.7452026301646552 -0.13824990141466845 -0.6523496031688183 -0.0033388 -0.5265431729872856 0.47828260223589947 -0.7028499408685598 -0.00859197 0.4091764008055227 0.8672558544958293 0.2836229113921289 -0.00936419
0.6352950393661362 -0.21428418839564528 -0.7419450785337143 -0.00238989 -0.6127312672454521 0.44491710736913537 -0.6531532451959984 -0.00879875 0.47006447121279255 0.8695579648154005 0.15135500893441528 -0.0114762
0.5004149239731609 -0.3036341244657218 -0.8107966590489073 -0.00225575 -0.6905222151615661 0.4249461054796819 -0.5853203206843367 -0.00806689 0.5222681057017549 0.8527761288272471 0.002983264841593003 -0.0129096
