1.0 0.0 0.0 0.0 0.0 -1.0 0.0 0.0 0.0 0.0 -1.0 0.0
0.9993891942617453 -0.018220192582905567 0.029820512656569678 -0.00042888 -0.017883945114951234 -0.9997738871913066 -0.011503868806150326 0.000488287 0.030023372561792775 0.010963533765421604 -0.99948906848819 0.000958446
0.997899955949774 -0.03544578948590395 0.05421507099654305 -0.000828607 -0.034048430898640306 -0.9990691998260531 -0.02648468070924879 0.000286586 0.05510337801605032 0.024583123614612522 -0.9981779840111528 0.000667866
0.9955194410926289 -0.052994372664210525 0.07831116697219324 -0.0010947 -0.04982728655683404 -0.9978802965575571 -0.041858753643479164 0.000276682 0.08036344891182247 0.03776917007466687 -0.9960498008989651 0.000570274
0.9921229761475693 -0.07133098411969263 0.10297519557934953 -0.00134781 -0.06566629422429271 -0.9961896781973868 -0.057393926994371056 0.00172378 0.10667679224150747 0.05017983417173409 -0.993026709731193 0.00324826
0.9877786607577477 -0.08994957625027179 0.1272886133321697 -0.0021761 -0.0810710205637591 -0.9940092232678457 -0.07330179863553161 0.00218044 0.13311952139480002 0.06208653469835481 -0.989153403286249 0.00467301
0.9824918885133787 -0.10882646573651003 0.15121669669952292 -0.00239424 -0.09602167799628614 -0.9913415186621599 -0.08956467345656142 0.00228381 0.15965439662030245 0.07347648421027743 -0.9844347006825311 0.0047132
0.976271425317945 -0.12793575332871396 0.17471847964048354 -0.0048158 -0.11049738965142487 -0.9881896982496474 -0.10616707188903575 0.00213555 0.18623756599539415 0.08434194267080262 -0.9788779319806049 0.00752729
0.9691210247098861 -0.14726352388814395 0.1977824410742926 -0.00492991 -0.12448902352361742 -0.9845568337057006 -0.12308665332009504 0.00229337 0.21285422825820538 0.09466412063422493 -0.9724874198554717 0.00769876
0.9610621682088598 -0.16879098302461215 0.21879011149334662 -0.00506999 -0.13973531433170883 -0.9799273410574552 -0.14218455674469369 0.00231389 0.23839788330919484 0.10607549338867853 -0.9653571561531227 0.00759021
0.9450586830475304 -0.204153069276176 0.25531472715373077 -0.00525898 -0.16404941960639646 -0.971732712265884 -0.16977433209761975 0.00229022 0.2827576232805608 0.11856247390091561 -0.9518356298538225 0.00758056
0.9265721858883872 -0.24099354757353833 0.2887665049238518 -0.00528588 -0.1880719189208165 -0.9617489366548765 -0.19916811029041845 0.00231984 0.3257191085144653 0.13023476060996617 -0.9364539334518313 0.00761305
0.9163946172511331 -0.27675562295500344 0.2891837316239222 -0.00529653 -0.21449608506254828 -0.9495045950960003 -0.22898133850691932 0.00237216 0.3379531549874757 0.14780848776159056 -0.9294838976440866 0.00768379
0.9175620245837268 -0.30592253293277405 0.2539514419841083 -0.00531978 -0.24221605459465678 -0.9366180725635811 -0.2531362657619028 0.00240903 0.3152955977149227 0.17075710817204126 -0.9335045238617279 0.00770579
0.9140944990426879 -0.3357603577155489 0.22736804746187364 -0.00526006 -0.2694340874171224 -0.9219455885341697 -0.27824737971827584 0.00249417 0.30304540807872454 0.19308369679781498 -0.9332106764676932 0.0077046
0.9094306025086503 -0.364795241290588 0.1996507228949965 -0.00526202 -0.29688727593489156 -0.9057178741840857 -0.30254434017416393 0.00254597 0.2911939638947081 0.21586932231144457 -0.9319906174828612 0.00773868
0.8962915098555853 -0.40137376727006174 0.18857525900349134 -0.00514436 -0.32501844681001496 -0.8838453310496008 -0.33642300755897675 0.00262527 0.3017027321619759 0.2402426476070812 -0.9226369446736562 0.00779468
0.8636053835154074 -0.45515975745700016 0.21683020258923874 -0.00493753 -0.34912896685971945 -0.8501707337470417 -0.3941049200143043 0.00274483 0.3637233922401341 0.2646494259802977 -0.8931214784482724 0.00785467
0.8133650485761067 -0.5190020189319332 0.26281971406149207 -0.00467921 -0.3640933288274707 -0.8064937350405444 -0.4658367774700523 0.00285996 0.4537326808354436 0.2832044485613335 -0.8449389887186839 0.0078595
0.7576595916330234 -0.580303623245326 0.2986631012609807 -0.00509286 -0.37101226918306 -0.7594456238823467 -0.5344083087692312 0.00263626 0.5369374631389737 0.2940919060673039 -0.7907010253335854 0.00831871
0.6957474549880748 -0.6396535292925389 0.3267703189416328 -0.00516117 -0.3695596481602513 -0.7088738894833136 -0.6007690698267268 0.00253776 0.6159230027603195 0.2972224272702152 -0.7295873377453267 0.00846557
0.6092612930155851 -0.7041549945082034 0.36464560951988634 -0.00510785 -0.3456843173860634 -0.6497044480598614 -0.6770424527934435 0.00255856 0.7136546990991574 0.28644349160066973 -0.6392551107134837 0.00852454
0.5257908139222467 -0.7594413016098449 0.38313565404974476 -0.00514237 -0.3159600153304098 -0.5925672721569268 -0.7409678108264256 0.00252233 0.7897552080913353 0.2685385212174277 -0.5515195136302691 0.00866468
0.414344725219029 -0.8170899918258838 0.4008520848656574 -0.00514542 -0.25982941228247086 -0.5283080518492936 -0.8083187977921518 0.00250125 0.8722425839158008 0.23076946853771813 -0.4312056669325045 0.00877525
0.3023017715399873 -0.8654609190621512 0.3994884685443148 -0.0051372 -0.1941489153531124 -0.46621600335283053 -0.8631041865759449 0.00248366 0.9332308597506811 0.18335767176153317 -0.3089662224502778 0.00890583
0.18825705388940003 -0.9048600331061163 0.38182142704159744 -0.00506713 -0.11799655529937741 -0.4067954618535754 -0.9058665824241545 0.00250635 0.9750056895210226 0.12548216089362962 -0.18335248211873414 0.00904008
0.07884585876312367 -0.933912339643038 0.3486991144502266 -0.00501837 -0.03587935730303754 -0.3522199478956798 -0.9352292660219127 0.00251638 0.9962409358560943 0.06122785450129098 -0.06127925878910595 0.00917783
-0.026739736842151002 -0.9530296637385631 0.3016942931312654 -0.0049424 0.05196625773108088 -0.3027193774057023 -0.9516619602571761 0.00254005 0.9982907865602284 -0.009769266987106895 0.05762002162005178 0.0092834
-0.12702688560109196 -0.9619721585610469 0.24181343322463933 -0.00486128 0.14429298455332618 -0.25911623357444313 -0.9550069696640376 0.00257385 0.9813479020934321 -0.08641957909868958 0.1717205619756256 0.00937463
-0.2198429557653385 -0.9605459991160468 0.17035392094846075 -0.00476856 0.23910491223805902 -0.22235541393233213 -0.94519146781941 0.00261958 0.945778999420049 -0.16706122673180696 0.27855453824857035 0.00944741
-0.2979017033297061 -0.950064215088446 0.09291158357080742 -0.00466175 0.3272363860079255 -0.19306934305821166 -0.9250084196608932 0.00266834 0.896755776577844 -0.24515753298531534 0.36841126637878796 0.00949601
-0.3657296845435555 -0.9306788522121652 0.008869717510620545 -0.00454522 0.4135210324359683 -0.1710246212665721 -0.8942879484001316 0.00271056 0.8338118214422019 -0.3233998345170763 0.4474040606181009 0.00960364
-0.4194291561247716 -0.9046907010829452 -0.07492608602156609 -0.00443338 0.49034013082671984 -0.15632028271353354 -0.8573975305033229 0.00276105 0.7639671060283273 -0.3963567895046206 0.5091714409904513 0.00967357
-0.4624160239484739 -0.8718674343494378 -0.16130281372813499 -0.00434042 0.562808541450022 -0.14804637208323887 -0.8132212597958137 0.00281356 0.6851408369573249 -0.46682914287126526 0.5591534538027075 0.00968389
-0.49386855389793327 -0.8335889291221038 -0.2474335238318137 -0.00424832 0.628467858350871 -0.14553546962529876 -0.7640991938883418 0.00286134 0.6009342746845399 -0.5328685807270009 0.5957592409550674 0.00969823
-0.5142675148771665 -0.7910477911384922 -0.3313190535978515 -0.00417675 0.6864463626855689 -0.1480775417719187 -0.7119441219495659 0.0029089 0.5141209140832689 -0.5935624935570798 0.619163348353636 0.00968627
-0.5247109871944334 -0.7450875158104572 -0.41173167682465844 -0.00411995 0.7365767870866796 -0.15490169766214654 -0.6583768683561486 0.00294709 0.4267704495891292 -0.6487295721984523 0.6300927911924606 0.00967077
-0.5257840880629004 -0.6952663626456386 -0.4900569127288863 -0.00405146 0.7812336565476665 -0.16680072615621822 -0.6015409309688913 0.0030076 0.33648932615615956 -0.6991296036696353 0.6308666504545251 0.00964561
-0.5175142095687051 -0.6420340995772922 -0.5656600196889068 -0.00399498 0.8201611350282472 -0.18371431701303242 -0.5418346263516322 0.00306663 0.2439564622707427 -0.7443394821614738 0.6216461853916044 0.00960702
-0.5000268485181115 -0.5861126646717849 -0.6375304659954573 -0.0039588 0.852841991411267 -0.20538190705492998 -0.48008208666866936 0.00312232 0.15044496816679942 -0.7837666850318527 0.6025579598573657 0.00954423
-0.47370447880809075 -0.5285317483239147 -0.7044560013022964 -0.00392527 0.878783393808082 -0.2311533022758843 -0.41750197318587956 0.0031564 0.05782571680752657 -0.8168367902222693 0.5739632781067757 0.00951159
-0.43940074170790766 -0.470614372636324 -0.7651464568660431 -0.00389405 0.8977477528359213 -0.25968544114601844 -0.3558264238850891 0.00315505 -0.031240365948463522 -0.843258906816238 0.5365989709368525 0.00948171
-0.39768787407977924 -0.4126059540376453 -0.8195124657395949 -0.00386551 0.9100354335252323 -0.2912381628861508 -0.2949844779089961 0.00317783 -0.11696095305036108 -0.8630971319448264 0.4913079241068341 0.00942213
-0.3497923804407293 -0.35570248001789245 -0.8666723927152226 -0.00384107 0.9158703566084161 -0.3244226437435181 -0.23649828352958324 0.00318849 -0.19704512293274556 -0.8764848509447196 0.439257926044405 0.00937104
-0.2962614692901696 -0.30009898596596984 -0.9067357610882161 -0.00378849 0.915582697059138 -0.3595116083906114 -0.1801658354913892 0.00321645 -0.27191444731743203 -0.883567768795689 0.3812748762841096 0.00929866
-0.2375045575743529 -0.24593060751045703 -0.9397391773364292 -0.0037868 0.9092489822547842 -0.3967329417438242 -0.12597325590747682 0.00324662 -0.3418448089412068 -0.8843761129886023 0.31783803638822233 0.00919203
-0.17388015808677132 -0.19340183122627763 -0.9655886403132763 -0.00371044 0.8969414286624761 -0.4358763909505227 -0.07421485943436962 0.00331844 -0.4065240019637655 -0.8789809460336835 0.2492603705708048 0.00906123
-0.10637213996725922 -0.14254298521243475 -0.9840561290930072 -0.00351567 0.8787215011532972 -0.47662918522648967 -0.02594500339619471 0.00334969 -0.46533159279129305 -0.8674711045084211 0.17595565234813573 0.00896017
-0.035523535137151535 -0.09448104996047407 -0.9948926623760602 -0.00349798 0.8549001850704465 -0.5184549979165051 0.018710657442021772 0.0033563 -0.5175748757598996 -0.8498692524934426 0.09918922143237821 0.00884394
0.03801386430319356 -0.049663361500196845 -0.9980423320907981 -0.00351953 0.8256845604346184 -0.5609998443317528 0.059364815502450485 0.00332489 -0.5628498492321279 -0.8263248303084263 0.019680498853455602 0.00874256
0.06859125309906146 0.004768649546064763 -0.9976334497097656 -0.0035435 0.7875695272139962 -0.61409400744068 0.051213180230959665 0.00330999 -0.6123965053804792 -0.7892184805280177 -0.0458771205594241 0.00865919
0.0894431797389748 0.054358943731479537 -0.994507427239525 -0.00353993 0.748677725729451 -0.6622024278229122 0.03113852247646698 0.0032957 -0.6568725756147521 -0.7473506873094039 -0.09992682114128949 0.00861575
0.03858344090055289 0.08126223386230969 -0.9959456649014446 -0.00353306 0.7200951249058849 -0.6932827927740471 -0.028670199340004088 0.00326385 -0.6928017964577253 -0.7160694230248383 -0.08526577410557888 0.00857778
0.018506116309215573 0.12144154539213325 -0.992426055034792 -0.00354525 0.6827949410208941 -0.7266272001584898 -0.0761838598792921 0.00319636 -0.7303756514119452 -0.6762136223432683 -0.09636672030308056 0.00861974
0.0008425226763357288 0.16285441155838687 -0.9866497508191603 -0.00357076 0.64285019855228 -0.755854021367037 -0.12421079101500143 0.00315118 -0.7659914571173974 -0.6341633378075792 -0.10532781495842508 0.00865696
-0.014973892576484061 0.20596689828846645 -0.9784443874592651 -0.00356818 0.6009740967956513 -0.78022398497573 -0.17343779360117265 0.0031116 -0.7991282234546339 -0.5906167709081925 -0.11209778053208995 0.00869134
-0.028186992143133874 0.24963652599410247 -0.9679292837617417 -0.00359529 0.5568217272655362 -0.8002477376388314 -0.22260530642587237 0.00311823 -0.8301536348887157 -0.5452386296783525 -0.11644646489921774 0.0086794
-0.03682792235069794 0.2881695281514707 -0.9568709563887334 -0.0036386 0.5049413784573673 -0.8209291663659809 -0.2666636610624496 0.00309188 -0.8623676179315318 -0.49298440832810736 -0.11527560317986314 0.00873789
-0.02681087480551394 0.3676649348856452 -0.929571768422265 -0.00361762 0.46866584336488915 -0.8167499228910439 -0.3365588963622129 0.00314843 -0.882968574896774 -0.4446819752508615 -0.15041421685383308 0.00866697
0.003952813435923207 0.45256694757991583 -0.891721668024355 -0.00326245 0.4311789643925002 -0.8053467247582021 -0.4068185757639972 0.00327525 -0.9022577657916563 -0.3828835474128313 -0.19832073312998408 0.00857951
0.03368817174684073 0.5311224612665301 -0.8466250871681859 -0.00322388 0.39565121324851693 -0.7849880073616782 -0.4767115959920822 0.00331085 -0.9177827763361718 -0.3189087007852324 -0.2365840569948516 0.00853142
0.06966827086000305 0.6054302597333291 -0.7928433216182191 -0.00298977 0.36227871803630307 -0.7558674882828131 -0.5453608627459476 0.00325452 -0.9294624588940374 -0.24923591385726312 -0.2719944792645337 0.00874106
0.10859274702116153 0.6724988084042904 -0.7320880875886505 -0.00325562 0.33118180538722575 -0.7188468135860887 -0.6112101687452403 0.00353833 -0.9372972991931942 -0.17608126331877744 -0.3007809196628132 0.00815531
0.15004091360270977 0.7315834900890703 -0.6650363307928067 -0.00336161 0.30271200671801024 -0.6743395283606096 -0.6735218196013741 0.00351637 -0.9411977290846061 -0.10025865309032339 -0.3226376252802744 0.00812653
0.19065142631030918 0.7700229007333166 -0.6088651459823379 -0.00347874 0.26563433751357435 -0.6375697090733234 -0.7231481624161691 0.00364505 -0.9450346196725118 -0.023866261089802332 -0.3260980975136534 0.00789769
0.2219910098310802 0.7887160987515696 -0.5732773387499999 -0.0036902 0.21672502382286968 -0.6131526688868753 -0.7596539137567047 0.00386807 -0.9506578015264768 0.044392794539278135 -0.3070488954382341 0.00762569
0.25486538753935994 0.8038285340799061 -0.5374972763032024 -0.00374995 0.16861306458843495 -0.5842809031486528 -0.7938422139606149 0.00371939 -0.9521624171770844 0.11169384054075593 -0.2844489713476708 0.00767361
0.25082054731257486 0.8195932454897317 -0.5151271347865773 -0.00401899 0.13577859855744118 -0.5566631339377993 -0.8195671586199174 0.00346299 -0.9584639926567913 0.13562104284422793 -0.2509057741827526 0.00805016
0.25175664284201377 0.8303356518325913 -0.4971531937749819 -0.00424446 0.09746172089970057 -0.5328399891373057 -0.8405847720101911 0.00331921 -0.9628706069582703 0.16316939440931327 -0.21507194838916205 0.00842103
0.25288309250144014 0.84257151435435 -0.47552432611331863 -0.00406596 0.06254350407540393 -0.5047082790766597 -0.8610214068938394 0.00283047 -0.9654731749897965 0.18799679845703288 -0.1803295653658261 0.00869474
0.25488222174638064 0.854017079255368 -0.4535304635608937 -0.00413981 0.027582917744117252 -0.4752516256097048 -0.8794174634404607 0.00251576 -0.9665786236444245 0.21163818345341967 -0.1446894730731528 0.00909076
0.25774655141209357 0.8646469034696164 -0.43122203973774004 -0.004179 -0.007330581949293036 -0.44453862981461484 -0.8957296853241103 0.00230651 -0.9661847534521841 0.23403234589036798 -0.10823993382108771 0.009424
0.26167387174633616 0.8862156719265034 -0.38229382374966225 -0.00425293 -0.02087947899049225 -0.3908046752051971 -0.9202367919154535 0.00220333 -0.9649304805022834 0.2487840201251203 -0.08375965095447899 0.0095661
0.2683261185207274 0.902937307531869 -0.33571611934296497 -0.00436745 -0.03667140438337502 -0.33866938700987514 -0.9401905415408658 0.00217349 -0.9626298884930551 0.2645888602520045 -0.05776186294081684 0.00972303
0.27870706760123504 0.9110972954860221 -0.30368419225764226 -0.00440381 -0.06334439279930909 -0.29808554541910115 -0.9524350347992683 0.00216435 -0.9582848524160272 0.2846870663908933 -0.025365643294417733 0.00977666
0.2899375773514869 0.9176830084682741 -0.2716506896883713 -0.00434044 -0.08956736253228242 -0.25657877084454045 -0.9623642875340477 0.0021753 -0.9528451546859862 0.3033566058626745 0.007802619490705209 0.00981749
0.2999572047381831 0.9243359363747571 -0.2358574825013121 -0.00440059 -0.11193372524251377 -0.21143112627061067 -0.9709622649708249 0.00222668 -0.9473629275409657 0.3176475335495967 0.040044075103175564 0.00973549
0.31847575570887365 0.9290525706687685 -0.18824057468945188 -0.00443511 -0.12332081106262732 -0.15628596138076034 -0.9799829977270766 0.00227261 -0.9398750824362342 0.3353148061285764 0.06479822687726589 0.00972029
0.33071745637660166 0.9285720177231345 -0.1684635626756658 -0.0045842 -0.15152257030566613 -0.12394618889795189 -0.9806519530116883 0.00227037 -0.9314863792540156 0.34984475151023864 0.09970845051942348 0.00964433
0.3434548389969706 0.927282471376077 -0.14894962856026323 -0.00450861 -0.17906892959134862 -0.09103090550944282 -0.9796160945478284 0.00221025 -0.9219398527152267 0.3631261385810808 0.13478247458264025 0.00959187
0.3565920137228332 0.9251832710647669 -0.12991555215212786 -0.00466364 -0.20603672292270042 -0.05775659540229916 -0.9768382898386043 0.00212079 -0.9112579242763099 0.37510010747723416 0.1700261886128083 0.00949838
0.37224929395989864 0.9241535282163013 -0.0858528941371145 -0.00451382 -0.21350954305496106 -0.004754015998694017 -0.97692941114307 0.00219394 -0.9032409081584039 0.3819916957438286 0.1955459184231046 0.00931777
0.38819860972314507 0.9206123510295823 -0.04212764580180084 -0.00453813 -0.22008645027442014 0.04822095110337138 -0.9742877882229106 0.00224342 -0.894909936146997 0.3874888888813084 0.22133361059474582 0.00919168
0.39705074493178066 0.9177290484604137 -0.011139998252321426 -0.00485813 -0.2377304625058166 0.09111419204093868 -0.9670483086203592 0.00220488 -0.886473312145317 0.3866155682595705 0.2543491089692291 0.00889377
0.4064024046174285 0.9134855141895402 0.0195269272299316 -0.00491735 -0.2547876583197843 0.13382489261310804 -0.9576920941957341 0.00224734 -0.8774510440412573 0.38423314990115204 0.28713159322503334 0.00856071
0.4162565738536904 0.9078825742240111 0.04979654751054308 -0.0051377 -0.2712202009985237 0.17625274237526206 -0.9462423438926835 0.00232922 -0.8678537130726048 0.38037376647921195 0.3196024569375372 0.00816245
0.4266052440219715 0.9009338226505167 0.07953749416018346 -0.00511747 -0.2870938185189055 0.21828498788584805 -0.9326997391614885 0.00246566 -0.8576625823371262 0.3750598769103438 0.35177405190094657 0.00776094
0.4389103545236248 0.8917461584984917 0.11021111330137862 -0.00487623 -0.30077899129171815 0.2613945497089115 -0.9171722236199765 0.00281304 -0.8466933914289652 0.3694071983403392 0.3829472845247225 0.00755642
0.47026412409406804 0.8724456110092857 0.13300492254301277 -0.00459689 -0.30203667646202415 0.3007138633867812 -0.9046242415714775 0.00307304 -0.8292318732790084 0.385239961838891 0.4049255143116525 0.00711903
0.5011661675497012 0.8513965806342089 0.15477834146908948 -0.00451858 -0.3017705653225863 0.3395852430948314 -0.8908514963657586 0.00297723 -0.8110283585722706 0.3997570826847243 0.42711506228997237 0.00737632
0.5315582039263576 0.8286440761079494 0.17548467445844862 -0.00348093 -0.30004424194714274 0.3779550943854851 -0.8758558097668949 0.00643814 -0.7920980549862177 0.4129151750169299 0.44953501479616553 0.0045068
0.5613864167347242 0.8042305820971475 0.19508578094118012 -0.00438603 -0.2968450305827507 0.41574507616404355 -0.8596738099207627 0.00523966 -0.7724819214221602 0.4246989551023609 0.47212549032104845 0.00588958
0.5299797654643155 0.819663467130813 0.21742412205062228 -0.0048207 -0.33336544718019834 0.4371294273785511 -0.8353354669508811 0.00497126 -0.7797364470285686 0.3702292051834847 0.5049172296569703 0.00666179
0.49843148480418503 0.8327605649146634 0.24098941154935882 -0.00492076 -0.3702548266291561 0.4558367572771955 -0.8093974388845229 0.00499337 -0.7838861003447563 0.3142016744672471 0.5355370103440742 0.0066142
0.46686992023610224 0.8434619320590357 0.26571497275459194 -0.00488501 -0.40734463929282927 0.47181237439942986 -0.7819612702704442 0.00557931 -0.7849221760264706 0.2568366261474602 0.5638547020740888 0.00594997
0.4354442673294403 0.8516917515262591 0.2915638016490729 -0.00491007 -0.4444129958925763 0.4850433526502552 -0.7531467553747976 0.00562864 -0.7828699631048006 0.19837869450103052 0.5897122301905862 0.00588245
0.41812241024621105 0.8541793774870432 0.30911363788378265 -0.00525559 -0.47763631139400164 0.49618045162864927 -0.7250300086613808 0.00565782 -0.7726818259075539 0.15550739692193666 0.6154512534837603 0.00638357
0.4011987335021708 0.8555730211649148 0.3271610944030393 -0.00533033 -0.5104267383655461 0.5053914056506206 -0.6957327589354985 0.00558678 -0.7605945838603932 0.11213533140464721 0.6394697384966745 0.00638176
0.38472000641411713 0.8558681533039847 0.34565911072145755 -0.00554519 -0.542695995570174 0.512653920035217 -0.665332258848632 0.00499438 -0.7466401898215898 0.06837881567088233 0.6617044389382832 0.00695212
0.36872238388497436 0.8550650386379548 0.36456492332814283 -0.00541106 -0.5743613915570238 0.5179490018046843 -0.6339067939517689 0.00524932 -0.7308575753940442 0.024343607551145674 0.6820957361401221 0.00651006
0.3532490581216319 0.8531651247903091 0.38382857212265487 -0.00532909 -0.6053391169726332 0.521263001674232 -0.6015392227846513 0.00500526 -0.7132879197063222 -0.019853285045697944 0.7005898876474892 0.00656553
0.314979811280101 0.8519330733694255 0.4183273323430796 -0.00421222 -0.6423855432133943 0.5158243440939672 -0.5668033697063395 0.00206426 -0.6986619585725165 -0.09019581220519121 0.7097437446742744 0.00730062
0.2774759927614656 0.8470721597664398 0.45329441822027566 -0.00434274 -0.678463599834266 0.5068279924624034 -0.5318012126316176 0.00198413 -0.6802163017312715 -0.1599816933437981 0.7153402272023313 0.00765766
0.273201387587497 0.8311266036894326 0.48434447499681 -0.00439956 -0.6883787977594592 0.5206123130662517 -0.5050717278556078 0.00190914 -0.6719342472411332 -0.19542617051837374 0.7143619385584703 0.00797018
0.2831135729047668 0.815334545718639 0.50505077308611 -0.00445967 -0.6932119365796927 0.5378758960613889 -0.479736106020372 0.00186862 -0.6628000571971375 -0.21428742145524582 0.7174796061112347 0.00798741
0.2937574607097129 0.801020626457738 0.5216057038287005 -0.00447885 -0.6996731513638694 0.5519801284508046 -0.45362475577947087 0.00201211 -0.6512787694512487 -0.23169785019435502 0.7226009069170761 0.00782631
0.30461822925296134 0.7862439914792249 0.5376133557396122 -0.00454692 -0.7056541430825137 0.565401779813602 -0.4270515867364204 0.00185615 -0.6397342923099195 -0.24928139370283486 0.7270480190443398 0.00793654
0.31558082858383 0.7712342788851297 0.552816812066056 -0.00463801 -0.711398112213019 0.5778334731213585 -0.4000265032223003 0.00200865 -0.6279502102635973 -0.26703214116102586 0.731007776303961 0.00785404
0.33618927566538936 0.7611443495367156 0.5546494839949924 -0.00467329 -0.718044401466837 0.5882365384377097 -0.37200808105329225 0.00308466 -0.609416941387186 -0.2731978294480964 0.7442942546702455 0.00711108
0.35676639399266763 0.7508886741699685 0.555773280322773 -0.00455135 -0.7238405474005745 0.598284908932178 -0.3436713978248002 0.00289666 -0.5905697266676521 -0.27968083013907535 0.7569716184880463 0.00713188
0.37728781661053923 0.7404823864262052 0.5561831881941456 -0.00437358 -0.7287833711264079 0.6079630424876112 -0.31504878501406036 0.00287812 -0.5714268994428603 -0.2864729906322047 0.7690282987194687 0.00697913
0.3977131047665589 0.729875525032093 0.5559730247557619 -0.00435815 -0.7328229113208933 0.6173111034296721 -0.2861775362001905 0.00286896 -0.5520823008756166 -0.29361321418077835 0.780382222707769 0.00700599
0.41752263620502095 0.7192757484888547 0.555263222167836 -0.00435896 -0.7363306109383158 0.6258813994713961 -0.2570791807808117 0.00293666 -0.5324397427424219 -0.3015209303373887 0.7909444031768978 0.00697322
0.4619157690078456 0.7193029344691642 0.5188806325215268 -0.00436654 -0.7379751665982985 0.6362136430614944 -0.22499967525895415 0.00291421 -0.4919618641989479 -0.27899012320594896 0.8247048170875597 0.00700324
0.47685814283426237 0.7039792718050253 0.5263264162870077 -0.00474207 -0.7391118178679963 0.6452294704504427 -0.19337179512562655 0.00228547 -0.4757310503851143 -0.29680315923370426 0.8280023263061331 0.00741321
0.49188411890320377 0.6883959197811576 0.5330676047177063 -0.00468995 -0.7395115662408129 0.6534794783763141 -0.1615153699716534 0.00233345 -0.4595352619406683 -0.31476281382919785 0.8305129222736074 0.00735184
0.5069748212188478 0.672561323649279 0.5391083347354662 -0.0046672 -0.7391642652178124 0.6609633654209737 -0.1294743935934529 0.00236756 -0.44341032878715086 -0.33284935857307973 0.8322250806256446 0.00731815
0.5221050797190294 0.6565049205090274 0.544433260445228 -0.00465059 -0.7380892583997893 0.6676543734757696 -0.09727221706903988 0.00240808 -0.42735293653657613 -0.35105402280292 0.8331449698026461 0.00727657
0.5372234989934673 0.6402414659304201 0.5490735628606451 -0.00462006 -0.7363121472786756 0.6735195666831657 -0.06492930821121351 0.00246284 -0.41138222360607907 -0.3694079839394211 0.8332481068101688 0.00722195
0.5523465658166848 0.6237914276494873 0.5529896256002728 -0.00461128 -0.7338114758825639 0.6785753996181553 -0.03249838297692331 0.00250812 -0.3955173688898738 -0.38783976307758344 0.8325540997931342 0.007173
0.5674598891162825 0.6071767379393946 0.5561705522134484 -0.00461166 -0.7305911043556321 0.6828152297727178 -1.5061498157747932e-05 0.00255721 -0.37977086839376495 -0.4063247111556304 0.831068178083928 0.00712982
0.5824938952206603 0.5904092888500407 0.5586749803510552 -0.00458716 -0.7266935021645944 0.6861923377520684 0.03250583827727688 0.00259326 -0.36416674194991994 -0.42491993039858805 0.8287494415127168 0.00707881
0.5974795062315178 0.5735194938761822 0.5604405675692552 -0.00457734 -0.7220906698242294 0.6887378260443485 0.06500208864721069 0.002635 -0.34871665315286676 -0.4435263206617077 0.825639811718252 0.0070315
0.6124086565870671 0.5565162458494989 0.5614671009443064 -0.00457157 -0.7167816774746788 0.6904548277798996 0.09744823052274909 0.00267292 -0.3334361470713837 -0.46212747040292834 0.8217411617566577 0.00699131
0.6272593583006724 0.5394213760020807 0.5617564210013541 -0.00455091 -0.7107758470238796 0.6913383101418776 0.12980383745351956 0.00272001 -0.31834477019689744 -0.48070356774440004 0.817056110218931 0.00694334
0.6420233841264582 0.5222473988819353 0.5613052900123627 -0.00442829 -0.7040731531613239 0.6913931327942924 0.16203867107071876 0.00234871 -0.303458348430688 -0.49923260138531256 0.8115909317394894 0.0070575
0.6566767845966961 0.5050206080000829 0.5601158684298913 -0.00440295 -0.6966876041927649 0.6906138706825335 0.19411044223594565 0.0023416 -0.2887940143699136 -0.5176936035109143 0.8053516934532357 0.00700544
0.671210866331937 0.4877542068170255 0.5581861756172618 -0.00442055 -0.6886213471082201 0.6890058391482058 0.22599025183962437 0.00231699 -0.27436583829768346 -0.5360660289105913 0.7983461651584721 0.00698812
0.6856040690237639 0.47047393398548426 0.5555189807542859 -0.0044273 -0.6798887329080003 0.686566900773767 0.25763773331299633 0.00237719 -0.26018910700260356 -0.5543285742248247 0.7905829876711623 0.00692131
0.699839011236558 0.4531914103201343 0.5521258044716664 -0.00440658 -0.6704992083140785 0.6832988001776522 0.2890217315808191 0.00243458 -0.2462847335943319 -0.5724685976434243 0.7820636385298452 0.00685794
0.7138920983812779 0.4359440096689777 0.5480062885610986 -0.00442627 -0.6604709131334121 0.6792086973512821 0.3200839239122939 0.00247246 -0.23267196817298924 -0.5904475979086617 0.7728100603320319 0.00680577
0.7277628973306477 0.41873215379338846 0.5431616229525533 -0.00449952 -0.6498033824918358 0.674300912415182 0.35081881879144206 0.0022589 -0.21935525836202469 -0.6082611798360994 0.7628247555850074 0.00696122
0.7414309917394697 0.4015814265666001 0.5375987744823838 -0.00448352 -0.6385131580966438 0.668580483949953 0.38118379217733966 0.00228068 -0.20635171776769123 -0.6258853683526892 0.7521213161826634 0.00693573
0.7548902026921445 0.3845088296650565 0.531313223804021 -0.0044965 -0.6266040583475867 0.6620596112713938 0.4111501248759451 0.00229322 -0.19367017308234968 -0.6432962233938418 0.7407171072855502 0.00692599
0.768119419161891 0.36753406092686597 0.5243198183980902 -0.00448364 -0.6140952652635586 0.6547404775791206 0.44068346032083494 0.00231981 -0.18132722654714342 -0.660479841538008 0.7286198019781297 0.00689336
0.7811075020654121 0.35068256496596273 0.516616694316033 -0.00448283 -0.6009984022278971 0.6466333939944652 0.469751183384048 0.00235376 -0.16932805655486324 -0.6774119812935788 0.7158498563688205 0.00685577
0.793792608419031 0.33404281197815366 0.508240784063065 -0.00446575 -0.5873955683146042 0.6377201619922968 0.4982764707598406 0.0023918 -0.15766972170862228 -0.6940665636336669 0.7024328182125882 0.00680664
0.8035017968247993 0.32330611240031637 0.49985800001991915 -0.00446335 -0.5774453420505473 0.6274048986478399 0.5224174289749726 0.00244215 -0.1447126098287425 -0.708404016672187 0.6908125720622537 0.00676965
0.8094443934827186 0.3093181671776163 0.49912127315240157 -0.00443062 -0.5698316841507417 0.6189679421541652 0.5405280180743341 0.00247882 -0.14174493146960648 -0.7219424894264905 0.6772794226634664 0.00671147
0.8152725825655438 0.2954592838056651 0.49803054899268184 -0.00444606 -0.562175126344935 0.6101050139608257 0.5583287555364823 0.00250398 -0.13888752080718056 -0.7351705132504324 0.6635017505712633 0.0066338
0.819532157995756 0.27275275202427507 0.5039573179089712 -0.00446243 -0.553484333059905 0.604526883385728 0.5728894660588295 0.00252475 -0.14839856828167763 -0.7484338204057344 0.6463935963519638 0.00653785
0.8220474342112685 0.2720316964972579 0.5002367159730416 -0.00448483 -0.552691526171832 0.5925552518902528 0.5860122442023971 0.00251846 -0.13700398827961519 -0.7582064557612936 0.6374581379489764 0.00654698
0.8240500900230366 0.2860775433538577 0.4889796399868267 -0.00458018 -0.5556541664366726 0.5763616630417253 0.5992125505172124 0.002498 -0.11040786409758815 -0.7654847304580269 0.6339110592038998 0.00636762
0.8255984224635561 0.30011464250301545 0.47782679516847426 -0.00455991 -0.557997901922663 0.5600360170632328 0.6123708035511302 0.00257968 -0.0838187704252098 -0.7721987185609918 0.6298281930631309 0.00642902
0.8278151400632892 0.3093058785499619 0.46802987872189655 -0.00470392 -0.5576711831678662 0.5444663667839935 0.6265454707403046 0.00264544 -0.06103233033523475 -0.7796706028416578 0.6232084769307754 0.00617034
0.8314648917172754 0.3038253257974757 0.46514116700807867 -0.00479761 -0.5530539514511065 0.532336772332892 0.640896939926004 0.00269555 -0.05289102594861189 -0.7901314651539051 0.6106511337481055 0.00597308
0.835120333715648 0.2980157419080378 0.4623425632468484 -0.00488125 -0.5482015520177178 0.5200864194649675 0.6549695982665721 0.00274086 -0.04526683753068672 -0.800435340213756 0.5977074364242582 0.00585802
0.8387637827380641 0.2922625420782874 0.4594104083114253 -0.00528096 -0.543186002294463 0.5076112443475258 0.6687897962165061 0.00252433 -0.037739683070911634 -0.8105019624343259 0.5845188493212288 0.0054775
0.8439917122806914 0.29066552743023644 0.45076772373940976 -0.00550039 -0.5358667406602552 0.4928605237469097 0.6855183005478966 0.00248935 -0.02290907801857414 -0.8201231951942489 0.5717281861590475 0.00523302
0.8487479594576209 0.29940194543644066 0.43587311959491065 -0.00569934 -0.5287872132530045 0.47538024949010665 0.7031341987806065 0.00229699 0.0033142746787468425 -0.8272678486823953 0.5617979370910464 0.00512065
0.854599505921426 0.2844467648437052 0.43445336049891964 -0.00590779 -0.5192745077103182 0.46214963666981346 0.718868346060783 0.00231811 0.0036973126809796697 -0.8399450882622679 0.5426588049437968 0.00478435
0.8603924975050437 0.2704394215719695 0.4319574857516094 -0.0061209 -0.5096078372459117 0.44830178373010704 0.7343877469851662 0.00223842 0.004960086146191395 -0.8519906278617287 0.5235335400728396 0.00465556
0.869551188727544 0.23568720630809806 0.43397266154125347 -0.00631922 -0.49372104946342643 0.43440584441100505 0.7533465919869118 0.00215646 -0.010966106840997636 -0.8693348624806472 0.4941018532413192 0.00446214
0.876183045077338 0.1979211661008875 0.43946613467737017 -0.00635219 -0.480840211284955 0.4215767466337355 0.7688079980782947 0.00224349 -0.03310532782564382 -0.8849295218869015 0.46454685292505915 0.00444676
0.8914676867143809 0.1710063041149232 0.4195738403392949 -0.0065086 -0.45205632933045503 0.3980446834544811 0.7982515299615132 0.00223911 -0.03050309257083439 -0.9012864549778699 0.43214845529868406 0.00432263
0.9053455636659116 0.14820128773881963 0.3979771207783284 -0.00719099 -0.4238562351357334 0.37352113608273063 0.8251229319537954 0.00188622 -0.026368585229672448 -0.91570647000664 0.4009817433511951 0.00327791
0.918321789719686 0.12612884544359068 0.37520208537946576 -0.00742708 -0.39515008398341667 0.3478315592918361 0.8502173942519106 0.00136921 -0.02327018809403661 -0.9290342946886713 0.3692611239196342 0.00286486
0.8553218917897496 -0.16798584756453153 0.49010735195794586 -0.00818963 -0.42548675433324834 0.3119910631021771 0.8494837246418152 -0.000903079 -0.29561035724778284 -0.9351162128646895 0.19537703325989692 0.00316382
0.8737139146088064 -0.1025620952028643 0.47550500738325985 -0.00887339 -0.4324174336573292 0.2839648297180559 0.85579152750679 -0.00151994 -0.22279847056962634 -0.953333620570886 0.2037543849860446 0.00241595
0.7560310585785657 -0.43024222484167923 0.4932632830728999 -0.00867861 -0.42581789374054807 0.24902499891148916 0.869865317901281 -0.00261849 -0.497087678216768 -0.8676855293713357 0.005065795559248076 0.00349725
0.6757995949411719 -0.575487369318596 0.4605531405083565 -0.00887835 -0.41425431096474863 0.22027187770333062 0.8831045610459559 -0.00432089 -0.6096624257115322 -0.7875878285294987 -0.08953847791714853 0.00397335
0.5979522803883751 -0.6827528600054875 0.4198828438179747 -0.00820443 -0.4066228710519109 0.19304339048603067 0.8929681350009973 -0.00550544 -0.6907321558432353 -0.7046863000967065 -0.16219219259930895 0.00540748
0.5150333245082802 -0.7725279861962698 0.3714043419098437 -0.00793251 -0.4024432988665897 0.16463483416709632 0.900519162803407 -0.00724486 -0.7568223476109338 -0.6132665667736243 -0.22610628526064114 0.00654764
0.4270395900667929 -0.8468945008761084 0.3168704670703675 -0.00711632 -0.4012500460902711 0.13655780157557107 0.9057319511540941 -0.00804416 -0.810330543067544 -0.5139276906478715 -0.2815008699048813 0.00792024
0.33413843707791074 -0.9069034464116983 0.2566664055806987 -0.0066708 -0.40362118101757966 0.10840330911239898 0.9084815159415499 -0.008778 -0.8517285055116484 -0.4071545915988991 -0.3298237278287121 0.00850046
0.23696151721824896 -0.9524816266471954 0.19138440442507076 -0.00586678 -0.4086509438559954 0.08099995890853648 0.9090893315524169 -0.00882407 -0.8813930141788227 -0.293628604799207 -0.37003864257728736 0.0090981
0.16467319682815262 -0.975333436041598 0.14699464883351038 -0.00524671 -0.4207394111155265 0.06533158537453854 0.9048260229937077 -0.00860779 -0.8921104674761735 -0.21084703576702207 -0.3996028545039482 0.00980068
0.10739078441473335 -0.9883567556811038 0.10778748963730062 -0.00438127 -0.4323678412265214 0.05119868744487219 0.9002426030115659 -0.00872406 -0.8952794364308307 -0.14328160350667918 -0.4218354096097777 0.011094
0.05339728026011224 -0.9961742674362046 0.0691777374504553 -0.00388244 -0.44473011931559153 0.038302526783287924 0.8948452589222089 -0.00903827 -0.8940715024170957 -0.07854772651042558 -0.44098345005870765 0.011556
-0.00012667785827447098 -0.9995474394684234 0.030081559215545395 -0.00317183 -0.4574382307978177 0.026807689018722325 0.8888372251509484 -0.00819669 -0.8892413895884979 -0.013647859231162074 -0.45723460824955464 0.0120801
-0.053092498084752096 -0.9985348327409995 -0.010458224037798058 -0.00251354 -0.47086443262618793 0.015797691021365454 0.8820641241123073 -0.00826031 -0.8806065368453375 0.051755393547896544 -0.4710132763563716 0.0128476
-0.09602544638101197 -0.9943253309279628 -0.04578482196454048 -0.00178792 -0.48400076959292015 0.006449262520337937 0.8750438057871188 -0.00777933 -0.8697829434294446 0.10618636112016006 -0.48187351870721284 0.0135018
-0.1382225000925676 -0.9869868396673456 -0.082167626177379 -0.00140985 -0.49766250728173533 -0.002514056545133189 0.8673671127992717 -0.00761561 -0.8562864995515325 0.16078139769001015 -0.4908388461018851 0.0134961
-0.17774824278123502 -0.9771910981517921 -0.1162029254411352 -0.000934341 -0.511286698898945 -0.009189562898435866 0.8593610786292077 -0.00718597 -0.8408278502269075 0.21216293179212664 -0.49799138211033994 0.0136805
-0.1976345979707208 -0.9705127521781828 -0.1380056648999617 -0.000809647 -0.5261273317147362 -0.01377052190219509 0.8502943040790482 -0.00695385 -0.8271218752443217 0.24065612517879142 -0.5078917531386452 0.0134923
-0.21698741804561383 -0.9630738322357817 -0.15939025714447852 -0.000892257 -0.5406581982650762 -0.017383070951850113 0.8410627452770953 -0.00811689 -0.8127762133937356 0.2686756827607737 -0.5169218552492945 0.0127107
-0.19963742895474268 -0.9670742623714708 -0.15783620629949224 -0.000664062 -0.556353025197746 -0.020726099865775137 0.8306875105222603 -0.0083349 -0.8066078404737066 0.25364896972593776 -0.5338969861717839 0.0127931
-0.18226513325915655 -0.9709045969338763 -0.15531801199696338 -0.00085468 -0.5715674019833255 -0.023911778861128552 0.8202066397083896 -0.00800924 -0.8000563268845847 0.23826978508481406 -0.5505791344825763 0.0122507
-0.16489074460088887 -0.9743655324788567 -0.1530452595220077 -0.00092046 -0.5867487880283182 -0.02782189460802803 0.8092909253956326 -0.0076608 -0.7928031925341019 0.22324370382524567 -0.5671202223604109 0.0116646
-0.14729696095994846 -0.9777488311034686 -0.14936809755688796 0.00038396 -0.6015562584608993 -0.0313174942594144 0.7982163130754938 -0.00751906 -0.785132901615062 0.20742815100441914 -0.583557956823828 0.0121749
-0.1297038677956105 -0.9807524354746818 -0.145950563511549 -0.000906161 -0.6162851583496006 -0.035572231846355155 0.7867192764382201 -0.00678465 -0.7767686336850029 0.1919876991683297 -0.5998093139416764 0.0115576
-0.11218467694246642 -0.9835471841946672 -0.14159637962199195 -0.000741967 -0.6305491581049238 -0.03967102889167334 0.7751348067786965 -0.00667216 -0.7679989306454049 0.17624172584668152 -0.6157243673902284 0.0114829
-0.09001524761181581 -0.9869796075639075 -0.13329857257442235 -0.000449675 -0.6452261938821662 -0.04416352669865522 0.762714062829492 -0.00655471 -0.7586701614837086 0.15466362585473103 -0.6328497048365836 0.0116975
-0.06478195844274506 -0.9903712343319557 -0.1223442522888622 -0.000105475 -0.6595140903748624 -0.04951764107585313 0.7500594428572316 -0.00500036 -0.748895495017389 0.12927807791764734 -0.6499559339775108 0.0125639
-0.11590594962256644 -0.9778799963209301 -0.17411640829476505 -0.000400443 -0.6710793973161597 -0.05213898192850401 0.7395498421751163 -0.00507347 -0.7322692492108838 0.20256416109183129 -0.650191900365801 0.0120947
-0.16568946040636534 -0.960135247732072 -0.22513842136054907 -0.000104806 -0.6824651757187646 -0.053163956665348025 0.7289820832111312 -0.0048738 -0.7118906423330785 0.2744337803080329 -0.6464501632642993 0.0125377
-0.180697489584394 -0.9527080832605106 -0.2443270868077911 0.000253151 -0.6952565178724108 -0.05198025406797176 0.7168796464839543 -0.00429165 -0.6956772179781568 0.2994083520496934 -0.65298380309856 0.012987
-0.17851705885218105 -0.9513996142839443 -0.2509391034476882 0.000365279 -0.7083046633143071 -0.05276398633805368 0.7039321456453913 -0.00405092 -0.6829613192750916 0.3034052334520292 -0.6644615118183645 0.0131512
-0.15870702949372822 -0.9565857074703789 -0.24445012385489093 0.000361798 -0.7215653529515126 -0.056617821327902676 0.6900274369385906 -0.00399944 -0.6739106173738738 0.28589894468408994 -0.6812534573998783 0.0131556
