1.0 0.0 0.0 0.0 0.0 -1.0 0.0 0.0 0.0 0.0 -1.0 0.0
0.9999996878783143 -0.000654687963167584 -0.000442297349094032 -9.32214e-05 -0.000654635827950999 -0.9999997787629776 0.00011800817145892244 0.000115359 -0.0004423745097708931 -0.00011771859093468832 -0.9999998952235577 0.000177258
0.9999985274351479 -0.0014958514005889352 -0.0008411635531777108 -8.97959e-05 -0.0014956783651624722 -0.9999988601924021 0.00020630105335215677 0.000284845 -0.0008414711901327017 -0.00020504263943242553 -0.9999996249418057 0.000268668
0.9999963947510843 -0.0023687092827276465 -0.001264792934841238 -0.000136044 -0.0023683268069688624 -0.9999971493585255 0.0003038140196150007 0.000523431 -0.0012655089764585263 -0.00030081748127698657 -0.9999991539975789 0.000203061
0.9999307272020229 -0.006164681003856729 -0.010026839250405232 -0.000165906 -0.006140937041320441 -0.9999782711480113 0.0023971074419368737 0.000696165 -0.01004139878141076 -0.002335367199037141 -0.9999468567731776 0.000269356
0.9985656550700306 -0.021057278651928305 -0.04922624838778432 -0.000129987 -0.020489921283448228 -0.9997180188296926 0.012001914556976717 0.000935616 -0.049465095171836976 -0.01097605771713682 -0.9987155403400068 0.000203017
0.9954492936577697 -0.03649993353225527 -0.08802532935688819 -6.80971e-05 -0.03466189693693723 -0.9991498198310913 0.02232017993277011 0.00111785 -0.08876517705148139 -0.019167482454381917 -0.9958681393434476 0.000197632
0.9905426950909957 -0.05294182223873594 -0.12657935321334748 6.833e-07 -0.049120454052105016 -0.9982434207307509 0.033124823946465404 0.00136283 -0.12811069508664116 -0.026593917082885176 -0.9914032546742051 0.000131014
0.9838383999993449 -0.06973067321659701 -0.1649231211792 0.000111016 -0.0631972167633729 -0.9970065579270818 0.04454251052371826 0.00162147 -0.16753541261504146 -0.03339995004715503 -0.9853001212101596 9.53858e-05
0.9717727325728766 -0.11903743847096522 -0.20368565111493742 0.000190855 -0.11064890942806553 -0.992491473323161 0.05212959066788547 0.00182802 -0.20836164491149656 -0.02812051960922332 -0.977647513834451 0.000119646
0.9528604858371196 -0.19775919438493508 -0.23010474911759257 0.000293179 -0.190232101420139 -0.9802152523879527 0.05467912376127283 0.00207507 -0.23636548419667094 -0.008328266460920913 -0.9716285287383392 6.49767e-05
0.9268756997746819 -0.27441984863424873 -0.2561155673572957 0.000328966 -0.2682479860484268 -0.9615137962591915 0.059449454027773074 0.0022144 -0.26257276162648036 0.013600230836029816 -0.9648163444786007 0.00012836
0.894008226966647 -0.34856774767933363 -0.28151343732352885 0.000374925 -0.3442501813871378 -0.9365297648596711 0.0663612247235647 0.00235504 -0.2867770958965773 0.03758357100709217 -0.9572598249480022 -0.000156252
0.8544897589217189 -0.41976691020146617 -0.3060114262536889 0.00049586 -0.4177936150537416 -0.9054110953656549 0.07536075642594696 0.00257095 -0.30870009251412384 0.06345462543171433 -0.9490404434970579 -0.000107284
0.8085924557114869 -0.48748067436665393 -0.3294553576518364 0.000553048 -0.48832507099697714 -0.8683755441183624 0.08638599083725919 0.00274631 -0.3282024765328019 0.0910302504454981 -0.9402109486182159 -0.000233775
0.7565809096871556 -0.5513970652026908 -0.3514919680203452 0.000692269 -0.5555182011762346 -0.8255508079065474 0.09932467833709369 0.00293549 -0.34494181430913307 0.12011303031189427 -0.9309070870341558 -0.000393685
0.6997147761951612 -0.6136980465018521 -0.36575119916955273 0.000856749 -0.6217356159235944 -0.7752656631249146 0.11139109242482019 0.00306534 -0.35191484178173543 0.14945855378430753 -0.9240227728981787 -0.000581768
0.6374310880199615 -0.6709701246624112 -0.37878846317726744 0.000963028 -0.6832262390013032 -0.7194784267945885 0.12471046354383429 0.00322266 -0.3562071228454339 0.17930389060946803 -0.9170423111538996 -0.000681841
0.5698807585332422 -0.72338910664185 -0.38980010447084623 0.00109318 -0.7400549187740567 -0.6579931810281525 0.1391534797221294 0.00336707 -0.35714792208817425 0.20917259407570374 -0.9103253196718963 -0.00086539
0.48450611994652304 -0.7875075652622475 -0.3809011084114788 0.00124297 -0.8070686538829902 -0.5703807715846079 0.15266290749899372 0.00353351 -0.3374818627035598 0.23344723185609853 -0.9119256451514353 -0.0010603
0.37009445932991 -0.8596341138466362 -0.352220501226731 0.00134716 -0.879810333605661 -0.4460610713199416 0.1642050472232847 0.00362784 -0.29826811437697587 0.24911585851569948 -0.9213997075004903 -0.001206
0.24684930842258582 -0.9138684082419805 -0.32235066519019295 0.00139616 -0.9342478118868512 -0.3127819879454626 0.17131390486914694 0.00354284 -0.25738384742621623 0.2588666846740872 -0.930989578163969 -0.00135698
0.11712483440233168 -0.9492926506766307 -0.29176229457824543 0.00141227 -0.9694504525436928 -0.17304265394042695 0.17384493084379254 0.0036004 -0.21551703698096755 0.2624875297773023 -0.9405597819821738 -0.001416
-0.016204555320327912 -0.9651805926627202 -0.26108204828005915 0.0014483 -0.9846772946718587 -0.029939364334168633 0.17179714730162368 0.00346738 -0.17363190301491344 0.2598654613651199 -0.9499062607672999 -0.00149524
-0.15098066416959735 -0.9612418312931283 -0.23069239436778266 0.00157341 -0.9796402048485975 0.11425215792323327 0.16508032424878094 0.00351083 -0.13232500931836488 0.2509194814718815 -0.9589210112031005 -0.00162716
-0.2842104521344401 -0.9373900178985938 -0.20130666467261155 0.00164211 -0.9542832503129993 0.25630610399008436 0.1537877083172828 0.00335384 -0.09256293572264607 0.2358116523870231 -0.9673804667910693 -0.00180034
-0.4128526727875933 -0.894075219125804 -0.17373017330701607 0.00174901 -0.9091176379325513 0.3929442059201509 0.13820264626164203 0.00332701 -0.05529729624564793 0.21499849668992443 -0.975047617016212 -0.00194602
-0.534183093873632 -0.8322052685031858 -0.14860287108644726 0.0017718 -0.8451004870506125 0.5212696320043491 0.11867239585037626 0.00322266 -0.021297629126556625 0.18897714630502627 -0.9817505025045807 -0.0020199
-0.6456628506233033 -0.7530915348770604 -0.12638284464872043 0.0018802 -0.7635728569808791 0.6386062250351161 0.09559592788636898 0.00304333 0.008716387270376491 0.15822524906888683 -0.9873645705361525 -0.00213462
-0.7447739737448414 -0.6585678741606014 -0.10770368218359269 0.00192265 -0.6664429374488985 0.7423041470333117 0.06955835263741506 0.00283223 0.034139993509102774 0.12358360902940868 -0.9917467178783425 -0.00213964
-0.8293769297285142 -0.5505552589849467 -0.0949885005572855 0.00193247 -0.555920403263934 0.8301574904187129 0.04232075538750951 0.00281326 0.055555500798463775 0.0879059037023267 -0.9945783721885918 -0.00227346
-0.8980767656162751 -0.4307144683336519 -0.08912446256931662 0.0019076 -0.4335928728433369 0.9009848481258118 0.014950721292612587 0.0029246 0.07386029839955811 0.05207062718814834 -0.9959082819740788 -0.00245225
-0.9493049848409809 -0.30079567532391693 -0.0913345907227604 0.00183588 -0.301040123840012 0.9535431285116656 -0.011416913180709013 0.00282846 0.09052562948941939 0.016657243908112837 -0.9957548125070399 -0.00253675
-0.9800023276990389 -0.16949279490235544 -0.10424792650529578 0.00185045 -0.16681938773810587 0.9854040348886487 -0.03391430229054351 0.00269236 0.10847455728948134 -0.01584551991444099 -0.9939729321865319 -0.00251917
-0.9905103455513433 -0.035711652315510406 -0.1327174941168442 0.0017538 -0.02943117122843178 0.9983657127607648 -0.04898683235128459 0.00262542 0.13424999633475304 -0.0446159329453754 -0.9899426028874263 -0.00262039
-0.9815574373074667 0.09537084469631117 -0.16567860226447786 0.00164386 0.10627191719160357 0.9926318999439716 -0.05820816806980387 0.00240798 0.15890650358880817 -0.0747416429812302 -0.984460466408706 -0.00239006
-0.9541716910668994 0.22314243573445583 -0.199408719320465 0.00157071 0.23968313776669495 0.9688208557579514 -0.0627546246801178 0.00233147 0.17918810629292692 -0.10767359389806377 -0.9779049134451825 -0.00219339
-0.8915283695699352 0.3765476802908921 -0.2517717432904676 0.00144662 0.4014277288051687 0.9142943442206759 -0.054052110711867635 0.00234288 0.20984028402167418 -0.14925714922117536 -0.9662760260961001 -0.00256171
-0.8091294595555525 0.5018606825922863 -0.3056883591950201 0.00143606 0.5359528903746328 0.8435755146544794 -0.03368754034515538 0.00241412 0.24096476293934763 -0.19109214097768146 -0.9515354836673984 -0.00240772
-0.7059449061232942 0.6128128920654938 -0.35510864370907513 0.00136403 0.6569916203857182 0.7538806070942351 -0.005103037348094058 0.00233647 0.2645823128282042 -0.23690586646504383 -0.9348111093546788 -0.00276877
-0.5848417745866306 0.7062298914960584 -0.39899804392481186 0.00119185 0.7611379891094402 0.6478469593727585 0.03103673252629699 0.00230573 0.28040873779680664 -0.2855409910834813 -0.9164263648424049 -0.00301082
-0.448820198357937 0.7800597419016927 -0.43596700403838645 0.00121964 0.846038545416932 0.5279968091696783 0.07374380770912148 0.00240987 0.2877137626439577 -0.33574717954273675 -0.8969362420007083 -0.00283832
-0.3093779577957343 0.8311670284513905 -0.46200286800562906 0.00124463 0.9075883182204308 0.40310219889157983 0.11743960949604487 0.00242496 0.2838463032346047 -0.3829751794360296 -0.8790684205885173 -0.00285314
-0.19113291302760588 0.8529293504326387 -0.48577745185232535 0.00130413 0.9405916416093976 0.30064690293737467 0.15779354704392431 0.00261999 0.2806342339988477 -0.42675867059114503 -0.8597217362514212 -0.00272362
-0.07030756317548689 0.8608824265115868 -0.5039229050994282 0.00136966 0.9598361384425061 0.19593408044870952 0.20080942074139993 0.00261529 0.27160897242194126 -0.46956499426835574 -0.8400817116552746 -0.00272118
0.05125523277713705 0.8548589168198172 -0.5163227028192838 0.00150378 0.9650385307399757 0.09067366590635483 0.2459246236112434 0.00271112 0.2570477296149306 -0.5108762263452389 -0.8203242932249769 -0.00263914
0.17183842880514785 0.8350819750257594 -0.5225989374011922 0.0017138 0.9561924762823171 -0.013764992533093517 0.292414899212839 0.00288173 0.23699684109048588 -0.5499532888961034 -0.8008644562880102 -0.00249232
0.2813884890238878 0.7970020430825497 -0.5344232981140463 0.00178541 0.9344660564565856 -0.100975590351121 0.3414339167155479 0.00289593 0.21815982117550983 -0.5954760057932511 -0.7731847249843891 -0.00247722
0.3868358428328951 0.7477498165584903 -0.5396556703459235 0.0019262 0.9016226773816108 -0.18390781041749388 0.39147728529080594 0.00288131 0.19348017555031216 -0.6380032359668621 -0.7453303244634778 -0.00247336
0.48683758821352463 0.6879937886210281 -0.5381948620354184 0.000961816 0.8580979627177068 -0.2615258508790672 0.4418960462616764 0.00136288 0.16326986581166886 -0.6769555200608564 -0.7176866828755954 -0.0026762
0.580024296890775 0.6185589843784789 -0.5300533915192195 0.00101159 0.80448955703827 -0.3327743698876229 0.4919936700428815 0.000793069 0.12793892149275954 -0.7117907006912638 -0.6906414632620237 -0.0029335
0.6650581983862827 0.5404197413198486 -0.5154067286628874 0.00100519 0.741591393628241 -0.39661693241125046 0.5410519511296605 0.000875946 0.08797611980369843 -0.7420522300461587 -0.6645439716285204 -0.00303547
0.7317904606737495 0.4758474876000314 -0.4879056160894637 0.00103102 0.6795903616175015 -0.4555173941751733 0.57503116785132 0.000677366 0.05137764166925762 -0.7523782772971304 -0.6567246499012411 -0.0031011
0.7909276827285429 0.40601150984158896 -0.45780787954098207 0.00103726 0.6117614741567049 -0.50820276650152 0.606199510770024 0.000671086 0.013464747724048265 -0.759529197593058 -0.6503338362505621 -0.00316753
0.8479136051895508 0.3166721757702955 -0.42516026534398305 0.00111855 0.5291680467573219 -0.5539744195450464 0.6427235181481771 0.000729165 -0.031995256296828756 -0.7699552425840325 -0.6372952439739876 -0.00325848
0.8958960621003449 0.22458566932439689 -0.3833164789664114 0.00134444 0.43777054317120284 -0.5932531733170563 0.675579472660939 0.000751786 -0.07567824948216423 -0.7730536523963618 -0.6298101722518936 -0.00337281
0.9322303842413299 0.12939666365205177 -0.33793936458036455 0.00157948 0.34158542762767835 -0.6229113220447903 0.7037761579513957 0.000619064 -0.11943996956496127 -0.7715166805093261 -0.6248968757852705 -0.00340077
0.9565804797033259 0.031935504518933316 -0.28971349537375035 0.0013402 0.24167359556120296 -0.6425515661064432 0.7271322837714452 3.42235e-05 -0.16293452384032978 -0.7655766509274421 -0.6223702535433764 -0.00292002
0.9696448570919587 -0.06333186194733179 -0.2361735090508642 0.00164238 0.13859130200174605 -0.6533972944324387 0.7442206840970156 -0.000244371 -0.20144801345403074 -0.7543613529938109 -0.6247860809787389 -0.00291199
0.9705736442616688 -0.15850040164337587 -0.18128547582063034 0.00176682 0.034293549058386164 -0.6541801090721644 0.7555609422060615 -0.000457662 -0.23835006515124738 -0.7395444594973449 -0.6294944311661355 -0.00280961
0.9679492643588471 -0.23152393625815085 -0.09731849036384795 0.00196595 -0.07991317000329926 -0.6512903461211718 0.7546090181739072 -0.000595308 -0.23809264349658193 -0.7226462149550749 -0.6489178230900378 -0.00277653
0.9526748075123286 -0.3036744236630413 -0.013876438457599727 0.002107 -0.193138236094115 -0.6398931671074013 0.7437972549342415 -0.000667857 -0.23475164086711248 -0.7059168358257075 -0.6682612423356746 -0.00275522
0.9248726733311503 -0.37413290825255224 0.06808160608988946 0.00224172 -0.30407659021948824 -0.6200870849344668 0.7232077394345034 -0.000583239 -0.2283592901674486 -0.689577097981047 -0.6872666589717971 -0.00286497
0.8849153767179646 -0.4418612147859142 0.1472529894977301 0.00224791 -0.41102187461176776 -0.5921722591913415 0.6931039128693839 -0.000376731 -0.2190566014497867 -0.6738625099470503 -0.7056369626437738 -0.00293996
0.8333131811391561 -0.5060161731125719 0.22256858423472015 0.00231491 -0.5125744857457384 -0.5565037599305616 0.653889105082536 -0.000283951 -0.20701820862482556 -0.6589773878758327 -0.7231128982158406 -0.00307115
0.7716654117973121 -0.5564697114854842 0.308016156126504 0.00235995 -0.6110190179412607 -0.5141254757436922 0.6019391621297121 -0.000163303 -0.17660195907685272 -0.6526993606482117 -0.7367464235811625 -0.00299135
0.6986064345744272 -0.6017705097081151 0.38706756931683345 0.00224869 -0.700736844953271 -0.46608140980679846 0.540125905282687 -0.000100498 -0.14462684293083933 -0.6485679402176323 -0.7472902402853363 -0.00316611
0.615161098440193 -0.6418187681979061 0.4578706059082388 0.00215082 -0.7803820929916395 -0.41307151544571674 0.46944191553947023 7.53485e-05 -0.11216332691144351 -0.6460964261751503 -0.7549694008235401 -0.00322477
0.5223316934077872 -0.6765677169146532 0.5190623531818186 0.00203372 -0.8489906864059539 -0.3555604634513526 0.39088562422556117 0.000206307 -0.07990254349956996 -0.6448510535458192 -0.7601201893668831 -0.00339452
0.4217472392943039 -0.704448679613335 0.570860161456956 0.00198259 -0.9054811246779974 -0.2944072399663069 0.3056604487127669 0.000312059 -0.04725673496446542 -0.6458145514359753 -0.7620304233782585 -0.00353886
0.3149652322024292 -0.7249713878742933 0.6125466425238908 0.00197552 -0.9489895285514053 -0.23056817117635908 0.21507485473706806 0.000276425 -0.014689356808641751 -0.6490414510676576 -0.7606112131651347 -0.00350088
0.2033743274854935 -0.7375387483962238 0.6439530087933086 0.00197158 -0.9789481147830895 -0.1647987641181718 0.12042406697898078 0.000251175 0.017305244362854966 -0.654887747602026 -0.7555280051449363 -0.00352641
0.08742017652634652 -0.7418168647095386 0.6648800282521743 0.0020753 -0.9950003158242996 -0.09737788170976465 0.022179262008970746 0.00040102 0.048291658137259164 -0.6634947530962312 -0.7466208062786123 -0.00362458
-0.030681085189575415 -0.7383615701337514 0.673706807714759 0.00212742 -0.9965139102287504 -0.029719568215449584 -0.07795366563345946 0.00045287 0.07758026638389415 -0.6737499083597032 -0.7348757468124086 -0.0037503
-0.1485601421480769 -0.7268396663787304 0.6705475251937026 0.0020189 -0.983337202522409 0.03673418092965694 -0.1780408551058728 0.000321691 0.10477514161453727 -0.6858241023249936 -0.7201857193597847 -0.00391169
-0.26449701967770956 -0.7074124161858839 0.6554456499265664 0.00185527 -0.9556561174601654 0.10101726040539594 -0.2766168799280888 0.000231527 0.12947089148751395 -0.6995449853485036 -0.7027617674085509 -0.00404194
-0.3767947288754906 -0.6803018732795229 0.6286613504137324 0.00170028 -0.9138510661926217 0.1621320219154543 -0.372276021640147 7.55445e-05 0.15133393905616183 -0.7147744879904281 -0.6827850834689985 -0.00423769
-0.48371179166412626 -0.6459771631141538 0.5905390819751651 0.00217844 -0.8585615602132892 0.21916979977783146 -0.46350474235919936 0.000328505 0.16998514620167102 -0.7312168649589088 -0.6606261775546449 -0.00437401
-0.5836687830913723 -0.6049107507196294 0.5416767812159303 0.00207388 -0.7906085491510253 0.27128081934120635 -0.5489488492262958 0.00034196 0.1851185394657904 -0.7486586009132453 -0.636585756693216 -0.00444869
-0.6753074517867758 -0.5573660141571407 0.4830144633691972 0.00201495 -0.7109551318733872 0.3177096595294731 -0.6273781735959267 0.000312834 0.1962209112815095 -0.7670747672191078 -0.6108139286817268 -0.00447384
-0.7571605106282003 -0.5043809070849578 0.415099821384445 0.00191933 -0.6207636036271219 0.35773394042601 -0.6976238071332925 0.000232859 0.20337283387196126 -0.7858920590230156 -0.5839633224847708 -0.00444
-0.8687214197572842 -0.38404205363165633 0.31278554297995964 0.001806 -0.46588900342305084 0.4192072050300394 -0.7792385743406051 0.000148741 0.1681384291123379 -0.8226645855348839 -0.5430952479651731 -0.00441137
-0.9466955324966094 -0.24763713491306152 0.20601800446323 0.00166673 -0.3007578926206942 0.45041689852722566 -0.8406362516257994 0.000104329 0.1153787622455722 -0.8577881247331217 -0.500886488427782 -0.00427959
-0.9906600499467563 -0.10470548856215159 0.08734658610645149 0.00157931 -0.12585472476245393 0.45563122969802505 -0.8812268554571138 0.00013151 0.0524714559971187 -0.8839892211949346 -0.46455333721405534 -0.00422304
-0.9984088503120646 0.0397486066092836 -0.039997698573317995 0.00148554 0.053294139835560764 0.4333700527293162 -0.8996388898088931 0.000155228 -0.01842558758165621 -0.900339072610986 -0.43479886390405914 -0.0041319
-0.9691081341424209 0.17879713052489918 -0.16988528616409954 0.00143221 0.2277903742532262 0.3847858365761415 -0.8944559270126026 0.000213641 -0.09455670117221177 -0.9055227474152493 -0.41362734940640467 -0.00402569
-0.9094843673398679 0.29974885127087963 -0.28807778763068237 0.00140823 0.3787389151918226 0.3116195622114876 -0.8714643323547112 0.000296976 -0.17144975848254154 -0.9016894557489897 -0.3969396751489694 -0.00399696
-0.8038839423351973 0.4403418356635529 -0.3998370605885271 0.00136757 0.5223420984717455 0.20113210856601957 -0.8286764187956116 0.000386765 -0.284480824344549 -0.875011395736215 -0.3916959508496435 -0.0039197
-0.6632054866857787 0.5551684183196643 -0.5019427355090637 0.00129487 0.6382935467168587 0.06934608505700757 -0.7666632042213061 0.000532677 -0.3908194348410697 -0.828842052376512 -0.40035112284443325 -0.00385578
-0.49389235553429095 0.6389823971154254 -0.5897218304602726 0.00128285 0.7212938133760507 -0.07768561523233478 -0.6882588030467962 0.000642164 -0.4855981630218801 -0.7652884693777886 -0.4225257183973268 -0.0038963
-0.3036915200374536 0.6879529974482284 -0.6591601732199384 0.00124589 0.7675492978031693 -0.23323404487672464 -0.5970510495362218 0.000780533 -0.5644816525797831 -0.6872572688683913 -0.45720663849987686 -0.00389823
-0.10192269507708827 0.6998123225215386 -0.7070180177868401 0.00129068 0.7748102601752734 -0.38991110576137533 -0.4976327866319363 0.00100486 -0.6239237332842433 -0.5985248890822763 -0.5024809769470887 -0.0039408
0.1027660709817809 0.6742238803829863 -0.7313421181473662 0.000838946 0.7430757729611654 -0.5408115162890231 -0.39415897742831396 0.000615065 -0.6612696350908108 -0.5029364402889057 -0.5565765057351862 -0.00409031
0.3010540508681381 0.6123453046839242 -0.7310264607300043 0.000654505 0.6737855672858684 -0.6790679380790567 -0.2913412857634822 0.000765368 -0.6748180997670004 -0.40484560427971833 -0.6170255820646697 -0.00412456
0.4878506454893601 0.5180894909166092 -0.7025560668710957 0.000617716 0.5692221035964133 -0.7989840972871973 -0.19393454839052432 0.000938264 -0.6618065763294354 -0.30529934766378264 -0.68469289746804 -0.00412177
0.6501488793869227 0.3936689736181471 -0.6498701207490333 0.000449444 0.434340356644372 -0.8943427836134575 -0.10723544184910175 0.0011291 -0.6234219191061287 -0.2125458176699012 -0.7524422809552004 -0.00424505
0.7922842812330564 0.24818001142344365 -0.5573977929996478 0.000196104 0.2716654749022865 -0.9614770041322569 -0.04195045018798932 0.00124579 -0.546336423330107 -0.11818905387014145 -0.8291850578056423 -0.00437289
0.8914589289370637 0.08208545626552266 -0.44560403486510763 -0.000173358 0.09215576486938229 -0.9957441636329493 0.0009357308679211924 0.00138665 -0.44363080711298913 -0.04189914629916726 -0.8952296736143627 -0.00448875
0.9366427486917047 -0.09622419097995406 -0.33681043094521523 -0.000442767 -0.09500456285450272 -0.9952730460001152 0.020141920029560893 0.00146465 -0.3371564834910833 0.01313274441637043 -0.9413570187043921 -0.00472665
0.9350555497452322 -0.27629518122306196 -0.2221082882819931 -0.00074922 -0.27965986220177186 -0.9599520508074213 0.016805404604234384 0.00152348 -0.21785655914827903 0.04640078645391016 -0.9748771649046515 -0.00469326
0.884416979892955 -0.4506150600818647 -0.12146058333649647 -0.00104007 -0.45492832533932936 -0.8904835793984386 -0.008900203688575765 0.00161488 -0.10414808918543732 0.06312735103869271 -0.9925563525915594 -0.00464003
0.7921428982462116 -0.6097814367255234 -0.026004387765309164 -0.00120438 -0.6102190330304045 -0.7904394078596754 -0.053275456167770394 0.00161552 0.011931491337226315 0.058070146610821285 -0.9982412021085222 -0.00465512
0.6538874038673261 -0.7538516890005312 0.06433423703359392 -0.00128829 -0.7458097845178367 -0.656538667448268 -0.11280400463950886 0.00162046 0.12727540367685428 0.02578001428042216 -0.9915323305281551 -0.00466327
0.49830788560398626 -0.8615544540787142 0.0970215120579632 -0.00136397 -0.8401881450425849 -0.507478949101609 -0.19117792013887788 0.00195376 0.21394656359657918 0.013749140913365071 -0.9767486007409274 -0.00431152
0.32358051428632595 -0.9393123795853927 0.11396448715202476 -0.00137838 -0.8989043348199578 -0.3427717004874383 -0.2729076000899191 0.00185688 0.29540928830367896 -0.014135589926745434 -0.9552662128858828 -0.00421272
0.13713347193385272 -0.9839152676362171 0.11447775761132922 -0.0014431 -0.9195409893841695 -0.16941879488858613 -0.354600677919377 0.0017726 0.3682917046550869 -0.05663936838322084 -0.9279834062263181 -0.00410282
-0.054767162708305485 -0.9929007497929747 0.10558721016027786 -0.00147899 -0.9019969624096418 0.003842425091245792 -0.4317252778946321 0.00167734 0.42825464118052614 -0.11888371137362283 -0.8958038990076856 -0.00405637
-0.24368773329501592 -0.9664714176273569 0.08092766863628714 -0.00150101 -0.8467258527615521 0.17131815640570688 -0.503691790235827 0.00164097 0.47293933956350026 -0.19126705987994183 -0.8600844684669775 -0.00399862
-0.42752968926843127 -0.9017360375406128 0.06395688699892274 -0.00154154 -0.7585869004655145 0.3193789057939057 -0.5679287182173578 0.0015957 0.49169531138313904 -0.29132324509802143 -0.8205891101089484 -0.00393495
-0.5937114800746789 -0.8040124625664159 0.032720612240935754 -0.0015803 -0.6394263467422895 0.4467085676619066 -0.6257678504599424 0.00165722 0.48850857261602204 -0.3924479782281154 -0.7793227565427056 -0.0038852
-0.73509471634041 -0.6778825622166156 -0.010535172093930067 -0.00163438 -0.4951372456077821 0.5474112503331037 -0.6746703128348597 0.00165119 0.4631143120443928 -0.4907302261440443 -0.7380440224866429 -0.0038065
-0.8465753846755371 -0.5282880596688888 -0.06497571910142427 -0.00166684 -0.33122138466574624 0.6184267757190176 -0.7126294390592391 0.00168874 0.41665634808745244 -0.5817731938522612 -0.698525188173889 -0.00374239
-0.9114331455961535 -0.3938837391741277 -0.11893368371873828 -0.00172314 -0.17663670164493256 0.6356474045198104 -0.7514997357013694 0.00174645 0.37160341325222 -0.6639337144184175 -0.6489244379108121 -0.0037156
-0.9503215035689687 -0.25314621669393406 -0.18112435735693339 -0.00177733 -0.01878880687324902 0.6274787409745914 -0.778406969625286 0.00181191 0.31070246312299177 -0.7363337711924456 -0.6010628559566933 -0.00373149
-0.9619916462915927 -0.11044582663797728 -0.24974745613007798 -0.00182627 0.13751830677614377 0.5941999949151804 -0.7924740256590257 0.0018816 0.23592538601560825 -0.7966982398757094 -0.5564271082651642 -0.00368254
-0.9461595739082728 0.029481721672698386 -0.3223552214389108 -0.00188345 0.28705613127301943 0.5366599375269164 -0.793470156308461 0.00198744 0.14960226669500262 -0.8432834277636552 -0.5162288467907402 -0.00362184
-0.9035908958169769 0.16241917641521283 -0.3964132996372318 -0.00191084 0.4249690233615483 0.4566572695280698 -0.78157882991436 0.00206281 0.054081625158694746 -0.8746908878682642 -0.4816544700305631 -0.0035406
-0.8353007352712544 0.2847094143540876 -0.4703331064612133 -0.00199196 0.54772124875362 0.3567271279657652 -0.7568006275348034 0.00215368 -0.047687685193114726 -0.8897675570346728 -0.4539158282429391 -0.00343859
-0.7434637830729378 0.39223762147169966 -0.5416744885640269 -0.00202479 0.6511946975729281 0.24008281563052103 -0.7199345161136703 0.00226074 -0.152338665846131 -0.8879807936780759 -0.4339159376504577 -0.0033904
-0.6371082136899756 0.45368136810957804 -0.6231102151939012 -0.0020134 0.7317727679312663 0.10212770706662926 -0.6738535060111549 0.00240273 -0.2420779629850295 -0.8852926904021822 -0.39705807151786293 -0.00330831
-0.5157559013492526 0.4889575430776649 -0.7035029291274295 -0.00202624 0.7903081102174221 -0.04549856532960487 -0.6110179796679589 0.00250592 -0.33077022409519663 -0.8711201992953674 -0.36296095827459496 -0.00323322
-0.3846705962621669 0.5017678695231357 -0.7747628911386518 -0.00202844 0.8224506993338184 -0.19473435252440977 -0.5344655078788638 0.00261681 -0.41905056918780337 -0.8427974472321995 -0.3377707556942513 -0.00321038
-0.2465472927382095 0.47888359654178714 -0.8425466950897516 -0.00202291 0.82981142041211 -0.34478595069124895 -0.4387888498578426 0.00278373 -0.5006270458106477 -0.8073370728321193 -0.31237703474130296 -0.00318656
-0.11431073483703845 0.42189149999153264 -0.89941126195746 -0.00199587 0.807520780094146 -0.4878811265630551 -0.3314848353389728 0.00292864 -0.5786564141329101 -0.7641855589962812 -0.2849161030977067 -0.00319009
0.012534150122682497 0.33698859034671025 -0.9414252944641113 -0.00300807 0.758983590363947 -0.6161602489697211 -0.2104529808480337 0.00247263 -0.6509890971736421 -0.7118885007960922 -0.26349185527324753 -0.00321622
0.11803912241880127 0.20395532467572725 -0.9718379448833112 -0.00314513 0.6878510441557877 -0.7226489904367309 -0.06811297728455407 0.00246571 -0.7161897141347338 -0.6604397490742 -0.2255917356873161 -0.00325437
0.20460262209401395 0.05589152989486579 -0.97724812812216 -0.00326022 0.5960284827760043 -0.7990589303138761 0.07908775888453629 0.00240725 -0.7764585080685179 -0.5986492819436564 -0.1968024961131236 -0.00320831
0.2722120234982129 -0.10048710858901713 -0.9569759428901167 -0.0031118 0.48622689370179684 -0.8438556797944129 0.22691628306450634 0.00244205 -0.8303517460113577 -0.527076780636492 -0.18084812747098417 -0.0030879
0.3177920117853799 -0.2595475649137537 -0.9119447893336208 -0.00309071 0.3626877847849422 -0.8553816117771481 0.3698376251834307 0.0024998 -0.8760512587818092 -0.4482826784305514 -0.17769871188598546 -0.00294645
0.34501167300366575 -0.4081360149432006 -0.8452170956609286 -0.00316685 0.23052529469212926 -0.8360803983115531 0.4978229163731838 0.00242374 -0.9098489072358766 -0.3665986372935373 -0.19437182186778756 -0.00279532
0.3492558716330165 -0.549188000672006 -0.7592185956941166 -0.0029979 0.09328696150337026 -0.7858373693623786 0.6113568284783325 0.00249982 -0.9323721783404579 -0.2843451579181565 -0.2232262355216519 -0.0030047
0.3303788897748967 -0.6776827238261789 -0.6569595992286268 -0.00323153 -0.04428007381490551 -0.7064058116709552 0.7064206284505329 0.00284285 -0.9428091345834817 -0.2042962433943175 -0.26338940882449424 -0.00301418
0.28916538737416964 -0.7890667933423083 -0.5419935187705047 -0.00318174 -0.1772816694106692 -0.6005289842236085 0.7797026027905303 0.00279956 -0.9407202498276057 -0.12937748935517407 -0.3135392747526843 -0.00333037
0.20319695258244658 -0.8847476053029055 -0.4194432898163722 -0.00316693 -0.3064069986155242 -0.46432215607233135 0.830975141974637 0.00286188 -0.9299600796059115 -0.04033125699895601 -0.3654417054035445 -0.00357504
0.10341663098184596 -0.9490570363845828 -0.2976503689318687 -0.00315748 -0.4172251563302086 -0.3130464420190503 0.8531852636235852 0.00285452 -0.9028998667413778 0.03595367614203393 -0.42834467874630605 -0.00372629
-0.011478237339526812 -0.9840969044248226 -0.17726119927682749 -0.00319521 -0.5071417472195784 -0.1470521140056592 0.8492248960043152 0.0027355 -0.8617862254031744 0.09964415922646064 -0.4973887244775468 -0.00379037
-0.13726051140498924 -0.9885185861306033 -0.06317085469735384 -0.00322137 -0.5729269413311749 0.027205899367224548 0.81915478325926 0.00266665 -0.8080311082537266 0.14862988903304014 -0.5700832256612018 -0.00382361
-0.2604649349297391 -0.9648359335330174 0.03535023388207986 -0.00326455 -0.6154388348456434 0.194130825915504 0.7639033073584649 0.00260248 -0.7439039307839983 0.17721411849182683 -0.6443617756907071 -0.00382262
-0.3854891055544505 -0.9147830448845038 0.1207067947162298 -0.0032954 -0.6322984675332226 0.35716444793691227 0.6874825125667265 0.00265322 -0.6720095218476956 0.1886942975337543 -0.716098920976896 -0.00383522
-0.5083394368245695 -0.839970877806995 0.18984188527568407 -0.00328917 -0.6229087894561893 0.5108749045821637 0.5924453324032437 0.00274158 -0.5946222809373227 0.18290914767805264 -0.7829231039563107 -0.00407085
-0.6248664105790719 -0.7428771895920605 0.2401571362958604 -0.00329387 -0.587501551911235 0.6500000171343033 0.482018572492073 0.00301266 -0.5141827451713226 0.16010452494919383 -0.8426046793478396 -0.00438801
-0.7366882063619592 -0.6242290925567355 0.260054853084871 -0.00352084 -0.526129181266769 0.7706817497999795 0.3594964883622664 0.00288549 -0.42482769592713554 0.128014376267028 -0.8961772973258165 -0.00454625
-0.8320823270432693 -0.4910253200591335 0.2579401792724112 -0.00360829 -0.4403031006600507 0.8675744525685332 0.2311876917129363 0.00276714 -0.3373013201447682 0.07879533178581 -0.9380933403011458 -0.00440264
-0.9091228830790888 -0.34770480319082037 0.22934025660576468 -0.00381519 -0.33304376084708326 0.9374753562642583 0.10110296611886793 0.00257299 -0.2501548257035948 0.01553467847221366 -0.9680812140218241 -0.0043973
-0.9648832664934559 -0.204732941017439 0.16457431422694382 -0.00395858 -0.21196419273749312 0.9768916340313916 -0.02745753733715099 0.00236853 -0.15514980837262374 -0.061377179976176935 -0.9859824434238726 -0.00430248
-0.9946904628957702 -0.06409047916663226 0.0805189015349177 -0.00402648 -0.07535267278547265 0.9864579048061473 -0.1456803924677286 0.0023505 -0.07009178074698763 -0.1509742114589688 -0.9860496588641259 -0.00433398
-0.9965610130434754 0.07204499420955 -0.04093490064856398 -0.00423777 0.08013238218521933 0.9636781452356711 -0.25476113070964895 0.00218499 0.021093804945619535 -0.25716522160759375 -0.9661372056744495 -0.00443144
-0.9616755247911902 0.19054582680714335 -0.19716103292479287 -0.00461349 0.24986168916393545 0.9051253662243256 -0.3439726845338526 0.00204999 0.11291289255764382 -0.38005310063682224 -0.9180470137147682 -0.0045009
-0.8793820991071691 0.2785408876738146 -0.3861374077498223 -0.0049272 0.43209704784681946 0.8074873546041023 -0.40156732112627447 0.00195952 0.19994815581028136 -0.5199799477367877 -0.8304466201627382 -0.00448692
-0.7398053098094705 0.31771545961464676 -0.5930809306490699 -0.0051226 0.6170874532601809 0.6716874541348056 -0.4099256505596683 0.00184968 0.26812530392817685 -0.6692479739825568 -0.6929761689363246 -0.00441637
-0.5232114771187879 0.3010994870033893 -0.797238263718866 -0.00513608 0.7996582329533278 0.4968723155819521 -0.33714182843158236 0.00179162 0.29461239057639377 -0.8139146152604246 -0.5007459818953495 -0.00409436
-0.24353878813457155 0.17514228303314705 -0.9539465600167972 -0.00498885 0.9338426348889943 0.3080027298963106 -0.18185777860735153 0.0017625 0.2619671581277402 -0.9351253921642578 -0.23856594264923528 -0.00387856
0.03952665823285045 -0.015678697206748082 -0.9990955018129362 -0.00471216 0.9888739894456512 0.1441163563203612 0.036860667910185496 0.00169819 0.14340807608634082 -0.9894365337376834 0.021200693818185956 -0.00392376
0.28634837398547985 -0.2445067115393877 -0.9264022218928807 -0.00466569 0.9570957504364148 0.02817827519310201 0.2883985251413352 0.00141843 -0.04441095824711855 -0.9692380785025607 0.24208513785079044 -0.00394236
0.46228500814845697 -0.4791899170576966 -0.746102938361336 -0.00474595 0.8429793542656439 -0.02354336054607381 0.537430477788594 0.00107756 -0.27509703655812046 -0.8773954259992675 0.3930634642300206 -0.00385252
0.5431052568709654 -0.6840697806973296 -0.48691397093925093 -0.00472253 0.6643636454907741 -0.004528856054315966 0.7473957693304452 0.000629776 -0.5134760233052089 -0.729402512060074 0.4520114477434414 -0.00370432
0.5214082340521377 -0.8330118545432884 -0.1849991990603811 -0.00514676 0.4452923493559896 0.0806799662398816 0.8917429375400485 0.000438324 -0.727906709041519 -0.5473408382697957 0.4130010044714936 -0.00302865
0.3996165094719196 -0.9087510681362514 0.12032514915303899 -0.00501024 0.21514189240560716 0.22057225042766954 0.9513473858025823 0.000135679 -0.891078341948458 -0.35428714131689193 0.28365473732672153 -0.00244784
0.1942169322506338 -0.9011170037991927 0.38764407475301166 -0.00498232 0.0051520434565423545 0.39610020171442445 0.9181928373985577 -6.36201e-05 -0.980945074749537 -0.17633143697525422 0.08157196000383543 -0.00209204
-0.04706130660630342 -0.812726779039693 0.580741264292691 -0.00487835 -0.15226852831665205 0.5804277495680267 0.7999487001149992 -0.000195119 -0.9872180755561499 -0.05078198660117411 -0.15106839885313444 -0.00175744
-0.3032718997662686 -0.6655831959542524 0.6819275357950298 -0.00457826 -0.2417566236506961 0.745958643136287 0.6205638062691743 -0.000275715 -0.9217265807891049 0.023339065825193517 -0.38713744106354947 -0.00150543
-0.5502810292346837 -0.47456159573984724 0.6870095201038098 -0.00437701 -0.26109931108665285 0.8793228388747539 0.398269374649017 -0.000438724 -0.7931065115194129 0.03978236898543824 -0.6077823825214203 -0.00134042
-0.759578257101149 -0.2616415151040176 0.5954700571088818 -0.00404168 -0.207963776245729 0.965159771217187 0.15880076761024636 -0.000656716 -0.6162726175231195 -0.003214591429907432 -0.7875263343489801 -0.00129128
-0.9071235534292896 -0.05142972651090677 0.4177102369404322 -0.00388645 -0.08867579254559307 0.9935808123534857 -0.07024082245673248 -0.000875878 -0.4114164102587907 -0.10075789077784732 -0.905861128880012 -0.0010151
-0.9749155460562055 0.1304808796062853 0.18031754799547706 -0.00346998 0.08067161535959336 0.9622047647914408 -0.26010398129963697 -0.00100507 -0.20744100012583072 -0.23903290708565242 -0.9485944870159099 -0.000955975
-0.9568860724836377 0.27795338712257733 -0.08432650161085335 -0.00321298 0.28839099463237694 0.8745210968468826 -0.3899275386333644 -0.00165799 -0.03463637541352939 -0.3974352346695147 -0.9169763114396146 -0.0015616
-0.856815927131049 0.3781049786240689 -0.3505753730002339 -0.0028268 0.5076785625022158 0.7375089017511983 -0.44535726895765965 -0.00241715 0.09016065766310957 -0.559568802719946 -0.823865165444153 -0.00190667
-0.6879225413576843 0.41097262666767675 -0.5982174163478156 -0.00282245 0.7071547125720861 0.5650835896143372 -0.424985587091687 -0.00279047 0.16338540197666276 -0.7153894302255561 -0.6793549687331938 -0.00217673
-0.468093010104582 0.3730978873637477 -0.801053618889485 -0.00266926 0.8657116059730438 0.3754848254143996 -0.33099027352339455 -0.00281141 0.17729170644676373 -0.8484156483282392 -0.49875699343163943 -0.00226084
-0.2222449841359337 0.2784796824850449 -0.9343747821240938 -0.00246338 0.9665286431046383 0.18891636746691784 -0.17358855999578893 -0.00302689 0.1281778026209131 -0.9416791770800357 -0.31114430473518423 -0.00228617
0.024030233329708023 0.14713835796889924 -0.9888239739712706 -0.00224822 0.9993351947963725 0.02359123192052273 0.0277960827774123 -0.00326758 0.027417445676365282 -0.9888345450026957 -0.1464736368152829 -0.00235864
0.2430901035974976 0.002693533535092496 -0.9699999723763157 -0.00193439 0.964291144914776 -0.10903926140362441 0.24135663925299966 -0.00353713 -0.10511797834770437 -0.994033794370014 -0.029103715887222437 -0.0024673
0.45531852310932397 -0.14705710996532717 -0.8780997943982163 -0.0018694 0.8576149490893513 -0.19245120177483427 0.4769267596118837 -0.0037347 -0.23912683164382353 -0.9702250982859945 0.03849177891340916 -0.0023623
0.6170188500300446 -0.3076983902091598 -0.7242992747271619 -0.0017029 0.6893118524888403 -0.2327078018903132 0.6860730638625757 -0.0038957 -0.37965366944888657 -0.9225880877195795 0.06851504704752948 -0.00237469
0.7144329300516983 -0.4661766442353021 -0.5217901156856627 -0.00182423 0.4737964546276893 -0.2264384826257967 0.8510244022167391 -0.00363506 -0.5148810620327541 -0.8552221640928389 0.05909773265011126 -0.00206054
0.7569082273015575 -0.6075764209353045 -0.24070901139479525 -0.00177482 0.19494480266649172 -0.14164564898374787 0.9705323456934837 -0.00334685 -0.6237679531336445 -0.7815288880440817 0.011231108406778989 -0.0015041
0.7048095220061206 -0.7075363806650092 0.051340118084811315 -0.00184932 -0.08887975621883742 -0.016272224004838964 0.9959094354711255 -0.00357947 -0.703806739541462 -0.7064895503554138 -0.07435447945229168 -0.00169947
0.5741381407682528 -0.7494104318232444 0.32977173922225655 -0.00190115 -0.3514292654395692 0.13822168177722757 0.9259547710764706 -0.0037792 -0.739501769239113 -0.6475173907789449 -0.18400641817895463 -0.00187809
0.3997446394876243 -0.7379512431900129 0.5437206873710284 -0.00211848 -0.5557082816805111 0.2766289088370617 0.7840055819108116 -0.00392037 -0.7289667542985777 -0.6155521175903231 -0.299504693882193 -0.00187699
0.190561466438896 -0.6824517128742206 0.7056528800364242 -0.00210844 -0.7031036281038104 0.4067601671119629 0.5832593373434383 -0.00387001 -0.685077817226566 -0.6072938547738571 -0.4023214613937384 -0.00180802
-0.042896637868277354 -0.5919365660369716 0.8048422082917593 -0.00221787 -0.78568376348851 0.5176023512301796 0.33880500260698754 -0.00403921 -0.617139289180432 -0.61781785972028 -0.4872783495708828 -0.00166688
-0.28479480409698016 -0.47669297132782207 0.8316584218572038 -0.00199916 -0.7974622663750146 0.5992482962978185 0.07039469505713508 -0.00375473 -0.5319265487521636 -0.6431681665558504 -0.5508074584297111 -0.00178446
-0.5151889598532049 -0.345974189812453 0.7841442441470756 -0.00214118 -0.737544269043214 0.6450065517029284 -0.19998749826378603 -0.00370566 -0.43658766227057194 -0.6813724445880633 -0.5874715354033784 -0.00176174
-0.7144058546092817 -0.2075867713352211 0.6682305045914921 -0.00228499 -0.6107743963736955 0.6509826153479936 -0.45075078618792647 -0.00392234 -0.3414365411527148 -0.7301570837027498 -0.5918544766109028 -0.00164066
-0.8539888588024162 -0.043937082554364654 0.5184327939260379 -0.00237936 -0.43406043067435696 0.6095598322364436 -0.6633463299413591 -0.00405394 -0.2868703044306581 -0.7915215371046385 -0.5396286544795151 -0.00150137
-0.9387592830497017 0.14382147100257356 0.3131236065304981 -0.00240715 -0.1961506274931594 0.5240691384185544 -0.8287801092517086 -0.00430913 -0.28329479314320294 -0.8394444130708656 -0.4637640968661329 -0.00151145
-0.9516099074211167 0.2997086037192668 0.06792155000160877 -0.00194373 0.05539082228517851 0.3846816809827729 -0.9213858372705975 -0.00368004 -0.30227543880465263 -0.8730376607987286 -0.38266800483256913 -0.00352908
