1.0 0.0 0.0 0.0 0.0 -1.0 0.0 0.0 0.0 0.0 -1.0 0.0
0.9999999999235802 1.8101266252624506e-06 -1.2229591451914249e-05 -0.000268878 1.810281374454293e-06 -0.9999999999183038 1.2653668929992675e-05 0.000459381 -1.2229568546172099e-05 -1.2653691068027309e-05 -0.999999999845161 -0.000244684
0.9999999998259453 5.424350182393002e-06 -1.7851763752461417e-05 0.00122416 5.424769815164128e-06 -0.9999999997090069 2.3506551575898215e-05 -0.000199578 -1.7851636239499347e-05 -2.3506648413515946e-05 -0.9999999995643781 0.00214755
0.9999999993955186 5.361399975467035e-06 -3.435429675162738e-05 -0.00111724 5.3626400177986165e-06 -0.9999999993341708 3.609570787337934e-05 0.00126394 -3.435410320522598e-05 -3.60958920812867e-05 -0.9999999987584409 -0.000631506
0.9999999989820014 7.767717033266194e-06 -4.444838923391755e-05 -0.00108361 7.769882949601607e-06 -0.999999998782565 4.872882729168214e-05 0.00176937 -4.4448010668062766e-05 -4.872917260085792e-05 -0.999999997824921 -0.000406427
0.9999999759630902 0.0001730097861819224 -0.0001346901361974483 -0.000877094 0.00017304300439523865 -0.999999954608876 0.0002466543426549013 0.00207364 -0.00013464745646862803 -0.0002466776439119232 -0.9999999605101004 1.18437e-05
0.9999999178108925 0.00033507932174752094 -0.0002282543665046964 -0.00105565 0.0003351806176857676 -0.9999998453070329 0.00044389172490690373 0.00279182 -0.00022810559225724012 -0.0004439681948633937 -0.9999998754300323 -0.000150396
0.9999998180501505 0.0004821430434778528 -0.0003625434480382967 -0.00165417 0.00048237676847198805 -0.9999996757272988 0.000644870491652677 0.00349985 -0.0003622324106538589 -0.0006450452568554834 -0.9999997263521113 -0.000244928
0.9999996800112918 0.0006312861824817451 -0.0004913807787195916 -0.00142229 0.0006317013897612799 -0.9999994432234558 0.0008452846459412537 0.00354298 -0.0004908468886130529 -0.000845594781380531 -0.9999995220192845 0.000193961
0.9999994999350879 0.0007767890062627835 -0.0006298638059873475 -0.00186811 0.0007774501764262052 -0.999999146389428 0.00105013886635143 0.00411748 -0.0006290475320025127 -0.0010506280289409194 -0.9999992502396926 9.73804e-05
0.9999992808279692 0.00092327541998457 -0.0007654449971961351 -0.00173452 0.0009242351884157639 -0.9999987860517245 0.001254465780320901 0.00441078 -0.0007642858505653188 -0.0012551723293454035 -0.9999989202041983 0.000317922
0.999999025812523 0.0010714408397140128 -0.0008946443604259774 -0.00186293 0.00107275695372173 -0.9999983413186769 0.0014719213337573381 0.00465809 -0.0008930657998662521 -0.0014728796357887629 -0.9999985165284272 0.000716004
0.9999987306447462 0.0012211766902416295 -0.0010234433972131608 -0.00189146 0.0012229064536791964 -0.9999978221304324 0.0016912226930169039 0.00497968 -0.001021375886556212 -0.0016924721217899206 -0.9999980461627989 0.000638615
0.9999983913536291 0.0013705344738645315 -0.0011571194450342669 -0.00217145 0.0013727595212246254 -0.9999972062581736 0.0019243199174568504 0.00496953 -0.0011544788655556565 -0.0019259052686419636 -0.9999974790305449 0.0015921
0.9999980184672573 0.0015179217287926146 -0.0012880121054494032 -0.00285183 0.001520694769112848 -0.9999965223278472 0.0021547203136842276 0.00603554 -0.0012847369293819595 -0.002156674717306686 -0.9999968490976289 -7.50738e-05
0.9999976044748722 0.0016821528553778186 -0.0014005021557187771 -0.00318008 0.0016855056395256667 -0.9999957084983448 0.002396258673929911 0.00605707 -0.001396465272090883 -0.0023986134879136764 -0.9999961482616218 0.000541331
0.9999971432108873 0.0018546513389675215 -0.0015079252221046812 -0.00302788 0.0018586285911265574 -0.9999947867305156 0.0026404566937242063 0.00633437 -0.0015030202343416345 -0.0026432518234273555 -0.999995377064301 -9.78707e-05
0.998550188974773 -0.03265855657119388 -0.04278947044695623 -0.00267122 -0.032927700630640495 -0.9994420468209313 -0.005600140852331419 0.00591559 -0.04258270340905718 0.0070009805794019 -0.9990684158961802 0.00130346
0.9990722067556862 -0.020384065953826244 -0.037936994392195805 -0.00222238 -0.020217600504050626 -0.9997842414685271 0.00476646001352869 0.00564716 -0.038025968997279294 -0.003995042727183022 -0.9992687653056239 -2.40244e-05
0.9994152239784729 -0.00806959370785251 -0.03322787590937067 -0.00270398 -0.007568147127571575 -0.999855992875507 0.015189360091491697 0.00643238 -0.03334566282312857 -0.014929004264309048 -0.9993323729383342 0.000795622
0.9995809259677745 0.0043198721580823595 -0.028623611685884877 -0.00217657 0.00505549124787356 -0.9996574978219256 0.02567740361970667 0.00575889 -0.02850288493554949 -0.0258113493049952 -0.9992604063993561 -0.000602891
0.9995679006581242 0.016755190712371693 -0.024151098486457 -0.00225563 0.0176239471274455 -0.999188445608755 0.036219423650981346 0.00624005 -0.02352463520566254 -0.03662941094465368 -0.9990519895342225 -0.000635504
0.9990896611058223 0.012274340838955046 -0.04085571720606947 -0.00237728 0.013777908449402295 -0.9992303848891969 0.03672610996208972 0.00684372 -0.04037348523738134 -0.03725558308705927 -0.9984898613499441 -0.000308186
0.9983132691379717 0.0078057348334429275 -0.05752988064272393 -0.00222424 0.00996293786519322 -0.9992542166021483 0.037306172035224947 0.00682551 -0.057195773726302405 -0.03781641318974442 -0.9976465117271309 -0.00100626
0.9972389152352832 0.003327575838312478 -0.07418539734607654 -0.00233056 0.006157413424473231 -0.9992606886775175 0.037949470663675766 0.0073468 -0.07400427150019853 -0.038301479119915854 -0.9965221344741677 -0.00104331
0.9958644997613747 -0.0011822881264263107 -0.09084327333277674 -0.00233892 0.0023390687404973463 -0.9992501976803162 0.03864674880603103 0.00763837 -0.09082085042794248 -0.038699413828058735 -0.9951150327961639 -0.000890894
0.9941903996258419 -0.0057071746812108505 -0.10748431257149543 -0.00244662 -0.0014763339893290955 -0.9992223920524483 0.039400909366856515 0.00800958 -0.10762559978815792 -0.03901332308508769 -0.9934257349656783 -0.000975167
0.9921034472023317 -0.011482441033453132 -0.12489557076679518 -0.00451116 -0.006526401820989062 -0.9991776250327938 0.04001849213921672 0.0115564 -0.1252523697521179 -0.03888736532267043 -0.9913625051865437 0.00445492
0.9899325241921861 -0.01496656484451286 -0.14074657893974538 -0.00230561 -0.009258048663367723 -0.9991110538608985 0.04112651927785101 0.00790568 -0.1412369855294062 -0.03940944036293497 -0.9891910886824884 -0.00160998
0.9874928943209512 -0.01848392524466538 -0.15657626950844278 -0.00260154 -0.011996796101918273 -0.9990339687669753 0.04227536082632009 0.00872764 -0.15720642655095207 -0.03986820484115359 -0.9867606932249705 0.000436822
0.9847904241261911 -0.02199276640158548 -0.172348886783066 -0.00240823 -0.014701167413415404 -0.9989465566483671 0.04347013500155861 0.00854017 -0.17312335551865768 -0.04027524284689406 -0.9840763225418974 -0.00126698
0.981825723593664 -0.025502916468514256 -0.18806341946635516 -0.00233187 -0.01738171466836723 -0.998848918847109 0.04470697163921074 0.00873984 -0.18898710137193422 -0.04062559008262785 -0.9811388469250786 -0.00119433
0.9785978948869483 -0.02901709941784804 -0.2037257177290294 -0.00230204 -0.020040788621536826 -0.998740998091797 0.04598679725777813 0.00905142 -0.20480363012959588 -0.04091975894327621 -0.9779473638257654 -0.00150964
0.9749683819256059 -0.033411608935322 -0.219818831390122 -0.00265828 -0.02358246863813338 -0.9986075860682857 0.04718851788097236 0.00960655 -0.22108939689251775 -0.04082344222655047 -0.9743987505874987 -0.000222211
0.97106759738945 -0.03773412747870579 -0.23580470080916932 -0.00249169 -0.02703235022267758 -0.9984595282509745 0.04845433402988692 0.00965473 -0.23726983234646493 -0.04067807847308099 -0.970591737338629 -0.00147801
0.966887111911905 -0.04205268404633976 -0.25171588067333767 -0.00254813 -0.03046023489254346 -0.9982958098141562 0.04977600021887359 0.00995267 -0.25338012335016796 -0.04046044824265972 -0.9665202870188793 -0.00170789
0.9589434052498302 -0.06298362072482298 -0.27651511540646634 -0.00270491 -0.050820760380335436 -0.997407742771246 0.05094158394015969 0.0104595 -0.27900680250170296 -0.03479738755078398 -0.9596584527723475 -0.0012765
0.9499145930684776 -0.08372359862504745 -0.3010857434499695 -0.00264787 -0.07111125173600573 -0.9960790260070833 0.05262854572680994 0.0106193 -0.3043114453189155 -0.0285820395012752 -0.952143692551634 -0.00151753
0.9387166647984422 -0.10760180693457116 -0.3274643100768459 -0.00324408 -0.09477542161482985 -0.9939821517889158 0.05492814745472645 0.0116537 -0.3314040474819531 -0.020526399330915397 -0.9432656170152114 -0.000273457
0.9261893923121771 -0.1311754307739226 -0.3535056094741294 -0.00292187 -0.11830165323142745 -0.9912890239276597 0.05788600766384129 0.0116273 -0.35801945255964923 -0.011793108234178323 -0.9336396490011902 -0.000856771
0.912336424863605 -0.15444157637605904 -0.3791965814107157 -0.00318974 -0.14169234712250495 -0.9879990780737282 0.06149065369939441 0.0121844 -0.38414258633222537 -0.0023709095177171617 -0.9232707361083463 -0.000634784
0.8960924339787906 -0.18000736092401284 -0.40572860359991825 -0.0031048 -0.16784708447929728 -0.983621909297099 0.06569091095828705 0.0124754 -0.41090839124769296 0.009235234913207348 -0.9116298615328104 -0.000808445
0.8699497838839458 -0.22004373544150346 -0.4413254218977479 -0.00308252 -0.20856117182580708 -0.9751236430582986 0.07507408577770179 0.0126758 -0.44686643544455396 0.026732662449916525 -0.8942011818553006 -0.000725597
0.8405326735805984 -0.25912591268003937 -0.4757715691602296 -0.00322965 -0.24873460959305618 -0.9647452715613883 0.08600962149976224 0.0130394 -0.48128569336106436 0.046046958397694994 -0.8753535051556484 -0.000756739
0.8081238511457675 -0.30040089243569335 -0.5066509104237077 -0.00315217 -0.29248696971882904 -0.9512854613183991 0.09750560819223204 0.0133252 -0.5112604167682354 0.06939218189449935 -0.8566198172689506 -0.00185093
0.7726174150584281 -0.33997191077909844 -0.5361729476853916 -0.00297244 -0.33497625826013383 -0.9357114460456509 0.11061191681368387 0.0131139 -0.5393081089233436 0.09414451455271261 -0.8368294772707049 -0.00140827
0.7341021652651474 -0.3777809593364656 -0.5642477804261551 -0.00298493 -0.37614512568320546 -0.91805111442735 0.12528765191936 0.0132886 -0.5653395929684993 0.12026511572987753 -0.8160437773555358 -0.00123126
0.6927681563490473 -0.4136355999739384 -0.5907434908510983 -0.00266475 -0.4157865767458473 -0.8983940125110208 0.14145572057119923 0.0134885 -0.5892315369586997 0.14762719505073427 -0.7943628938556615 -0.00132872
0.6718006022726221 -0.43092976915405123 -0.6024811074573029 -0.00215181 -0.43761843735412786 -0.8871356622836052 0.14656200050613416 0.0129465 -0.5976404053223587 0.16519640057054802 -0.7845610844062186 -0.00234105
0.639763397345482 -0.45560995604459265 -0.6189687903036886 -0.00264196 -0.46709900798760007 -0.870041380868822 0.15762776504434012 0.0136585 -0.6103452401337847 0.18827523344539526 -0.7694355881534952 -0.00174845
0.6115735084051379 -0.47786794501245167 -0.6305712259107668 -0.00234502 -0.4953182571473528 -0.8527357034570207 0.16583619685149906 0.0138424 -0.6169584005048798 0.21091241589635432 -0.7582072835756879 -0.00195624
0.5871489540507787 -0.4958677169430122 -0.6398213133764775 -0.0019759 -0.5198414640574639 -0.8368642391930744 0.1715316221761707 0.0136582 -0.6205005705103489 0.23189103573342565 -0.749136562679202 -0.00255821
0.5621341673127317 -0.5129459228614707 -0.648761634315267 -0.00161323 -0.5436818179010511 -0.8203083254516278 0.17749459732215783 0.0138301 -0.6232296998887573 0.2529441270607814 -0.7400027092937088 -0.0028471
0.4976441054676299 -0.551639699195974 -0.6693608791707936 -0.00154743 -0.5886590484521845 -0.7815696706539774 0.20646882231756403 0.0142478 -0.637048560918782 0.2912773458146179 -0.7136712400303802 -0.0025188
0.45017951168894427 -0.5757429824807611 -0.6825382226510552 -0.0010747 -0.6206321894057275 -0.7513052092673889 0.22440180035181978 0.0141614 -0.6419922840104517 0.32258409857251613 -0.6955468399893714 -0.00236729
0.4011682028679656 -0.5974664763219462 -0.6943326887588714 -0.00107007 -0.6505319027588918 -0.7194740705121182 0.24323919370368546 0.0144125 -0.6448816298365012 0.3541057349608456 -0.6773011235538126 -0.00253377
0.3508180990256432 -0.6167263727297426 -0.7046809509101613 -0.000852612 -0.6782589579925412 -0.6861914220164759 0.26288042577164145 0.0145925 -0.6456713152207605 0.38573295624125997 -0.6590285571737177 -0.00263318
0.23807687608463468 -0.6462785448161212 -0.725012719601621 -0.00152188 -0.713827301377989 -0.6226252786611075 0.3206062166889412 0.0155994 -0.6586121657555375 0.44120494657532505 -0.609563950899547 -0.00219545
0.1153094920130984 -0.6671068536714089 -0.7359838088139679 -0.000860533 -0.7384568462229095 -0.5531236528593937 0.3856626905911376 0.0155161 -0.6643682768752552 0.4990217133874187 -0.5564100306875226 -0.00255663
-0.005382302729421394 -0.6753745311235926 -0.7374552688312132 -0.00123854 -0.7506777130250482 -0.48448262502587924 0.4491765323517217 0.0162315 -0.6606466544112767 0.5560088387405556 -0.5043809763041884 -0.00167488
-0.14045318521676822 -0.6702899101613226 -0.7286867221916362 -0.00069128 -0.7482639264938443 -0.4100984110126923 0.5214598638369784 0.0162237 -0.6483625521808607 0.6184906867696486 -0.44395413198744915 -0.00169574
-0.26609861493747067 -0.6606501552627289 -0.701949356777034 0.00011699 -0.7373628068907649 -0.3295304263231805 0.5896658283650454 0.0162179 -0.6208764918585113 0.6745006082121757 -0.39945126283299287 -0.00161008
-0.3874523153576591 -0.6384933954258634 -0.6649863813053167 0.000497247 -0.7129692656546431 -0.24975024172206206 0.6552096175970324 0.0162032 -0.5844275229280933 0.7279773353321671 -0.3584598578457698 -0.00123846
-0.4750005167166764 -0.6017294733982197 -0.642102912283375 0.000628602 -0.679182129204221 -0.21327903436339812 0.7022988600806905 0.0166927 -0.5595410123382478 0.7696971445607146 -0.3073762534200897 -0.000862627
-0.5569426019111525 -0.561111098211801 -0.6123473472139663 0.00093416 -0.6404108396549084 -0.17933945824460842 0.7468007198503663 0.0176531 -0.5288562135674785 0.8080790148123367 -0.25945984504541864 -0.000573175
-0.6337830490976146 -0.515769573732629 -0.5764553699014284 0.0011244 -0.5964976236053404 -0.14856664896274313 0.7887449117738652 0.0174754 -0.49245266951222033 0.8437474134050089 -0.21349630128563027 4.93323e-05
-0.7047776686733016 -0.4661677769098162 -0.5347672778979524 0.00154889 -0.5478663979383666 -0.12124509897279268 0.8277330704913977 0.0181758 -0.4507003968818592 0.8763488059819775 -0.16994682257840854 0.000447082
-0.7680401536011787 -0.41470073878779107 -0.48799346276885536 0.0012163 -0.49576730301800315 -0.0973270362363431 0.8629844895916178 0.0190557 -0.40537526283005154 0.9047379428687127 -0.13084399496788807 0.000485033
-0.8120599447830524 -0.3833236148732877 -0.44002460426596784 0.00107307 -0.44991619157694207 -0.06897656800015328 0.8904030849136929 0.0199018 -0.3716639162413357 0.9210348741211681 -0.11645039294376708 0.000483699
-0.8516748237469738 -0.35062811552880796 -0.3894995753480074 0.00168584 -0.40138188156557003 -0.04145266235861376 0.9149722738609435 0.0206317 -0.3369607985306954 0.9355969224960606 -0.10543158383262782 0.00122445
-0.8840095153870446 -0.3347106165619284 -0.326337218021323 0.00191587 -0.346975739412477 0.0019937240825296685 0.9378719855734298 0.0208949 -0.31326508417684784 0.9423188569826121 -0.11789893473079367 0.00188959
-0.9067767885106105 -0.33444294730231044 -0.25671729746576827 0.00145695 -0.2896360117227403 0.051667673402907656 0.9557412998497424 0.0220564 -0.3063769516979507 0.9409986007029313 -0.14371776836354347 0.000904106
-0.925292429697982 -0.3305333063158177 -0.1859614286876144 0.00184066 -0.230625474907042 0.10113231364891359 0.9677727757381476 0.0221497 -0.3010744257945304 0.938360265863784 -0.16980636495886184 0.00221242
-0.9333686792178927 -0.3456075031044881 -0.09684194573080057 0.00177665 -0.16101030703468328 0.16203487310780465 0.9735606714147476 0.0229749 -0.3207781003803768 0.9242835894328203 -0.20688464568821438 0.00165071
-0.9348621221500779 -0.3549479278176093 -0.006691868725426348 0.00198933 -0.09178435672747956 0.22344694277133859 0.9703850244239476 0.0226733 -0.34294087599639667 0.9077904121018947 -0.24147075033365173 0.00373451
-0.929765211767606 -0.35850221267162574 0.08374254890010979 0.00183448 -0.023509607210874667 0.2848191824721251 0.9582929258137624 0.0230297 -0.3674016186076611 0.8890186706731523 -0.2732432137108113 0.00327878
-0.918108485005057 -0.3562643255247357 0.17364486781970942 0.00173611 0.043189732742219156 0.3455874227662744 0.937392116572046 0.0236912 -0.39396885250914804 0.8681273314348361 -0.3018997841477461 0.00412515
-0.900005978341348 -0.3482352533970554 0.26214775841368965 0.00166158 0.1076666419385208 0.4051774667461832 0.9078761560118366 0.024409 -0.4223708479091757 0.8453185368443276 -0.3271688220228968 0.00281137
-0.878867294240619 -0.33260160322660826 0.3420065096533443 0.000998653 0.16471324501444815 0.46125765566196675 0.8718434045228747 0.0241997 -0.4477296349706858 0.8225676559556159 -0.3506003784149412 0.00440289
-0.8526225431549272 -0.31197534364855767 0.41917321462539636 0.000890188 0.21896173624728074 0.5150556325101632 0.8287179577390198 0.0242966 -0.47443709484356356 0.7983665075483315 -0.3708373803454547 0.00478189
-0.8214509991802658 -0.28657694453790233 0.49304351816555037 0.0017493 0.2699493897204211 0.5661645268301337 0.7788357051065283 0.025146 -0.5023401068353148 0.772872164991424 -0.387715144979086 0.00196758
-0.7856463518672153 -0.25655538480774787 0.562973484565556 0.000249712 0.317259690645911 0.6141407407722635 0.7226184603336372 0.0250966 -0.5311366100063116 0.7463313507081448 -0.40110275050310934 0.00453027
-0.7454990039614642 -0.2221707791172697 0.6283879215889583 6.67447e-05 0.3604983374796934 0.6585883527261231 0.6605318541356422 0.0252651 -0.5605998428173544 0.7189586403680797 -0.4108847644696021 0.00410986
-0.6953561563403384 -0.18728234693448076 0.6938336532385146 0.00192251 0.3999274221837431 0.7013088210334589 0.5901050707510704 0.0257688 -0.5971079239342388 0.6878162981984162 -0.412760059971372 0.00153343
-0.6410259757302885 -0.14798507735043306 0.7531175972719124 0.000492455 0.4336537893357916 0.7397716794622011 0.5144727915647082 0.025764 -0.6332693656207766 0.6563827230718836 -0.41003857308672614 0.0035371
-0.5829919740138905 -0.1046683970739003 0.805707691963635 -0.000171051 0.461362311180897 0.7736279592121966 0.4343323595439248 0.025992 -0.6687788693261836 0.6249354425691924 -0.40272883751184163 0.00401446
-0.5217670292598434 -0.057739831347979026 0.8511317636260933 0.000919473 0.4828001311063925 0.8025667725217437 0.3504149098535642 0.0261132 -0.7033229703208956 0.5937614735901431 -0.39087608253646555 0.00253047
-0.459052978521195 -0.007480941909451533 0.88837739639129 -0.000825421 0.49771545016528845 0.8261405230991996 0.26414232292486856 0.0262661 -0.7359006003378337 0.5634144758537258 -0.37551888743562256 0.00356314
-0.39439801178769596 0.04542128575298651 0.9178164931501603 -0.000841377 0.5061768681785014 0.8443372151483775 0.17572605167272937 0.0263439 -0.766964918636385 0.5338834834643494 -0.35599612310396767 0.00350989
-0.3186095245855123 0.09749163132239969 0.9428591372339196 -0.0007326 0.5060734940313598 0.8585608856690592 0.08223639241875758 0.026623 -0.8014846158737453 0.503357315851531 -0.3228836061128795 0.00347555
-0.2418228457847078 0.15175473897359804 0.9583799927250363 0.000726955 0.4981028021610192 0.8670402838317794 -0.011607958142927144 0.0264502 -0.8327156235690105 0.47456469043952537 -0.28525960957014496 0.00217833
-0.16486697141830575 0.2076441048174438 0.9642109766383691 -0.000358425 0.4823534960179654 0.8696836367061531 -0.10481162590479154 0.0266412 -0.8603220249503098 0.44781056014806275 -0.24353996716201642 0.0023036
-0.0763491243816416 0.2626600249052572 0.9618630476959424 0.000709821 0.45824630150663825 0.8660059493380703 -0.20011002690159052 0.0265412 -0.8855400264028974 0.42549195882864554 -0.18648178090772954 0.00195748
0.010773043215985878 0.3181833067836061 0.9479679977847968 -0.000736651 0.42533869123365103 0.8565241536471164 -0.2923240872024343 0.0273683 -0.9049701317057441 0.4063566875336754 -0.12610829955695818 0.0020897
0.09884492945941598 0.37350689333182163 0.9223460741791957 -0.000856581 0.3838561363759794 0.840837712725846 -0.38163648597123584 0.027615 -0.9180872216116879 0.3917710319709447 -0.060260368582945145 0.00227943
0.18328898158217133 0.42785009945092534 0.8850703032134815 0.000945592 0.33408500269928176 0.8196278443788659 -0.4654002661046456 0.0269313 -0.9245498148839746 0.38099145544052204 0.007290451242642382 0.00181674
0.2630013791535991 0.48051054938336674 0.8366241010720407 -0.000403997 0.2766809971756688 0.7931653408892325 -0.5425277576437406 0.0277885 -0.9242715512040726 0.37416353903522304 0.0756554405938843 0.00164469
0.33693547912565297 0.5307898342006001 0.777648143324258 -0.000277254 0.212390796963688 0.7618049125287547 -0.6119995299117356 0.0279943 -0.9172593048159804 0.37136966375345654 0.14394422729706285 0.00163306
0.42866599071537426 0.5777873820282633 0.6945554042500368 0.000586332 0.13464875319384856 0.7193270997449801 -0.681497055632537 0.0274509 -0.8933729241852746 0.3856556297286491 0.23055271325935522 0.0017374
0.509435942840896 0.6187464197680101 0.5980199730494602 -0.000213622 0.049066183951012865 0.6729434955940841 -0.7380647406089121 0.028456 -0.859108566907753 0.40533926501374695 0.3124620785052527 0.00123388
0.5777273849880991 0.6528714793484449 0.4898876402688541 0.00113888 -0.04271329088725179 0.6235429532543615 -0.7806213936527813 0.0274742 -0.8151114300611875 0.4300616431399138 0.38812412922079925 0.0016808
0.6322301640378513 0.6795067171166573 0.37223062887679637 0.00179624 -0.13892755964651543 0.5720728010688543 -0.8083513118984217 0.0265057 -0.7622231647302095 0.4593509896262101 0.456083890833787 0.00241378
0.6718792170216433 0.69814910316416 0.2473179077330692 0.000411348 -0.23772735635615777 0.5195210608952725 -0.8207213725291691 0.0293673 -0.701472751982781 0.4926314007829078 0.5150245442582073 0.0006172
0.6959247360576294 0.7084277823076142 0.11755355799734307 0.000776194 -0.33720711629462774 0.46690660242383686 -0.8174898074797573 0.0286244 -0.6340190237393357 0.529271482197695 0.563818743630322 0.00113847
0.7072998349386679 0.7065559868154089 -0.022485128219260575 0.00122168 -0.436516647248821 0.4115151966106292 -0.800067784399024 0.0277234 -0.5560397109653061 0.575702944628407 0.5994880810956961 0.00238932
0.7008482628647275 0.6945966398915624 -0.16231826850618272 0.00175427 -0.5329853267485523 0.358701200950137 -0.7663289697692947 0.0296386 -0.47406576960400015 0.6235935826227533 0.6216049306444459 0.000298891
0.6767406031457243 0.6727701274100245 -0.2990025279469411 0.00215167 -0.6245619246115542 0.30959242315366986 -0.7169901909031606 0.0294989 -0.38980066492949067 0.6719619685596343 0.6297003687707261 0.000568451
0.6354753796004474 0.6415524187116103 -0.4296295333970297 0.00207093 -0.7093093225760873 0.2652314551850553 -0.6530946027085737 0.0295863 -0.30504315568181317 0.7197657738637621 0.6236071711790849 0.000753545
0.5779303493015224 0.6016109204529339 -0.5514170941746314 0.00298301 -0.785423244821281 0.22656096646387647 -0.576003867147925 0.0300574 -0.22160062691840568 0.7659859194963888 0.6034556597486195 0.000624661
0.5053605953488428 0.5538349288355567 -0.6617231598413174 0.00335353 -0.851264561095208 0.19442479261900414 -0.48738859961886755 0.0300565 -0.14127744226183697 0.8096084680984825 0.5697146765629111 0.000816076
0.4193232378324647 0.4992071058431686 -0.758261358430842 0.00361308 -0.9054526218241632 0.16947878782578496 -0.3891432770957906 0.0297146 -0.06575387323532367 0.8497465539517004 0.5230747768739791 0.00136798
0.32159347218300627 0.4388324605513318 -0.8390492895031509 0.00260362 -0.9468717061497942 0.1522310008131476 -0.28330141984184537 0.0293231 0.00340745392574221 0.8855799195769356 0.46447453676154593 0.00183771
0.2142395170893104 0.37398915252616133 -0.9023489032021389 0.000459153 -0.9746347568662064 0.14305588728288066 -0.1721107312809363 0.0278647 0.0647187764539009 0.9163335238364205 0.395151050951201 0.00254214
0.09956037847178606 0.30611804429187967 -0.9467731903668741 0.0034228 -0.9881446309804875 0.14217179269636776 -0.05794281341061247 0.0290977 0.11686710102929204 0.9413176532501745 0.3166435794021307 0.00302614
-0.019983214501586966 0.2366769623222021 -0.9713828733533026 0.00485209 -0.987116264978072 0.14959993781866493 0.05675683236750029 0.0291547 0.1587518521275405 0.96000201776381 0.2306381914069935 0.0036725
-0.1418528357262262 0.1670732957404929 -0.9756865720336823 0.0015006 -0.9715831078147225 0.16517393356414042 0.16954007278526922 0.0260174 0.18948360774883327 0.9720103320033995 0.13889520104426772 0.00470052
-0.2635053525360727 0.09881339736487976 -0.9595836814400559 0.00133573 -0.9418760255390315 0.18855409982000512 0.27805917347907394 0.0247671 0.20840940885583403 0.9770789445803642 0.04338495543484966 0.0055235
-0.3823515605037455 0.033343907871506595 -0.9234151114142584 0.000950941 -0.8986248813247366 0.21924967938647769 0.3800038167611343 0.024705 0.21512927937510878 0.9750988472441053 -0.05386679179943002 0.00576312
-0.49586615596311023 -0.027938576243844326 -0.8679494174938052 0.000711694 -0.8427500120268296 0.2566027808853493 0.4732097104568799 0.024207 0.20949742862180237 0.9661130621202533 -0.1507858700325747 0.0061464
-0.5995401308239761 -0.0831706433556022 -0.7960114795751285 -0.00103992 -0.7768559427335601 0.29966241978552627 0.553802562659144 0.0234617 0.19247461071819777 0.9504131092593887 -0.24427125491301666 0.00837696
-0.6937115420571469 -0.13191734556964646 -0.7080692835835732 -0.00149118 -0.7013449161800256 0.3474985692383135 0.6223825615533894 0.0233062 0.1639500075179291 0.9283547588692506 -0.3335833280001977 0.00879397
-0.7729770201130051 -0.1698042147968676 -0.6112880295036363 -0.00191051 -0.6210263496281682 0.3995511678297251 0.6743034460488954 0.0242774 0.12974127887735465 0.9008470419128446 -0.41429676275846816 0.00924974
-0.8405688333486528 -0.19977202614453257 -0.5035227641060458 -0.00357289 -0.5348109680584977 0.45386322979492044 0.7127309429823119 0.022317 0.08614676341695604 0.8683889141451722 -0.4883435562619328 0.00578101
-0.8952230377229915 -0.22131321326042985 -0.38677664661450584 -0.00375976 -0.4443251866305792 0.5093916973087769 0.7369499489372285 0.0219648 0.033924051286952445 0.8315891776287293 -0.5543542174413878 0.00512579
-0.937024917743064 -0.227935897996095 -0.2646309315505611 -0.00419562 -0.3486961120707788 0.567396611201258 0.7459705805352187 0.0219158 -0.019882780372142916 0.791268798830108 -0.6111451243711522 0.00463248
-0.9648059389135022 -0.2012639612950684 -0.169240415152684 -0.00489122 -0.2592700468838685 0.620583037197894 0.7400376589951853 0.021716 -0.043915179904814874 0.7578716987894815 -0.6509239165585123 0.00433214
-0.9808777635399077 -0.17982226820634767 -0.07444974714579564 -0.00499216 -0.17688086601311698 0.6640717262359646 0.7264446996519663 0.0223682 -0.08119096151295602 0.7257221880796468 -0.6831803081892007 0.0042503
-0.9882584435183683 -0.1518405996651263 0.017020020798648165 -0.0053344 -0.09609782576364476 0.7042970007087821 0.7033711272693197 0.0223867 -0.1187874433521984 0.6934768684577362 -0.7106190091855829 0.0041038
-0.9908352478275523 -0.12182582403664768 0.05834363941600514 -0.00562803 -0.04958553672986892 0.7298261168322294 0.681832174172501 0.0224681 -0.12564547827010686 0.6726903505977923 -0.729178240214898 0.00409928
-0.9910149334194608 -0.09030843863377427 0.09865995971594024 -0.00570898 -0.0031637220689958653 0.7532586344748499 0.6577168239080966 0.0225434 -0.13371384596327815 0.6514950617622621 -0.7467762662920497 0.00411933
-0.9895575617296043 -0.08277126029603932 0.11800318001124244 -0.00597824 0.013992997900756969 0.7596474077204917 0.6501845983667153 0.0228208 -0.143457408430202 0.6450463040840887 -0.7505566184865388 0.00414713
-0.9810012676187984 -0.11188795299926169 0.1584853270935373 -0.00582404 0.02028035830796867 0.7533079835070023 0.6573551468205858 0.0231363 -0.1929383839395648 0.6480803715267487 -0.73672695895056 0.00405472
-0.9733376548264363 -0.12631208187910514 0.19146557828586158 -0.00589366 0.031816135493306086 0.7523054637640061 0.6580457603488497 0.0230811 -0.2271597306285706 0.6465924119274755 -0.7282284735016649 0.00398273
-0.9699100079586369 -0.11360059448939304 0.21533574109592993 -0.00610146 0.054213379813434256 0.761486513754565 0.6459095902826671 0.0230218 -0.23735097621640658 0.6381482541710627 -0.7324147184399996 0.00407609
-0.9658033293848007 -0.11458123831571333 0.23258346625517412 -0.00613671 0.06371012462639243 0.7646683478393379 0.6412669785921826 0.0231297 -0.25132637937415875 0.6341557045700171 -0.7312192512454669 0.00402532
-0.9573950852660781 -0.12547902039131453 0.26009549429006934 -0.00616819 0.07399833346252982 0.7639974659251553 0.6409618699304273 0.0232146 -0.2791395660832188 0.6329003772329241 -0.7221621806390134 0.00405426
-0.957842479728882 -0.1295374743531935 0.25643288939803055 -0.00629676 0.06883866928584398 0.7630956170709986 0.6426089921701894 0.0231894 -0.27892475981486664 0.6331706894236562 -0.7220082107684034 0.0041043
-0.948824845952389 -0.14992462680533875 0.27794607027390267 -0.00619463 0.07041908928481846 0.7575231326507229 0.6489991181529695 0.0233292 -0.3078515284479226 0.63535919744371 -0.7081992139616949 0.00421223
-0.9551081119383928 -0.1460683702115063 0.2577450789699635 -0.00639321 0.059067549078409665 0.7586461296816209 0.6488197550668188 0.0232094 -0.2903093507886855 0.6349173813519767 -0.7159611719233105 0.00424176
-0.9590188730288642 -0.148241000733785 0.24146926693865892 -0.00662359 0.046861848437212875 0.7574977085465866 0.651153736615032 0.0232779 -0.27944009793781394 0.6357844188466062 -0.7195077514637271 0.00455797
-0.9554323013847379 -0.17311925283684096 0.2391209772643914 -0.00638491 0.030862213938586652 0.7469890333511584 0.6641196487109162 0.0236944 -0.2935926450398112 0.6419011671202319 -0.7083546078259191 0.00483529
-0.9495897098338868 -0.19303385048913826 0.24701683250930723 -0.00642905 0.025352669651059756 0.7380773255609725 0.6742396485184818 0.0235266 -0.312468598612978 0.6465135683480268 -0.695976709971492 0.00521359
-0.9432244502320252 -0.21310867595761437 0.25477898013000777 -0.0063511 0.020179250641136598 0.7288640198309929 0.684361043922993 0.0236479 -0.33154250757339787 0.6506473183126162 -0.6831819910130424 0.00506956
-0.9384847118781148 -0.22883033815927573 0.258617713834461 -0.00669669 0.014868497517439502 0.7214486338877613 0.6923083102513335 0.0234103 -0.34500054109033734 0.6535660219131608 -0.6736661499941792 0.00493695
-0.9334860795774126 -0.2445518008998226 0.26229402568843685 -0.00635186 0.009735842160561073 0.7138594149600791 0.7002213571794841 0.0235968 -0.35848145365223216 0.6562005427836123 -0.6639969089068677 0.00512959
-0.9282034885414041 -0.26021279021953647 0.2659465879941525 -0.00632617 0.004902923442700519 0.7061539161155244 0.7080413886888424 0.0234126 -0.3720406499312716 0.6585104027734663 -0.6541787249963458 0.00494397
-0.9269912333593916 -0.26762178199287945 0.2628037957826883 -0.00628154 -0.00021988834436462157 0.7010426758868974 0.7131192875209966 0.0233585 -0.37508293072859133 0.6609975403799122 -0.6499192616685218 0.00494426
-0.9281369953957865 -0.2701906609072867 0.2560443800128524 -0.00589766 -0.005553005038053754 0.6978232897353438 0.7162484348590161 0.0232825 -0.37219736956718236 0.6633548545548051 -0.6491759815534184 0.00458222
-0.9292397485525251 -0.2727242473956448 0.2492688801124586 -0.00631402 -0.01089508830081401 0.6945851907683102 0.7193279570656683 0.0229731 -0.36931664836689615 0.6657123234910329 -0.6484075227750007 0.00492505
-0.9302334574597563 -0.2727539805374363 0.24550148823062548 -0.00552255 -0.013036136435239598 0.6931384641334127 0.7206865675767904 0.0227323 -0.3667366545210745 0.6672063666061332 -0.6483362480927103 0.00472476
-0.9312234782788092 -0.2727295265670314 0.2417466418398394 -0.00568662 -0.015151746655814063 0.6917198438491298 0.7220069820982442 0.0224764 -0.3641335717502503 0.6686869693390616 -0.6482780876757651 0.0049294
-0.9353029489822013 -0.24999819379435034 0.25041824359411197 -0.00561529 0.0005656426963315114 0.7066428475615418 0.7075701845318637 0.0221975 -0.3538475288504042 0.6619341274550498 -0.6607837295490744 0.00487865
-0.9408470994218918 -0.19661691370122358 0.2759502215183346 -0.0054645 0.04142843916245524 0.7415538499742051 0.6696130016785787 0.0219327 -0.3362891909324103 0.6414356373285156 -0.6895432569657869 0.00477183
-0.9425251824979755 -0.13640233094722576 0.30502571116107835 -0.00463702 0.09007293435958187 0.7753665304369863 0.6250548855692308 0.0216242 -0.32176567071863427 0.6166045309517871 -0.7185163224010391 0.00447512
-0.9408088760244315 -0.07462041668344743 0.3306213123917371 -0.00469709 0.13921890308039667 0.8042986749783434 0.5776865399619178 0.0213873 -0.30902549380065236 0.5895213608021934 -0.7463027598362433 0.00456854
-0.9378741401793795 0.010813111245911347 0.3468071132603433 -0.00474635 0.19954859115320656 0.8344890530357136 0.5136227994670094 0.0210519 -0.2838528790616003 0.5509184122796594 -0.7848034442200793 0.00436828
-0.9279745309299823 0.10356912137604751 0.3579618793149251 -0.00469153 0.26561032525745726 0.8575937702646497 0.4404362386542361 0.0209138 -0.2613702834331157 0.5037919831643384 -0.8233342047051342 0.00431561
-0.9021472442312861 0.23471270070379613 0.36199488650287126 -0.00440092 0.36221682109766706 0.867878421829094 0.3399794397273781 0.0206078 -0.23437005832613755 0.4378321516880316 -0.867971014901092 0.00409902
-0.8632784990292085 0.36239867366013795 0.35130817588443625 -0.00445833 0.4564711322278387 0.8575802445019466 0.23704478412868876 0.0203895 -0.21537023600421717 0.3649977062521824 -0.9057551191542522 0.00401719
-0.8051324488958962 0.5054132430889177 0.31035333644934404 -0.0045333 0.5603578699943029 0.8196789422582631 0.11885070110783028 0.0202112 -0.19432137625682108 0.2695994905943213 -0.9431624024530121 0.00391558
-0.7181298753973363 0.6444187993881931 0.26270495438207137 -0.00415608 0.667603261049881 0.7445159953874304 -0.001348498360452699 0.0199797 -0.19645703829939726 0.1744142872798657 -0.964875270952306 0.00387654
-0.5937947902561217 0.7854009986226571 0.17479421737351986 -0.00412511 0.7769986418336123 0.6161472052465534 -0.12897957999459916 0.0196196 -0.20899965945764193 0.05922746684937846 -0.9761205097308402 0.00369494
-0.4576907329844536 0.8859073964125923 0.07541404326526556 -0.00398219 0.8553369394790398 0.4618737982590777 -0.2346727816436372 0.019734 -0.24273012359981805 -0.04290314048172483 -0.9691446783809022 0.00344796
-0.2557973181363962 0.9655765414595118 -0.04721943050604588 -0.00394398 0.9176483671235572 0.2271545505398798 -0.326070980745749 0.0194355 -0.3041203813454414 -0.12673891569724433 -0.9441652614337123 0.00328343
-0.0580710237265035 0.9822432026121896 -0.17839856256569198 -0.00372304 0.9234423500187104 -0.01504746134671173 -0.38344204268564597 0.0192472 -0.3793177854982249 -0.18700765981415968 -0.9061711498252162 0.00283399
0.13065196926580142 0.9394940892599539 -0.3166716267248736 -0.00373801 0.8768060908966469 -0.25858006601102923 -0.4053978643607692 0.0188234 -0.46275386750788905 -0.2246935818116338 -0.8575381346617476 0.00256029
0.2912465556627258 0.841831188055402 -0.4544179734911791 -0.00370887 0.7820122646167734 -0.4831109745115097 -0.39377735371080647 0.0185771 -0.5510283675125491 -0.2406741305661465 -0.7990267211255736 0.00227099
0.4205963786592454 0.6959547390189949 -0.5820186315709588 -0.00382121 0.6461468811981879 -0.6801164603303259 -0.3463174963896613 0.0180467 -0.6368617543679189 -0.23040963874098436 -0.7357435043537018 0.00236444
0.5142499342002974 0.5276745468359562 -0.6760965743120269 -0.0037941 0.48755380490079087 -0.8284159124603115 -0.2757142783921628 0.0175374 -0.7055765674267758 -0.18784740776496686 -0.6832825615323656 0.0023846
0.5697469845413866 0.3348798796959872 -0.7504957293554698 -0.00384615 0.3077988534737135 -0.9336951817670401 -0.18295675266379738 0.0172006 -0.7620027817575635 -0.1267626669008491 -0.6350456573144326 0.00248319
0.5836869670335713 0.12892007434042688 -0.8016789500462198 -0.00404621 0.11723760635963981 -0.9903503335252498 -0.0739023716905528 0.0167334 -0.8034705148107257 -0.05085106998368165 -0.5931688634034172 0.00287588
0.5621415432083456 -0.08080899523720392 -0.8230837087976492 -0.00403616 -0.07433036816487931 -0.9961239637994139 0.04703238366293414 0.0166425 -0.8236940462136493 0.0347412583723948 -0.565969224604032 0.0035127
0.5007675392627728 -0.283512406209373 -0.8178340828958391 -0.00440019 -0.25810064932117927 -0.9507640745081005 0.17155678198410063 0.0165917 -0.8262057409874931 0.1251734402743892 -0.5492865221441183 0.0038425
0.4171303566669447 -0.46481469759049326 -0.7809926775910038 -0.00406767 -0.41836954478116356 -0.861066219648054 0.28901883914480575 0.0160428 -0.8068266167811454 0.20618501954523122 -0.5536411727541793 0.00438287
0.303818096955698 -0.6223396505599892 -0.7213791813624016 -0.00412033 -0.5563954404010703 -0.7305357762998569 0.3959060411851083 0.0159691 -0.7733813275888662 0.28108866730417315 -0.5682169332658494 0.00471961
0.19357968943126003 -0.7406807379953958 -0.643365330276891 -0.00443749 -0.6568572952454216 -0.5849480607462809 0.4757880409510462 0.0162685 -0.7287423395978624 0.33049630949794473 -0.5997556101327213 0.00537207
0.056605503263814146 -0.8361681001665026 -0.5455444301467955 -0.00418786 -0.7359592695335023 -0.40418373375019306 0.543138530173902 0.016509 -0.6746552976060916 0.3707538504664445 -0.6382646878657328 0.00505664
-0.042020846915133955 -0.8969675465796834 -0.44009484069613736 -0.00456895 -0.7755820398859097 -0.24839812814369377 0.5803196268791193 0.0166345 -0.6298466065884185 0.3657151764933098 -0.6852340197709985 0.00577073
-0.10425856843753936 -0.9332811094431964 -0.3436808427361521 -0.00472095 -0.7980127933684956 -0.1277327135608272 0.5889481602879821 0.0167377 -0.5935534790796579 0.3356646014146628 -0.7314530352863197 0.00597558
-0.16265087176208806 -0.9576850570875604 -0.23745320664549702 -0.00482736 -0.8104735703603658 -0.007579031583438764 0.5857261732478567 0.0170227 -0.562740869017307 0.2877184208761294 -0.7749456914043672 0.00609955
-0.22051271465418373 -0.961964371211633 -0.161241096483651 -0.00507321 -0.8200344939517377 0.09333282133483126 0.5646524711634566 0.0173555 -0.5281264729259083 0.25673631021164106 -0.8094250401450105 0.00602667
-0.27056857185087446 -0.961393052781469 -0.05016020325023968 -0.00497827 -0.817086901217904 0.2017790835575778 0.540050180350666 0.017224 -0.5090792116996146 0.1871058510634855 -0.8401367488171835 0.00626858
-0.32115488931844094 -0.9451563930872033 0.05948890378253263 -0.00512005 -0.8082207560884185 0.3062823073691954 0.5029615866251282 0.0172617 -0.49359775778940146 0.1134484058900308 -0.8622590751660927 0.00624912
-0.37302528171970106 -0.9143726995376238 0.1573998269955072 -0.00515634 -0.7952698464340602 0.40248129646781694 0.4533813817817524 0.0174934 -0.47791004441284096 0.043947381422140885 -0.8773087353466013 0.00631827
-0.4234975659705723 -0.8688216413047916 0.2565127038129865 -0.00454975 -0.7753890176116371 0.4940676238659374 0.3932798677973829 0.017744 -0.46842468229616285 -0.03234406665703635 -0.8829111950631412 0.006154
-0.4695424476899335 -0.7982357809411812 0.3772923638805439 -0.00385846 -0.7435309503627846 0.5879396499465266 0.31857290197593724 0.0177368 -0.47612142954288517 -0.13094504971925552 -0.8695756311466307 0.00597665
-0.5106661141255433 -0.7087125300825329 0.4867716811688341 -0.00401348 -0.7070262577114047 0.6683003727059442 0.23127577207243943 0.0177881 -0.4892177335200805 -0.22605566028107232 -0.842356722335831 0.00557953
-0.5459867284872852 -0.602332430069215 0.582317899435236 -0.00392628 -0.6667022814345736 0.7332909759007371 0.13338820259857698 0.0179558 -0.5073525009750972 -0.31540448371806423 -0.8019435462704687 0.0054658
