1.0 0.0 0.0 0.0 0.0 -1.0 0.0 0.0 0.0 0.0 -1.0 0.0
0.9996032054248958 0.01602079030717585 -0.02316821059570894 0.170182 0.015812161927464343 -0.9998330184269837 -0.009160283749226804 0.0196951 -0.023311096916560293 0.00879030950081975 -0.9996896134398048 0.0976772
0.9982448138845612 0.03808777591017338 -0.04534989392263404 0.377699 0.037165779926933325 -0.9990883632929659 -0.021003502922260702 0.075333 -0.046108528007305805 0.019281173688317586 -0.9987503391670014 0.209805
0.9969957274932897 0.04098371207988281 -0.0657256015893309 0.566729 0.03910403458691939 -0.998795587578768 -0.02963526129813809 0.118066 -0.06686100387483875 0.026976092699595635 -0.9973975619498534 0.341411
0.9953784973967834 0.04516873825676166 -0.08474333014706471 0.749123 0.042154201365276485 -0.9984245955395996 -0.037031747580191794 0.166251 -0.08628250244040199 0.03328831785896479 -0.9957144257600885 0.46986
0.9930394477766911 0.053062065110754765 -0.10515261482981347 0.94016 0.048472221122719476 -0.9977768543199934 -0.04573612098472511 0.227896 -0.10734569827801799 0.04032079152845648 -0.9934038125715665 0.592706
0.9898449147842626 0.06306047376028986 -0.12739867081278458 1.13928 0.056365114435447665 -0.9968666553878328 -0.0554963534888147 0.298655 -0.1304991132169692 0.04775194263068656 -0.9902978003734942 0.714077
0.9864607832006612 0.07115928399768404 -0.14775479521178037 1.32535 0.06228230610766253 -0.9960130691926755 -0.06386611263649906 0.360914 -0.1517103739137493 0.05379890610712742 -0.9869597966222469 0.841627
0.983089215667592 0.08174388958990302 -0.16387046882459455 1.4989 0.07083289673557809 -0.9949320515861967 -0.0713646513795753 0.43058 -0.1688736059250397 0.05855039915487455 -0.9838971267265085 0.957956
0.9789390889567933 0.0890072609627871 -0.1837279717635452 1.68826 0.07564685902305537 -0.9940397015994806 -0.07850238444761934 0.488567 -0.18962018044604254 0.06295060873349961 -0.9798374395927583 1.07617
0.9747679610973409 0.09544931367747415 -0.20178416820115447 1.87519 0.07963523360235085 -0.9931844343936785 -0.0851052809595729 0.544181 -0.20853213562238232 0.06688877182762423 -0.9757254944994315 1.18627
0.9715079958421343 0.09635254887619026 -0.21653729549401052 2.05906 0.07913894078612642 -0.993075105021206 -0.08682663092836379 0.57428 -0.22340376466400258 0.06721623399285093 -0.9724056436599743 1.27733
0.9681407233926621 0.09603826822428244 -0.23125784472145716 2.24001 0.07755060609410594 -0.993117524230502 -0.08776950814898717 0.599269 -0.23809544977418118 0.06703904908901294 -0.9689253442314693 1.37049
0.9660029430123651 0.09695308542857278 -0.23966312465068362 2.40495 0.07809185516540601 -0.9931426063564748 -0.0870024459213262 0.624928 -0.24645481583502177 0.06532888079056542 -0.9669499268764528 1.44457
0.9625988177698392 0.0999999452883191 -0.2518005698374029 2.57187 0.07985619715116102 -0.9928243135833617 -0.08901050575230703 0.660934 -0.2588947736140352 0.06557357165855589 -0.9636771258545456 1.53507
0.9590872526219889 0.10236994696838597 -0.26395460938520277 2.73361 0.08096910188175493 -0.9925767662385236 -0.09074892651672058 0.692343 -0.2712851754122718 0.06566397095184699 -0.960256526413837 1.62497
0.955363152136945 0.1047422213113751 -0.276243216412131 2.89414 0.0818828162005568 -0.9922879755611256 -0.09305792802265114 0.723802 -0.2838599160678139 0.06628454293092778 -0.9565719562157422 1.71421
0.9521682916595078 0.10582179561240294 -0.28666581925925755 3.05414 0.08215446144911627 -0.9922332368947198 -0.09340154209344027 0.745354 -0.29432327264798513 0.06538311077636062 -0.9534667587299444 1.79298
0.9492919727222718 0.10641378537775643 -0.2958392414921221 3.21009 0.08213703050178246 -0.9922397311172936 -0.09334786667423003 0.763261 -0.3034769492818303 0.06431502370253284 -0.9506657241011353 1.86643
0.9459691764224016 0.1082650443383894 -0.30564848671820616 3.36305 0.08266811106164032 -0.9919886570758045 -0.09552218405397632 0.786037 -0.31354154536874884 0.06509365873376609 -0.9473407596638226 1.94043
0.9423034776687643 0.11030147672120148 -0.3160660377302098 3.5132 0.08317689236899976 -0.9916940784930878 -0.09810432843448144 0.809586 -0.3242618703288871 0.06615465905638865 -0.9436513130049385 2.01171
0.9393074971896561 0.11193717764822445 -0.3243015479202247 3.65932 0.08336878299115788 -0.9914145981990187 -0.10073103047448415 0.831271 -0.33279283607956045 0.06758078675206489 -0.9405752311836063 2.07604
0.9362825081351696 0.11279807879134657 -0.33264344030973697 3.81167 0.08325133995792458 -0.9913127141676619 -0.1018249337085659 0.846017 -0.34123932855889644 0.06764389218935393 -0.93753934557124 2.14397
0.9330199126295445 0.11084174124682404 -0.34232725721760615 3.97016 0.08026985014189732 -0.9915134165112464 -0.10226385498500083 0.860726 -0.35075717212190305 0.06793565540692191 -0.9339990112036939 2.21052
0.9298046743311495 0.10815506944180034 -0.3518035652832196 4.13357 0.07670928343292135 -0.9918048212282201 -0.10217084918735957 0.870262 -0.3599707674619606 0.06801233375276709 -0.9304812566786874 2.27801
0.9274348679677036 0.10490700427398668 -0.3589694779949775 4.28544 0.07333666907845733 -0.9922304171508121 -0.10050140421508025 0.868645 -0.36672373613689874 0.06688288073179752 -0.9279226161802563 2.33983
0.9241427499941055 0.10261585631881562 -0.3680083744499417 4.4493 0.07012844454240871 -0.9924493872504756 -0.10062909625062895 0.872238 -0.37555582660823494 0.06718779485972305 -0.9243611963526452 2.40453
0.9220399440424344 0.10323966544663876 -0.3730736027497665 4.59651 0.06966505897626693 -0.9922986913506521 -0.10242112429385127 0.886987 -0.3807743703928321 0.06844617317461497 -0.9221312272283663 2.4653
0.9199881239763265 0.10409890396319878 -0.37786938210998255 4.74259 0.06945678708617357 -0.9921264430805593 -0.10421552508136075 0.899369 -0.38574292795874465 0.06963145218921185 -0.9199749205254654 2.52686
0.9190289173487375 0.10505351142675372 -0.3799336900219775 4.88108 0.06982944638895779 -0.9919778124228701 -0.10537489301417485 0.908318 -0.3879557932211076 0.0703120146038076 -0.9189921235291055 2.57743
0.9178429217672275 0.1035921856267776 -0.3831879826388956 5.02745 0.06861547579128946 -0.9922195146615334 -0.10388624166253389 0.901244 -0.39096839698847047 0.0690586258326842 -0.917809685476443 2.63241
0.9174974169075392 0.1045827107974009 -0.38374594013521474 5.16424 0.0694357430802214 -0.9921119307072237 -0.1043675933002286 0.906631 -0.3916339713953452 0.06911131275450957 -0.917521911944591 2.68146
0.916769833533127 0.10293842734551946 -0.38592324690185953 5.31279 0.06825841608600404 -0.9923829592460581 -0.10255169833535735 0.893575 -0.3935401643505684 0.06767379384715622 -0.9168131743541102 2.73579
0.9161607539324643 0.10225118018820561 -0.38754892478759057 5.46666 0.06815084243443009 -0.9925725185499938 -0.10077330050563714 0.890425 -0.39497460124592304 0.06591275725867542 -0.9163244909971482 2.79113
0.9159874851556584 0.10292170267578617 -0.3877809306251784 5.61765 0.06919979753518042 -0.9925797734790562 -0.09998390521156418 0.900938 -0.3951940220439858 0.06474964400351622 -0.9163128115125942 2.84596
0.9159710388498863 0.10485641625509742 -0.3873011592525868 5.77312 0.0713720603564518 -0.9924351524507491 -0.09989242804403634 0.918938 -0.3948456470429107 0.06385608937443413 -0.9165256760511782 2.90084
0.9160004883482509 0.10487525582768323 -0.3872264015544961 5.93723 0.07230148734047184 -0.9925768290623087 -0.09779434204987625 0.924716 -0.39460816042515073 0.06158262030549366 -0.9167834971257871 2.96135
0.9165469683952486 0.10581968355694445 -0.38567324161443606 6.10233 0.07429660569249948 -0.9926251226428088 -0.09578820533302676 0.939577 -0.39296522633440767 0.05914017644763143 -0.9176495902149636 3.02213
0.9172864852523239 0.10663758737518975 -0.3836846738302648 6.2881 0.07625691926798228 -0.99268635056594 -0.0935878820351869 0.960579 -0.39085852458043474 0.056588288177629106 -0.9187096273599897 3.08518
0.9193680628975812 0.1072395147588606 -0.37849973764618766 6.4675 0.0781690209009924 -0.9927414465101775 -0.09140035312984406 0.988114 -0.3855541065730321 0.054443611702054626 -0.9210775885068024 3.13885
0.9213229388784436 0.10765757814695041 -0.3735958888477244 6.66211 0.08029487233887146 -0.9928704477879369 -0.08809657987383236 1.01816 -0.3804165818842185 0.051167565673143525 -0.9233986703751595 3.20149
0.9247637023150732 0.1083769669152592 -0.3647828503682262 6.85425 0.08292427543723822 -0.9929429421402927 -0.08478135524387892 1.05395 -0.3713969028192453 0.04815336640390327 -0.9272246728168119 3.24795
0.9284613982696589 0.10853462843275072 -0.35521777313940006 7.04723 0.08574410349752914 -0.9931534599669521 -0.07933570237337263 1.08983 -0.3613964314136964 0.04320230765406051 -0.93141085455067 3.29484
0.933091791699502 0.10857775121507528 -0.34285650089226877 7.25927 0.0883143940563018 -0.9933235639046726 -0.07422172993260225 1.13143 -0.3486262699015686 0.038976522841283764 -0.9364510422877009 3.33143
0.9377429819429315 0.10883562489118817 -0.32983769731691265 7.49179 0.0909293140451215 -0.9934440300024239 -0.06928794339440934 1.18031 -0.3352162878859892 0.03498236708811718 -0.941491515802904 3.36727
0.942856500933522 0.1086092635863127 -0.315001026205685 7.72775 0.09355146252361479 -0.993645595976561 -0.06258237336565335 1.22248 -0.31979640790210334 0.029537390873673824 -0.9470257652425765 3.39288
0.9471201358088077 0.108883455724405 -0.3018407550597113 7.99964 0.0960478485076888 -0.9937380344969395 -0.057092290120496526 1.28161 -0.30616704450764975 0.02508210245713898 -0.9516473238515306 3.4314
0.9474814339898479 0.11032171945815188 -0.300180030082512 8.34292 0.09794575492054484 -0.9936139288942907 -0.0560177596865115 1.36564 -0.3044430346347006 0.023674427618171113 -0.9522362942775107 3.54891
0.9478934489312149 0.11178833013384373 -0.2983309885331613 8.69147 0.09973861295843073 -0.9934721711239619 -0.055364738664329324 1.44366 -0.30257266657517956 0.022724754082891485 -0.952855375696363 3.66288
0.9483579991109216 0.11300725360651151 -0.29638904526760557 9.08157 0.10218094582402287 -0.9934151695679937 -0.05182041279942261 1.52797 -0.30029345619383263 0.018858990018239357 -0.953660410556428 3.79101
0.9503369234205963 0.11340589889409894 -0.28982552351284996 9.44043 0.10417729308988227 -0.9934415625530182 -0.047126992230389866 1.60211 -0.2932691998624146 0.014593282298368319 -0.9559185177219969 3.90593
0.9509208316854972 0.11470176694328299 -0.28739011208921394 9.84471 0.10603493400359781 -0.9933163876625198 -0.04559766191303094 1.69526 -0.29069944038029183 0.012886375020587114 -0.9567276397708043 4.03833
0.9512866291072514 0.11579619773671092 -0.2857358743166192 10.2585 0.10727222189503648 -0.9931943296975815 -0.045361810659113995 1.78735 -0.2890439753592251 0.012500561839045306 -0.9572342013646625 4.17217
0.9515654613743166 0.11676582410281384 -0.2844097660789355 10.6635 0.10854176375270612 -0.9930924745813733 -0.04456481180591085 1.87325 -0.2876488453669435 0.011535998068448926 -0.9576664672565439 4.3008
0.9523829146723902 0.1167281806022684 -0.28167590541863263 11.0349 0.10926139692268792 -0.9931199288376239 -0.04212783032694098 1.95672 -0.28465546013141063 0.009345522930093247 -0.9585843365184609 4.42837
0.9528060860079576 0.11641744349713308 -0.2803703645462342 11.4021 0.10951947810083205 -0.9931712988897122 -0.040202673769825656 2.03926 -0.283136091628598 0.007599336241638759 -0.9590496356841852 4.5524
0.9530006140532132 0.11637369248634566 -0.2797266403317572 11.7316 0.11021957194018225 -0.9931924835146602 -0.03768735399712362 2.11921 -0.2822082131609953 0.005084720943668027 -0.9593397052334502 4.66085
0.9530205350400632 0.11671268911386534 -0.2795174556119183 12.0361 0.11104756276329039 -0.9931601004512379 -0.03607566598164401 2.19613 -0.2818160722816986 0.0033411183002532534 -0.9594626299821266 4.76063
0.9529272868880481 0.11752257844593676 -0.2794960276275894 12.2895 0.112009881078923 -0.9930665742692746 -0.03567303757423175 2.2641 -0.28175055003472327 0.0026874940940703994 -0.959483926353446 4.8387
0.9528210931675598 0.11879418096328495 -0.27932043782050436 12.4914 0.1139098081811348 -0.9929188528028672 -0.0337150908166516 2.32298 -0.28134768528479676 0.000307112194961285 -0.9596058491208703 4.89922
0.9524891838447567 0.1205465510797931 -0.2797014188049751 12.6409 0.11614995919309605 -0.992706190230779 -0.0323049045337444 2.37631 -0.2815555746885353 -0.0017172362269199434 -0.959543385919339 4.93912
0.9521097445384747 0.12207074979980324 -0.2803315294400433 12.7316 0.11803356990905133 -0.9925159778906887 -0.03130670864551213 2.41816 -0.28205515547389864 -0.0032811088070536162 -0.9593925805402035 4.9608
0.9518298931553538 0.1234527713286467 -0.28067644672673264 12.7676 0.1202525372240406 -0.992329376583385 -0.028665932058994106 2.45765 -0.28206237215737984 -0.006466963809006868 -0.9593742734678915 4.97204
0.951382626734121 0.1245289729124261 -0.28171551688513813 12.7185 0.12213751903438644 -0.9921698041736486 -0.02610567237495362 2.49149 -0.282760541788647 -0.009571551149096821 -0.9591427742604284 4.96121
0.9510493641541284 0.12443501900843988 -0.28287989144935255 12.5993 0.12311781557402827 -0.9921369103532467 -0.022502324390901208 2.51779 -0.28345565866693834 -0.013426733001105997 -0.9588913454665284 4.93155
0.9509307586690927 0.12233992633792934 -0.2841894344282595 12.3912 0.12270907774342163 -0.9923042546265528 -0.016575538887174557 2.53792 -0.28403023510954406 -0.019110433633786367 -0.9586248572147218 4.88305
0.9507948368958062 0.11866036577037388 -0.286197302096855 12.13 0.12068498691348979 -0.9926340371516548 -0.010620839029871536 2.55859 -0.28534945604638573 -0.024441478745131716 -0.9581118421409806 4.82458
0.9506479554814993 0.11517335364185131 -0.2881033900351312 11.8367 0.11912434323500608 -0.9928719076814367 -0.0038426274674649465 2.57595 -0.28649233076589387 -0.03066714117609119 -0.9575915992031321 4.75514
0.9505489290028897 0.11201921201468616 -0.2896695180909943 11.4913 0.11757705504003647 -0.9930621354240206 0.0017975859359719848 2.58961 -0.2874584660426134 -0.0357671822582345 -0.9571250383172172 4.66588
0.9496051849368554 0.10889123586660394 -0.29392633684731984 11.1465 0.11538827025136981 -0.9933088708338214 0.004799396965822045 2.6047 -0.29143702549510986 -0.03847318383344852 -0.9558160253397514 4.57623
0.9493843202919703 0.10606999476937481 -0.29566631291606155 10.7822 0.11355042235573726 -0.993498446936137 0.008193748734092295 2.62138 -0.2928749118080743 -0.04135205128054177 -0.9552561404609259 4.479
0.9490232594405954 0.10433795300988016 -0.29743645473017727 10.4175 0.11308148178389893 -0.9935096762565028 0.012292341610017507 2.63318 -0.2942234380845729 -0.04530027313833408 -0.9546624815793727 4.37324
0.9487927416926943 0.10273147528946758 -0.29872826665066354 10.0543 0.11187372001503815 -0.9936291206311326 0.013617687167761228 2.6464 -0.29542613980698673 -0.04634020520726759 -0.954241049892579 4.26668
0.9479621238658031 0.10133234576040637 -0.3018270488517041 9.71126 0.11036805166831457 -0.9938059227640252 0.012987726902131538 2.66745 -0.2986414319661218 -0.04562393650089343 -0.9532742268263559 4.17312
0.9476074727881195 0.10008730198716506 -0.3033522861246373 9.40044 0.1083538966790866 -0.9940569564200036 0.010497641042516482 2.69965 -0.3004987696989318 -0.04281704536664954 -0.9528206494590151 4.08409
0.9455021327942934 0.10032416907828401 -0.30977536696805663 9.13113 0.10696246020707795 -0.9942529981280182 0.004473010160532601 2.74969 -0.30754633632656325 -0.03736357600924784 -0.950799250210006 4.0252
0.9450992056235417 0.09997821396045796 -0.31111388310878596 8.86689 0.10488705553185544 -0.994483679065775 -0.0009579424084021782 2.78789 -0.309493452453534 -0.03172646852514842 -0.9503721555702875 3.94715
0.9447597655102697 0.09910710739349636 -0.3124208167473385 8.6417 0.10219111090828766 -0.9947433522558684 -0.006529930634202779 2.82478 -0.3114256931023998 -0.025757414599517338 -0.9499213616236022 3.88118
0.9431905113073749 0.0982877268042685 -0.3173817608801463 8.46434 0.09879192224495004 -0.9950017836082092 -0.014546708068502369 2.87823 -0.31722518102899816 -0.017634437221866882 -0.9481862744972569 3.85339
0.9427561379594527 0.09833049956434303 -0.3186565191475042 8.32098 0.09590485476628688 -0.9951169749755107 -0.023333772687798543 2.94796 -0.3193949329154024 -0.008562649765999193 -0.9475830084256207 3.81712
0.941497604259884 0.09852418005621598 -0.3222968307587736 8.23235 0.09251502125408946 -0.995132342412807 -0.03394984427586724 3.02817 -0.3240728807155183 0.0021463989029515303 -0.9460296829151268 3.81668
0.9409753188937958 0.09890212117442154 -0.3237032895413936 8.17263 0.08878609099543669 -0.994992098558101 -0.04591028046849768 3.11737 -0.32662283949299886 0.01446009108360385 -0.9450441399677502 3.81411
0.9408631357906058 0.0992343031419232 -0.32392763511346934 8.14729 0.08498653113033995 -0.9946997811943689 -0.05787602973862344 3.20855 -0.32795403524991085 0.026923936781443343 -0.9443099344979321 3.8182
0.9409217248167041 0.0967090028035754 -0.32452068739095224 8.11631 0.07730769031091313 -0.9943905771444592 -0.07218657150122137 3.31259 -0.3296814049756978 0.04283396856522917 -0.9431200466272587 3.82707
0.9410317249405958 0.09419874753046271 -0.32493982307347113 8.13331 0.06908954427664134 -0.99372235934143 -0.08799151900352575 3.43513 -0.33118865851199164 0.06035286661455247 -0.9416324144614147 3.854
0.94182124071052 0.090085380316206 -0.32381688467370073 8.17948 0.059454817963025014 -0.9928726068673235 -0.10329138954176306 3.57027 -0.33081395854389195 0.07802955072130818 -0.9404645203551012 3.90416
0.9431104512034452 0.08467170839782852 -0.32151730688693464 8.2433 0.04862039472992134 -0.9917557492360238 -0.11856049541731796 3.71227 -0.3289053572794776 0.0961833439545867 -0.9394519840303563 3.96812
0.9456887679639756 0.07727307291138129 -0.3157556434168841 8.31167 0.036730644794817496 -0.9905162381100503 -0.132395021708791 3.85937 -0.3229916622449178 0.11360657658404572 -0.9395583706599173 4.04842
0.9478059265354601 0.07075080852965385 -0.3108990973236453 8.40777 0.024936387234480446 -0.9885321155800517 -0.1489376817951682 4.01478 -0.317871203816812 0.13341131720820015 -0.938700867276058 4.132
0.954596435249616 0.056260695451236034 -0.29254124488022026 8.39254 0.009059675090063658 -0.9870331600512082 -0.16026061040252146 4.1365 -0.2977642827741236 0.15033387877211699 -0.9427280396791763 4.25361
0.9618895334297339 0.039236574805787065 -0.2706086042161984 8.36386 -0.008180103377277028 -0.9850792342595707 -0.1719069170781542 4.24415 -0.27331595523691316 0.1675690706189188 -0.9472164457951762 4.37545
0.9688601778896927 0.02099985056992347 -0.24671635935947717 8.33524 -0.02552001903237007 -0.9826218803324548 -0.18385583733049987 4.34909 -0.24628983805293564 0.18442680544853735 -0.9514872931909847 4.50022
0.9753478636855814 0.001190326778210609 -0.2206697258940021 8.30249 -0.04300347891315699 -0.9797887071463364 -0.19535810745878124 4.44989 -0.21644224542666943 0.20003167866783533 -0.9555836341859302 4.62564
0.9809796831308556 -0.021018289501033086 -0.19296914984249974 8.26945 -0.061865873102127295 -0.9761317592434057 -0.20818117672278968 4.53045 -0.18398770347443832 0.21615970971211235 -0.9588657387076555 4.74092
0.9854142621439914 -0.0430711884520064 -0.1646317244292378 8.24268 -0.07931475201575854 -0.9721793270383923 -0.2204008307422124 4.61249 -0.15055863334890984 0.2302438463987917 -0.9614155548562744 4.85242
0.9885955090709934 -0.06747181298422374 -0.13463459398418068 8.21299 -0.09771878685977249 -0.967652559340468 -0.23259312779292532 4.6802 -0.11458602942469732 0.24309685077035378 -0.9632102382170876 4.96319
0.99030626006588 -0.09100704002188177 -0.10493440780213939 8.18757 -0.11448840137494136 -0.9625725002126678 -0.24565542490436487 4.74699 -0.07865060219057707 0.25528787770042927 -0.963660823253841 5.06399
0.9904380877638881 -0.11554668326501374 -0.07537478552584623 8.16611 -0.1313589891994559 -0.9568179551603564 -0.2593148986064073 4.80351 -0.04215697170231693 0.26673650794221754 -0.9628470413662189 5.15802
0.9890204617093314 -0.14037302248746458 -0.04619459793086743 8.14598 -0.14767125296570882 -0.9506898428620225 -0.2727306798409747 4.85306 -0.005632705193632015 0.27655783705531906 -0.9609807674430768 5.2482
0.9862943900391905 -0.16404587780165994 -0.017672751724174925 8.12772 -0.162179682806847 -0.9441849730835463 -0.28672719976990974 4.90379 0.030350068564864458 0.2856635898736591 -0.9578492505392495 5.32617
0.9823903783155463 -0.18661946174502483 0.009073097102699601 8.11204 -0.17535143865229116 -0.9376626990384236 -0.30006755205211727 4.95036 0.06450594976906836 0.29319249535070907 -0.9538748047382397 5.39596
0.9770997186058162 -0.20986615202753364 0.035104673956473875 8.09687 -0.18864396035262035 -0.9307090931392036 -0.31335928288544407 4.98891 0.09843574616425277 0.2995609824078512 -0.9489855750726296 5.46336
0.9709684073584888 -0.2318172715501856 0.05900088577934847 8.08421 -0.20063254829789895 -0.9235370820687827 -0.32684222280386294 5.02316 0.13025717820992236 0.30551597446763107 -0.9432354196434116 5.52267
0.9642476145214609 -0.25236765597370003 0.08085235994089891 8.0726 -0.21146105786288785 -0.9166304364091851 -0.3392239143336085 5.0539 0.15972087808793467 0.3099987246210009 -0.9372246432078983 5.5745
0.9569532317481397 -0.27220507178076303 0.10072194966153608 8.06213 -0.22180635507208993 -0.9096877721924943 -0.3510984163636892 5.07814 0.18719629562687756 0.31364399567070644 -0.9309054682852005 5.62053
0.9498624823611278 -0.28970183757892937 0.1176184930448757 8.05638 -0.2303464194922233 -0.9027487130432826 -0.36329779537702866 5.10004 0.21142798213545094 0.3179899470141915 -0.9242189145262302 5.65333
0.9427799111206057 -0.30570532626599495 0.13308002359492116 8.05066 -0.23781781690521736 -0.8963256009594165 -0.3742233330875796 5.11951 0.23368509826229766 0.3211614400225261 -0.9177399437165181 5.68432
0.935846753748055 -0.32031775314777744 0.14692647997412206 8.04552 -0.24506036061745615 -0.8911338395642776 -0.38187157479638373 5.13569 0.2532514030627845 0.3213674174551416 -0.9124618950098373 5.70723
0.9293857662181606 -0.3332919725043272 0.1586144968634871 8.04287 -0.2536560695483644 -0.888881436850604 -0.3815080465778947 5.1464 0.26814305124757126 0.3143346183394069 -0.9106552870219673 5.71863
0.9233597726075382 -0.3452195195661223 0.1680184919605308 8.0419 -0.2618682122729422 -0.8863104957557109 -0.38194076047764164 5.15355 0.28076995874047583 0.30867003162568546 -0.9087854762511722 5.72853
0.9180093467334116 -0.3553483490320539 0.17602951499759378 8.04074 -0.26906018078286975 -0.8842193350244489 -0.3817889294964043 5.16005 0.2913167664711112 0.3031232726286692 -0.907331705146305 5.73856
0.9133246265553155 -0.36373792715896186 0.18311976101364694 8.03749 -0.27481982889576334 -0.8823618885930199 -0.38198371588886143 5.16969 0.3005198631925962 0.29855019327520255 -0.9058452372905884 5.75229
0.909891377198802 -0.36954795980480093 0.18849930266018475 8.03442 -0.2787652094744735 -0.8811636250772603 -0.3818908532910338 5.18123 0.3072257145584002 0.2949321468487459 -0.9047802987848872 5.76458
0.9069577110584279 -0.3749386645467715 0.19196017342027016 8.03296 -0.2827570446283594 -0.8797089461659191 -0.38230959149448956 5.18572 0.31221172954373866 0.292460540694862 -0.903875360916413 5.7756
0.9053798328701982 -0.3777313891772305 0.1939235825323245 8.03083 -0.284768936418496 -0.8789558391405182 -0.3825484096057198 5.19596 0.3149508074017436 0.2911282028093922 -0.9033550566892082 5.7861
0.9046028012195109 -0.37897890633157844 0.1951121743549975 8.02764 -0.2856879691021375 -0.8787558406667255 -0.3823225821272038 5.2047 0.31634815684007134 0.29010887792316364 -0.9031947091375438 5.8002
0.9054511368870776 -0.3771808520197936 0.19466084244018206 8.02343 -0.2843941066614238 -0.8795631816311938 -0.3814296810882216 5.21877 0.31508448201418865 0.29000554199607 -0.9036694942319433 5.81612
0.9069664060315894 -0.37397108525297074 0.19379774437505043 8.01874 -0.2816248683431063 -0.8805514633660629 -0.3812040843099836 5.23171 0.31320819251876236 0.2911610340663742 -0.9039501537034713 5.83011
0.9099496484552436 -0.3682295074381801 0.19078434717768156 8.01283 -0.2773534707844057 -0.8823524065541115 -0.3801700710103464 5.24702 0.3083288658559602 0.29302092160800264 -0.9050259940907632 5.85198
0.9142219131123711 -0.3594581195491695 0.1870512065594107 8.00777 -0.27057917350359906 -0.8851529764215876 -0.3785381344040703 5.26372 0.30163753819984945 0.2954556965471807 -0.9064881283980254 5.86718
0.9187907303117893 -0.3505053342952609 0.1815753411774193 8.00162 -0.26371449223094756 -0.8872938103775156 -0.3783706656879238 5.2784 0.29373161300837597 0.2997594113557012 -0.9076706642958012 5.89461
0.9248599663372487 -0.3373366726291365 0.17560755099415887 7.99149 -0.25593141638734834 -0.8936161655631544 -0.36871297610766396 5.30151 0.28130615487868205 0.29606438141679225 -0.9128048692265304 5.92641
0.9317043787561461 -0.3223347489885522 0.16741344092130186 7.98139 -0.24870390416013644 -0.9020715858387929 -0.3527225851540985 5.32496 0.2647136540908475 0.2869968007082512 -0.9206299569974348 5.959
0.9388102922955445 -0.3064290294582906 0.15727836782343735 7.973 -0.24100476645429675 -0.910639316273172 -0.33563780806673127 5.34485 0.24607303311469186 0.27719539239096336 -0.9287684193656435 5.99414
0.9468751614789325 -0.28625010852991994 0.14658889432987582 7.96062 -0.22972343681025278 -0.9210041335907392 -0.3146085321297858 5.37367 0.2250657040829016 0.2642201000593667 -0.937834296435296 6.03137
0.9548488209331296 -0.26551685957708415 0.13328363156417655 7.95011 -0.2180044964680907 -0.9309801368942536 -0.29283105065558035 5.39918 0.20183599451610806 0.2505529524645036 -0.9468291553015327 6.0716
0.9625777702407358 -0.2436674076618936 0.11861800319389221 7.93956 -0.20502866863249447 -0.9409999571620663 -0.2692254179303596 5.42513 0.17722099558788296 0.23483031121284703 -0.9557444447437388 6.11332
0.9702518076839992 -0.21925509369390644 0.10265784711948572 7.92613 -0.18927550317676017 -0.9513739497879972 -0.2430275530921735 5.45594 0.15095103041422286 0.2163673070361169 -0.9645719127482526 6.1581
0.9773012439627021 -0.19365855233642923 0.0858990317518976 7.91133 -0.17150622564465293 -0.9612479928055052 -0.21584232877846968 5.48911 0.12436998477960996 0.19621075769270682 -0.9726425065004992 6.20472
0.9835689427336702 -0.1676378541688499 0.06700510980092052 7.89833 -0.15256497414869025 -0.9702569873756532 -0.18795027829649766 5.52255 0.09651975731827901 0.1746394236659777 -0.9798903041406399 6.25534
0.9888200262014835 -0.1415840560276906 0.046785797648912025 7.88391 -0.13250839334850653 -0.9782238960276073 -0.15974834876381772 5.55632 0.06838480441658541 0.1517628555322963 -0.9860484542889303 6.30691
0.9929355112743298 -0.11579586742340056 0.02589184307939077 7.86799 -0.11147323957103442 -0.9851197707618565 -0.13081572578878328 5.59093 0.040654486959305264 0.1270053319422835 -0.9910685437184988 6.36413
0.9959688287720738 -0.08961411531707805 0.00392459556141498 7.85209 -0.08874569987160943 -0.990794341216287 -0.10222902801103916 5.62775 0.013049630978746587 0.10146863431485141 -0.9947531469573732 6.42535
0.9977252400531433 -0.06457945290088705 -0.019334932736366765 7.83825 -0.06583945731472653 -0.9950977109870893 -0.07379506385089572 5.66315 -0.01447450245777103 0.0749001992739511 -0.9970859787036033 6.48631
0.9982954561844011 -0.03949408955277256 -0.042969745775098024 7.82273 -0.04144805806591055 -0.9981007029487721 -0.04557461196469477 5.70368 -0.04108820565738885 0.04727794055968569 -0.9980363498852591 6.54787
0.9976254073887622 -0.015659774362123183 -0.06706950126050956 7.80754 -0.01688519201017175 -0.9996999915045127 -0.017743090955540032 5.74527 -0.06677152703949293 0.01883343974966665 -0.9975905295881723 6.61386
0.9958637750176079 0.008579251718257817 -0.09045296041387606 7.7871 0.009517177119029288 -0.9999052756586296 0.009942989979135983 5.7949 -0.09035908890291271 -0.010762720380784008 -0.995851092735576 6.68168
0.9929764480697706 0.029692478989631406 -0.11452567515711322 7.77091 0.03400502700819175 -0.9987771307400445 0.035887341066964965 5.83672 -0.1133200411088633 -0.039529733140192314 -0.9927718612455486 6.75283
0.989148725216988 0.05044930501354767 -0.13798429992306263 7.75329 0.05932677745915469 -0.9963732555570864 0.06099728753710988 5.88619 -0.1344065953661486 -0.0685215530634191 -0.9885543302661001 6.82995
0.9844397503129437 0.07067168416312257 -0.16088471357259682 7.73581 0.08514470874140355 -0.9927438870228681 0.08491144417608426 5.94288 -0.15371648114997372 -0.09728868298149876 -0.9833138642298273 6.91631
0.9791076506202655 0.08827411963543103 -0.18318266375247894 7.72176 0.10909351118852922 -0.9882705893634595 0.10686368894886017 5.99504 -0.1716007410048756 -0.12461509540095894 -0.9772534285868674 7.00974
0.973397438540393 0.10321519895861009 -0.2045581808360067 7.70926 0.13101243347909125 -0.9831679428890776 0.12734417281189586 6.04402 -0.18797119172066917 -0.15075615668752584 -0.9705356316508515 7.11199
0.9680043365984777 0.11563037674326107 -0.22270433381672577 7.68736 0.15052529055033606 -0.9776676230551918 0.14665659117253266 6.09185 -0.20077285979752602 -0.17548685080034337 -0.9637917949250762 7.21171
0.9630229137279249 0.11996333266630681 -0.24123777989894143 7.66748 0.1556774793586539 -0.9785609478091941 0.13484433189165518 6.14499 -0.21988949510040948 -0.1674134708987421 -0.9610522044645247 7.3051
0.9586380370290207 0.12191722490410212 -0.2571950703898269 7.64371 0.1578335979755156 -0.9796612421338714 0.12390482642263408 6.18868 -0.23685790953913438 -0.15937390292140788 -0.9583831643744315 7.40215
0.9543031376896257 0.12439010447682536 -0.2717215915307064 7.62658 0.16032280951338246 -0.9804318460152012 0.11423656187473646 6.23821 -0.25219460371996716 -0.1525794783955866 -0.9555717579685262 7.50127
0.95026111122519 0.1264948734355841 -0.28461002703275023 7.61252 0.16243044533004428 -0.9809739290196051 0.10633203192698938 6.28959 -0.26574455953593995 -0.14727252825409887 -0.95272799449722 7.60201
0.9472311250174017 0.12700089923561375 -0.2943194988301206 7.59144 0.16271099983025367 -0.9815823787677436 0.10010576520309689 6.33678 -0.27618531157993736 -0.1427123165182454 -0.950449824231395 7.70265
0.9454751594620443 0.12598124853850498 -0.3003422179063439 7.56419 0.1613213432131749 -0.982238304262107 0.09582973371661853 6.38204 -0.28293488131391537 -0.1390562427832006 -0.9490053815858477 7.80564
0.9443606861821043 0.12635027404647461 -0.3036749950885738 7.53703 0.16157422586126166 -0.9824011476280787 0.09371101683562749 6.43754 -0.2864902510226109 -0.13756305240657468 -0.9481559695965569 7.91189
0.9440818745631749 0.12609299188140824 -0.3046472903534134 7.51361 0.1613375088240274 -0.9824764149258742 0.09332900064213119 6.48793 -0.2875406447230352 -0.13726125277294082 -0.9478817047076415 8.01239
0.9447073135895285 0.1254279486792575 -0.3029784172850756 7.49333 0.1608587348852632 -0.9824074816950743 0.09486836838828075 6.53508 -0.28574911909150036 -0.13835956634673108 -0.9482637140262069 8.1059
0.9465126893620519 0.12361692801261093 -0.2980479558482835 7.47353 0.1591772584602606 -0.9823681834020863 0.0980579044664934 6.57493 -0.2806712120358815 -0.1402555073714024 -0.9495009549159492 8.19271
0.9491314990312403 0.12206864691654788 -0.2902561678701656 7.45572 0.15795992587454938 -0.9820021221048767 0.10353981842376127 6.61415 -0.2723932072655584 -0.1441217458313691 -0.9513311006238052 8.27154
0.952478438866297 0.12083933631328699 -0.2796116562201698 7.44027 0.15713982830909043 -0.9812957516116512 0.11120126900316779 6.65231 -0.26094424280641193 -0.14985493875174627 -0.9536517181224491 8.34288
0.9565199211633055 0.11915218119423963 -0.26621870357733785 7.4269 0.15570952290952517 -0.9804059820487792 0.12065925094354171 6.68747 -0.24662559658930666 -0.15686576452375964 -0.9563309819447159 8.40208
0.9615384956025466 0.11718684968278884 -0.24841691515638578 7.41215 0.15361039809811297 -0.9791862040353023 0.13265829571901902 6.71941 -0.2277006084105415 -0.16571547932634087 -0.9595263481745095 8.45714
0.9673636979969058 0.10692837219078392 -0.22972548621861855 7.40127 0.14318608590231016 -0.9786540762711187 0.1474243663778153 6.74431 -0.20905793599317812 -0.17550647343774317 -0.9620250813672788 8.50275
0.9734086408774394 0.09319355746951621 -0.20926198582473593 7.39614 0.12921235389991187 -0.9776844950171468 0.16564176949884993 6.76516 -0.1891554531721989 -0.18827636349059376 -0.9637282944305297 8.54054
0.9797558752648338 0.07733835550636113 -0.18465428143319954 7.38881 0.11188051166989514 -0.9764100979961193 0.1846782922806334 6.78088 -0.1660155896068861 -0.20159885738460995 -0.96529618496537 8.57246
0.9860465016454882 0.05727182681545803 -0.15630813941031507 7.38253 0.08893530565723057 -0.9749635774225671 0.20380513758746374 6.78556 -0.14072245023573632 -0.2148626550906654 -0.966452912172673 8.59643
0.9916010616718615 0.03445896479212677 -0.12465919234734353 7.37884 0.06189827619828741 -0.9727413044369909 0.22347921166386273 6.78727 -0.11356028308751943 -0.22931841266604827 -0.9667042607320019 8.61307
0.9958836055800873 0.008698961603730761 -0.09022290287849197 7.37629 0.02868050655058552 -0.9744832528076808 0.22262034619810347 6.78308 -0.08598414203099777 -0.224291591604274 -0.970721386008784 8.62048
0.9983937573015665 -0.01942118036187701 -0.053223332614680235 7.3706 -0.008157277943831236 -0.978899135064255 0.20418115042040805 6.77911 -0.056065713210557894 -0.20341902842115253 -0.9774852094422638 8.63662
0.9986691618503754 -0.049460536761677804 -0.014613708369734062 7.36534 -0.045972969106733555 -0.9821467598523483 0.18241224800721292 6.78506 -0.023375014023102495 -0.18149765126518955 -0.9831135292043536 8.65759
0.996291543673105 -0.08245424057783217 0.024585731963775042 7.36032 -0.08530433251138243 -0.9838982302177792 0.1570587260521033 6.7933 0.011239700185018981 -0.15857355008025492 -0.9872831905561321 8.68628
0.9910510155525372 -0.11701459430786698 0.0642298162168428 7.35308 -0.1244760334296448 -0.9839150122648985 0.12812870771761517 6.80698 0.048203751657999075 -0.13497715865556445 -0.9896754846753375 8.72135
0.9826083412207587 -0.15425552632495612 0.1033734993196985 7.34437 -0.1642141063046195 -0.9817475746304667 0.09594491647696124 6.8221 0.08668664864882061 -0.1112516620343566 -0.9900042892031473 8.7633
0.9709345392456198 -0.19326868483959386 0.14118546653345418 7.33429 -0.20337862253437877 -0.977201379434561 0.060947517810074306 6.84037 0.12618738604121274 -0.08789015582853628 -0.9881052899931874 8.81187
0.9559274232409568 -0.23338930877145747 0.17813531948236985 7.32021 -0.24120193402399148 -0.9701969009098567 0.023229302357061818 6.86122 0.16740486408402458 -0.0651721107230004 -0.9837317761793193 8.86921
0.9380920914724398 -0.2742861198855455 0.2115427908367379 7.30615 -0.2774772398057642 -0.9606143053798151 -0.015051169038637562 6.87765 0.20733935783308985 -0.04457892705962542 -0.9772528382949699 8.93695
0.9176494744065538 -0.3153125215520139 0.24186247305831926 7.2911 -0.31116760908640934 -0.9486921133169937 -0.056196024642174956 6.90465 0.24717233092889462 -0.023691514992653685 -0.9686818626053291 9.00613
0.8940697341113609 -0.35612263854833315 0.271690958368905 7.27254 -0.3413239957624822 -0.934437319897308 -0.10161114653358319 6.94244 0.2900642005880316 -0.0018871927589816234 -0.957005328115114 9.07559
0.8698762052730871 -0.39483154636439344 0.2956745465798426 7.25247 -0.36811748303952774 -0.9186118516487285 -0.1436724910730547 6.97673 0.32833657453950627 0.016134311450935024 -0.9444229867033451 9.15621
0.8441560120077204 -0.4320032469890047 0.3174489281477865 7.23171 -0.3901504450567951 -0.9011694353811773 -0.18888165330903595 7.01397 0.3676727588674557 0.03559274259911911 -0.9292738557933645 9.23945
0.8197428947300562 -0.46697284188426963 0.3315990824506558 7.21244 -0.4095504786368445 -0.8826698010757359 -0.23056978925534144 7.05144 0.40036232588484083 0.053201383548268075 -0.9148112487287368 9.32378
0.7957804774521058 -0.49739345153727604 0.3454463577372527 7.19117 -0.4215357873550803 -0.8645154045667014 -0.2737164504479137 7.08839 0.43478846774613406 0.07220020522621887 -0.8976336216298166 9.40615
0.7725540579090423 -0.5270603837376455 0.35407284490991153 7.16986 -0.4339971710941237 -0.8453688823143527 -0.3114448720028634 7.11914 0.4634724189103061 0.08694138662862437 -0.8818358759999062 9.49472
0.7536842911107239 -0.5532957874541048 0.3547164514347586 7.14922 -0.4439185542093563 -0.8265484663199844 -0.34605483677122106 7.15999 0.48466102232550146 0.10335088006216366 -0.868574860923787 9.58691
0.7380122503722097 -0.5764292018152641 0.3508094833312864 7.12815 -0.45194616042856567 -0.8082949682028697 -0.37736442923492264 7.20099 0.5010814169118865 0.11995257259658595 -0.8570465529672451 9.68137
0.7265565857779659 -0.5953760402895779 0.34299110529541166 7.10596 -0.4576926842509762 -0.7916733255864579 -0.40468599226809754 7.24304 0.5124772526130321 0.13704275319761106 -0.8476947265084389 9.77754
0.7206902349762937 -0.609972890907539 0.3294520565540822 7.08455 -0.46232763470967236 -0.7769978254594107 -0.42723241615671803 7.28583 0.5165837235081787 0.15558744033258878 -0.8419820692967154 9.87344
0.7192760377598192 -0.6200647074255993 0.31330774026464925 7.06067 -0.46514030888287905 -0.7648061318710945 -0.4457758110358992 7.32989 0.5160295287644641 0.1749038000089757 -0.8385238137259702 9.97323
0.7234617189159503 -0.6247714934312666 0.2937068645075278 7.03552 -0.46662702066250994 -0.7560762215865514 -0.45892044053303377 7.37451 0.5087851853688431 0.1949598116204186 -0.8385274634751821 10.0719
0.7332824180087655 -0.6238545256661036 0.270374603550591 7.00757 -0.47374989899972136 -0.7540303715513702 -0.45497168260877124 7.42403 0.4877068060187106 0.20553279442469413 -0.8484682326280722 10.1732
0.7464902858759686 -0.6191028517983445 0.24385223392040484 6.98012 -0.47880464576508824 -0.7542721355494038 -0.44924342702760844 7.4701 0.46205883206209036 0.21859827178845437 -0.8594861437420138 10.2744
0.7638825323183038 -0.608512261229079 0.21493325650733724 6.95299 -0.47858302625144994 -0.7575691342015902 -0.4439000944909305 7.51791 0.43294545130186973 0.2362241199347057 -0.8699174681302211 10.3717
0.7827010418506019 -0.5942388355777308 0.18509263998659045 6.91696 -0.47710645898106535 -0.763816359492986 -0.43468838927377756 7.56987 0.3996855087247123 0.2519221611174863 -0.8813550469892163 10.4838
0.8017259417381325 -0.5784735094327684 0.15034597842523578 6.88848 -0.47510551938646234 -0.7694226563377314 -0.4269233202376148 7.61018 0.3626434334061829 0.2708452968000845 -0.8917020608973883 10.5997
0.8219234935996722 -0.5579714332328176 0.114497381476719 6.85495 -0.4692614305236502 -0.7772549733218499 -0.41912816210480086 7.65949 0.3228552005029613 0.2907620782402104 -0.9006785960405781 10.7191
0.8424564982303091 -0.5332692150569438 0.07675280361052843 6.82106 -0.46019185933694023 -0.7863351821416609 -0.41218980327787197 7.71351 0.28016156265543485 0.31193096287286387 -0.9078593355865614 10.843
0.8624626069790261 -0.5049192402275747 0.03485415916287257 6.79202 -0.44905575769112355 -0.7951702157866837 -0.4074963244131287 7.76726 0.23346772378081102 0.33579888143614717 -0.912541469292678 10.9625
0.8810866344130426 -0.47289363457030636 -0.007612689510465856 6.76099 -0.43529206804669957 -0.8045235309887879 -0.4040577973272636 7.82412 0.18495177250928063 0.3593236681158341 -0.9147017783832374 11.0835
0.8973346003882734 -0.43843249025166453 -0.05067115982234394 6.72903 -0.42005342768740306 -0.8131524335538376 -0.4029121960099186 7.88386 0.135446420528861 0.3828316487663938 -0.9138348843575206 11.2064
0.912182144147805 -0.39867905275193544 -0.09475625992372562 6.71991 -0.40118747454604825 -0.8217230795325497 -0.40474657605828723 7.90056 0.08350057583799657 0.4072176242015595 -0.9095061629116982 11.2268
0.9225175731862106 -0.36055026579256594 -0.13771286432114543 6.68576 -0.38453585467776746 -0.8280543840755864 -0.40799278606421413 7.96002 0.03306816641217101 0.4293360488592948 -0.9025392254744532 11.3556
