1.0 0.0 0.0 0.0 0.0 -1.0 0.0 0.0 0.0 0.0 -1.0 0.0
0.9997923706110313 0.012400096325843084 0.01616951697125001 0.0377969 0.012468473179775397 -0.9999137165196975 -0.004134814667041606 -0.0338204 0.0161168497088901 0.004335565346684744 -0.9998607153141809 -0.119294
0.9991282534762091 0.022715726279681065 0.03502468965125962 0.0407034 0.02294446061502708 -0.9997178705258414 -0.0061425628497264245 -0.086135 0.03487527537763561 0.00694083070417188 -0.9993675700344045 -0.247427
0.9977337325551943 0.03728688731113101 0.05600970412461022 0.0074342 0.03794751306832284 -0.9992216118456494 -0.010777600498769753 -0.108461 0.05556424365910895 0.012878604552847814 -0.9983720530800939 -0.341999
0.9960225634295709 0.049119153993115706 0.07433950396785903 -0.0282635 0.050214773589964436 -0.9986546070811887 -0.012940334958011664 -0.143498 0.07360386982010765 0.016621806957052367 -0.9971490289224513 -0.413948
0.9938485314129349 0.06337098918082498 0.09082518559626503 -0.0558256 0.0651819177874507 -0.9977266975540583 -0.017110072513652846 -0.16444 0.08953443025955012 0.02292498022062841 -0.9957198557224726 -0.475484
0.9906656384592327 0.07838763493074688 0.1115211704840159 -0.092071 0.08135028731089386 -0.9964369362654599 -0.022261239865266014 -0.177798 0.10937880750216657 0.031125724664139744 -0.9935126902730214 -0.542029
0.9867088041773285 0.09301999480404792 0.13324044553213105 -0.133597 0.09722356248861237 -0.9949388143462136 -0.025383746854497784 -0.193667 0.1302048949001871 0.038000477286545244 -0.9907586230106834 -0.603645
0.9823736838242764 0.10603033423231818 0.1539464632659802 -0.174622 0.11162140762096644 -0.9933529797307156 -0.028116170095214603 -0.218442 0.14994201109173824 0.044804306519484034 -0.9876790811934174 -0.666285
0.9776309132864943 0.11944415957168561 0.1731210274080786 -0.214333 0.12675975872794043 -0.9914237258135549 -0.03179558870666619 -0.237632 0.16783849663843314 0.053029130090761024 -0.984387195369773 -0.727488
0.9723968061283371 0.13174139806161467 0.19258415165371184 -0.262407 0.1408150330889017 -0.9894467226842693 -0.03415127267804442 -0.260939 0.18605262128650651 0.06032733216486384 -0.9806860022995586 -0.791321
0.966632237089738 0.14300386111086974 0.21253708835464932 -0.324194 0.1539041639584103 -0.9874452820136705 -0.035571383796611025 -0.287984 0.20478189992074905 0.06709478918907284 -0.9765053316436745 -0.853937
0.9614967050130163 0.1536130629578516 0.22787521396110597 -0.368049 0.16654984657679373 -0.9852790327274596 -0.03855355071699766 -0.312555 0.21859834138062248 0.07502169390482172 -0.9729267755536859 -0.916897
0.9554660187636164 0.16375620146576736 0.24549662618762783 -0.437168 0.17887537760546052 -0.9830398529962576 -0.04045054644378195 -0.33449 0.2347089394857145 0.08256242427763161 -0.9685531270007299 -0.979285
0.9486536988717019 0.17432107486539405 0.26394757523950124 -0.519644 0.19209308237331152 -0.9804393877542138 -0.04288186848147711 -0.345512 0.25130938566109834 0.09138254646220047 -0.963583324306064 -1.04154
0.9427572375479863 0.18244616402959046 0.27914546079379093 -0.594831 0.20249974438232882 -0.9782699841837611 -0.04451619447117548 -0.367864 0.2649578165972493 0.09849484898202439 -0.9592164094447232 -1.10953
0.9368742119618386 0.18957281367256018 0.29381773138657385 -0.679333 0.21235316241790803 -0.9760444036905839 -0.04736513945304274 -0.384511 0.2778000096688221 0.10676830213392638 -0.9546872180392075 -1.18697
0.9319216496284318 0.19498740268768794 0.3057808884592564 -0.764916 0.22021114178426054 -0.9741734640190097 -0.0499311028846345 -0.40531 0.2881476912763576 0.11386823435143398 -0.9507917401922422 -1.26845
0.9310455947866632 0.19923995297086244 0.3057082621855636 -0.752209 0.2262395259717913 -0.9725059646491512 -0.0552071155729335 -0.424024 0.2863036453075789 0.12056363407757992 -0.9505233468051164 -1.29466
0.9277057669502456 0.19960578897118372 0.3154671757512143 -0.859432 0.22854958271207318 -0.9718513795445517 -0.05718377671585516 -0.460097 0.29517299708712097 0.1251496108125903 -0.947211949198311 -1.4119
0.9258849809384662 0.19816651029410878 0.32166292336921787 -0.955674 0.22903481211469093 -0.9715215196769245 -0.06073706976985071 -0.49549 0.3004663989736035 0.12990754790424752 -0.944904213180014 -1.53374
0.9244945251069966 0.1949200532129013 0.32759127873413896 -1.06944 0.22759384211158812 -0.9716403668873789 -0.06415637511459907 -0.528924 0.30579554620705984 0.13386997531350847 -0.9426388033756549 -1.65358
0.9244965419490869 0.1894494232435293 0.33077947330037655 -1.18316 0.22335899172345225 -0.9724078212411322 -0.06733342413213025 -0.568549 0.3088962685764644 0.1361320874069323 -0.9413029002599367 -1.77749
0.9261665408357193 0.18181518491767268 0.3303918539700251 -1.29449 0.2164323854387754 -0.973721936832585 -0.07087039060341743 -0.614742 0.3088244827886533 0.13714528159711548 -0.941179372152816 -1.90079
0.9280014333534824 0.17311798570312442 0.3299143869551232 -1.41856 0.20865735526723467 -0.9750888394273906 -0.07525864280617359 -0.658082 0.30866721203711445 0.13867919184303393 -0.9410061816816072 -2.03636
0.9304011421459241 0.16521913356936915 0.3271946707942338 -1.54308 0.20157045756075778 -0.976180908775021 -0.08025075689313434 -0.690145 0.30614223056008927 0.1406181753748823 -0.9415431288166952 -2.17544
0.9331047011376127 0.15638977885000782 0.32381762426732197 -1.68062 0.19339272941569813 -0.9774126275655209 -0.08522797477712937 -0.721031 0.30317465085991846 0.14215059812294167 -0.9422729639171744 -2.31319
0.935791987298882 0.14739188651015098 0.3202639353692319 -1.83342 0.18472649819803819 -0.978721529858467 -0.08933245689553095 -0.750592 0.30028232943464883 0.1427578326484417 -0.9431069524962798 -2.45188
0.9398188886306864 0.13559715424723298 0.3136142030154775 -1.97093 0.17270628581240163 -0.9805149711662249 -0.09361052376619663 -0.798466 0.2948101005967504 0.14214008259090302 -0.9449249713639623 -2.61708
0.945798850324594 0.124592063107069 0.29990223829675045 -2.06366 0.16070769819231168 -0.9820404493021391 -0.09884124481299308 -0.844616 0.2822012942323362 0.14168053410817347 -0.9488356315971789 -2.80738
0.9516335106030218 0.11643197750446448 0.28431893379050277 -2.16202 0.15126068093225242 -0.9830380180949705 -0.10371336164556547 -0.868043 0.26742076939026205 0.1417033859662937 -0.9531035004155677 -2.95574
0.9545587827802976 0.10773963683976312 0.2778663363393133 -2.34775 0.1417863070647304 -0.9842654578725788 -0.10544264586887449 -0.908433 0.26213388439105384 0.14004884538088436 -0.9548152426315463 -3.13209
0.9571007796438025 0.09993453407247413 0.271976444761202 -2.53915 0.13308638645949541 -0.985390801420545 -0.10626844411644588 -0.945211 0.25738319942136756 0.13790597295075313 -0.9564182303156539 -3.317
0.9558703227895916 0.0926956404862376 0.27878207303370045 -2.62821 0.12646929559623077 -0.9863257171129839 -0.1056744861967665 -0.98228 0.2651743639221456 0.13626847763295655 -0.9545226339495997 -3.32224
0.975884783454456 0.08491899465555452 0.2010911578581711 -2.56045 0.10998204778969892 -0.9870325090647392 -0.11692209035657217 -1.02243 0.18855460372537813 0.136218906162309 -0.9725695712996114 -3.39889
0.9867388394107728 0.08240718508405764 0.13984104778212544 -2.54981 0.09953860594002292 -0.9877354376565854 -0.12029451826608639 -1.05816 0.12821282590208224 0.13261885629078102 -0.9828396157208596 -3.50406
0.9928043365596071 0.08627582730466687 0.08304234420663541 -2.53624 0.09590033403916381 -0.9881422426468107 -0.11990844102108833 -1.07921 0.07171244828908586 0.12700940878464995 -0.9893057842955122 -3.61243
0.9932318536691801 0.08535041475485605 0.07877684658615478 -2.70517 0.09424705246262735 -0.9886315357404368 -0.11715451182781011 -1.11376 0.06788208864635267 0.1237860785414894 -0.9899843578563902 -3.83275
0.9933212952545935 0.08523523034223308 0.07776734470356689 -2.87797 0.09378082918936732 -0.9890656247146831 -0.11381716076369364 -1.1523 0.06721577545704308 0.1203500956221483 -0.990453378011024 -4.04702
0.9932560658793809 0.08706714470255024 0.07656173918583704 -3.04438 0.09522322889673808 -0.9893287979320241 -0.11027722457903709 -1.1914 0.06614321032649066 0.11682397825669667 -0.9909476443445356 -4.25475
0.9927119776869944 0.09283313193376068 0.07684360072345862 -3.20691 0.10073713994753834 -0.9892143769514008 -0.10633411996082598 -1.22728 0.06614346522497459 0.11330015908206942 -0.9913567047032119 -4.45933
0.9915490673828676 0.10218743981219736 0.0799260540549425 -3.3721 0.10999022918014364 -0.988866023564667 -0.100230419156575 -1.25995 0.06879386932761182 0.10817446364106355 -0.9917488033564262 -4.65486
0.989767021302215 0.1152511125772219 0.08413337383139487 -3.53412 0.12305651482210223 -0.9879015461586381 -0.09438023764120307 -1.28726 0.07223806269812645 0.10376760644384525 -0.9919747709244106 -4.83864
0.9875154552643446 0.13016444597298976 0.0887155150951564 -3.68981 0.13785451846450641 -0.9866334211850656 -0.0868943262795241 -1.31643 0.07621914033215901 0.09803932478958617 -0.9922595091213935 -5.0253
0.984597308604299 0.14851587872794858 0.09225602232286319 -3.83064 0.15600506948323078 -0.9845050381580049 -0.08007651426628011 -1.34057 0.07893388489554846 0.0932355276017179 -0.9925102408580608 -5.20855
0.9808885357171488 0.16848602218273762 0.09731464857721187 -3.97317 0.1757752538102284 -0.9818017788702562 -0.07189107841137601 -1.36505 0.08343105325128042 0.08762264168717393 -0.9926537825531838 -5.38912
0.9768101796010227 0.18830912470775774 0.1018898747649441 -4.10681 0.19540647596043742 -0.9785812996676164 -0.06476842667196502 -1.39588 0.08751104033515333 0.08317639985378585 -0.992684997532864 -5.56356
0.9717664656067706 0.20966775659272144 0.10820983396854747 -4.2421 0.216496920172118 -0.9746957782925725 -0.05565270285102212 -1.42399 0.09380309098378825 0.07750852613752837 -0.9925690950749351 -5.73271
0.9657935738728317 0.23185522994520977 0.11612891549048783 -4.37761 0.23840694106608376 -0.970078510659628 -0.04593270738711786 -1.45328 0.10200442695028401 0.07204745313646854 -0.9921714878886071 -5.89104
0.9588762828009173 0.2550657490524419 0.12448991100571688 -4.51012 0.2612334965630035 -0.9646133116513284 -0.03575219235968401 -1.4807 0.11096546559791395 0.06680286405067773 -0.9915765440949399 -6.04215
0.9512529212831855 0.27847183486597044 0.13255684417104324 -4.63584 0.2841413805027903 -0.9584409571986274 -0.02558529753877829 -1.50934 0.11992312385930858 0.062002973723515806 -0.9908451320026084 -6.18983
0.9429555445913904 0.30244053120863806 0.13915662401262588 -4.75021 0.30747742373226467 -0.9514254731775265 -0.01572268691697993 -1.53411 0.12764197906380118 0.05761331505092234 -0.9901455605664853 -6.33029
0.9333329162158777 0.3270308286002148 0.14812327519003346 -4.87555 0.33141885756080314 -0.9434690048225347 -0.005270464141599283 -1.55501 0.13802611477926038 0.05400994430873541 -0.9889548612321544 -6.46673
0.9228347254302712 0.3517280156191825 0.15704608421934113 -5.00125 0.35549753496555875 -0.9346670964040354 0.004349888856195215 -1.57402 0.1483157853144687 0.05181526732771019 -0.9875816958096736 -6.60064
0.9118980897992731 0.37585637112899734 0.1648449638362607 -5.12177 0.37893740881558763 -0.9253228725675716 0.013565459941546568 -1.58859 0.1576334800115917 0.050095606444467006 -0.9862261993043969 -6.73746
0.9022205152104018 0.3958126785383799 0.17126139507124946 -5.23624 0.39772215251351545 -0.9171784475665131 0.02451091021356127 -1.61813 0.16677898948456724 0.04600020464904974 -0.9849206820037605 -6.88573
0.8915232605906002 0.41676469454310355 0.17746398284806528 -5.35469 0.41802168918233834 -0.9078705818433493 0.03207606578996946 -1.63407 0.17448250112561234 0.045587235119181606 -0.9836044229237376 -7.02357
0.8815539446652737 0.4347270858061593 0.18405163273271832 -5.46797 0.435156427844733 -0.8994557482473285 0.040227356988121216 -1.65642 0.18303422070887967 0.04462866580262402 -0.982093048666047 -7.16384
0.8715856443163987 0.4520213170259186 0.18977669397405475 -5.57923 0.4516533835067678 -0.8909157808442556 0.04773146351788391 -1.67072 0.19065069050086478 0.04411122755971073 -0.9806663621307294 -7.29215
0.8618741301441647 0.4679572401284749 0.1954200736863568 -5.69289 0.4669664276666073 -0.8826215143438 0.05405199209784188 -1.67586 0.1977759824157814 0.04466860003177646 -0.9792289706451064 -7.41495
0.8540107290735733 0.4803520742034604 0.19981881652050965 -5.79631 0.47863999160067694 -0.8759541147818423 0.06006785527437432 -1.6857 0.20388583341597732 0.04434268378427965 -0.9779899249619496 -7.5412
0.8526219451354736 0.4803431526019922 0.20568489108775392 -5.90104 0.478619819704397 -0.8758702285600163 0.0614362344903685 -1.68577 0.2096637471274719 0.046062983735362245 -0.9766879310556998 -7.65242
0.8506721619909933 0.4811401995993505 0.21180411030729762 -6.00704 0.4795787260084774 -0.8752917580655705 0.06219794066179388 -1.67869 0.21531632166107267 0.04866668873037712 -0.9753309361618575 -7.75166
0.8487152468351312 0.4823738259997923 0.21679004077656325 -6.10574 0.4813092465779035 -0.8744030302180356 0.061324953356098263 -1.66815 0.21914342095575837 0.052295628266986804 -0.9742901663857476 -7.84508
0.847098453708238 0.48261213147979465 0.22250784317331787 -6.20545 0.48201274016076 -0.8740555175155369 0.06075088989770379 -1.66133 0.22380332447894538 0.055789630301487286 -0.9730362732719657 -7.93702
0.844703977440598 0.4841544155022399 0.2281878446493549 -6.30079 0.4842940494415767 -0.8728937265098275 0.059294315876533006 -1.64987 0.22789134290602905 0.06042387085805489 -0.9718099051043962 -8.0169
0.8433565391574468 0.4842612723634403 0.23289647474643335 -6.38654 0.4851254799872188 -0.8725475690992771 0.0575674241747279 -1.63949 0.23109092696933117 0.06443415047848738 -0.9707961803203445 -8.10237
0.8420084144706643 0.4843722070806617 0.23749819992666607 -6.47043 0.4860873013085227 -0.8721526302755607 0.05539787911119727 -1.62968 0.23396787272443106 0.06879937871252832 -0.969807032363436 -8.18515
0.8412967355018863 0.48229540842606194 0.2441535210579763 -6.56077 0.4850347259212237 -0.8728892772454979 0.05296814439222833 -1.63407 0.23866528336646073 0.073861009206283 -0.9682889206402379 -8.25701
0.8390522765251783 0.4832332509493553 0.24995380060089678 -6.64323 0.4872376832211419 -0.8718399238256495 0.04994584340042732 -1.62032 0.2420551947536133 0.07987973710900162 -0.9669687224994338 -8.31476
0.8372965253076552 0.48210599745459487 0.25789210132541224 -6.73104 0.48758584554412304 -0.8718224167435906 0.046751651183536774 -1.61971 0.2473753664630922 0.08659954319553093 -0.9650419406355226 -8.36743
0.8359758879631953 0.48074361094100815 0.2646316218511074 -6.80755 0.4876758703855357 -0.8719432966222236 0.04344114316266416 -1.61501 0.2516278207747647 0.09273870828823029 -0.9633706305452607 -8.41944
0.8335212373461768 0.48051708725198683 0.27266403457692173 -6.88278 0.48916949126026266 -0.8712677728089858 0.04007089822608555 -1.60663 0.25681813743011633 0.09997898240798393 -0.9612744911645111 -8.4604
0.8307605218157054 0.4803328222392029 0.2812780390862734 -6.95584 0.4909188501978354 -0.870440585480912 0.036494789601836615 -1.60078 0.26236546631165475 0.10776626108095899 -0.9589321118096413 -8.49321
0.8276970873746293 0.48083319326443236 0.28933885291589245 -7.0157 0.4934101655359156 -0.8691725392293373 0.03294701193502502 -1.58843 0.26732740244384945 0.11549258549688507 -0.9566595646298995 -8.52468
0.8243355976221699 0.48116064209373416 0.2982536822787698 -7.07401 0.4958149483310164 -0.8679165919563862 0.02980480528913606 -1.57905 0.2732002187122321 0.12330947208855123 -0.9540211814151881 -8.55768
0.8213070865529849 0.4800246445269616 0.3082710012709793 -7.13084 0.4969065772750283 -0.867390682378694 0.02678166506101181 -1.57679 0.2802472534007503 0.1311859168104107 -0.9509215173672053 -8.5913
0.8174463717339829 0.47978881695601716 0.3187226387674593 -7.18426 0.49920101978341713 -0.8661660468789744 0.023552517513986786 -1.57443 0.28736696258641725 0.1398537463137678 -0.9475553590455076 -8.62361
0.8161096210144465 0.4799653631473289 0.32186695491539674 -7.1834 0.5004019466084861 -0.8655172485267091 0.021858278367548625 -1.57194 0.2890726177245003 0.1432240995140419 -0.9465325557001711 -8.65439
0.8169971399085036 0.47886546672177505 0.3212530749466244 -7.16805 0.4992822049102091 -0.8661755245498681 0.021383183363583358 -1.5971 0.28850121878655016 0.1429259439433486 -0.9467519322961944 -8.68726
0.8112747186242446 0.4792805691940769 0.3348484237892643 -7.21554 0.502677360244012 -0.8642618275434182 0.019156329226207344 -1.59607 0.2985779670693483 0.1527796761493908 -0.942077262296688 -8.7268
0.8057398111664177 0.47724428177763645 0.3507438555585162 -7.26273 0.5040623245994198 -0.8635002456168114 0.01698525063505149 -1.60168 0.3109735191635045 0.16311107053248816 -0.9363173869200608 -8.76209
0.7996654129001598 0.47466612317297935 0.36773264598502964 -7.30963 0.505125999810724 -0.8629082766555755 0.01539579145486171 -1.61385 0.3246274044599956 0.1734398385355544 -0.9298041033907775 -8.80134
0.7923227080956594 0.4742525755394661 0.3838088337051961 -7.34401 0.508389433212591 -0.8610068928061609 0.014398428319088871 -1.61826 0.3372905430541158 0.18371615371126854 -0.9233003110753275 -8.84255
0.7826788946873714 0.47488361892410524 0.40236711631108685 -7.38707 0.5133287848676971 -0.8580745283239052 0.014200791103347848 -1.62337 0.3520046966124289 0.195431963402235 -0.9153682544438272 -8.87059
0.774174262630617 0.47469370301240965 0.4187124304349071 -7.41478 0.5170771080597789 -0.8558210489917852 0.014198465520474823 -1.63099 0.3650828336157103 0.20551452606316328 -0.9080078767148207 -8.91328
0.7649272887824785 0.47440832661743304 0.43568679405271593 -7.44051 0.5207720285297378 -0.8535620160853226 0.015112213516941544 -1.64163 0.3790550582394445 0.21533375102943497 -0.8999714653758111 -8.95321
0.7552177727546484 0.4738837338966085 0.45285794954236586 -7.47037 0.5246994668845092 -0.8511439267800888 0.015636027516034864 -1.65151 0.3928569525496774 0.22580571882390116 -0.8914455632172956 -8.99417
0.746175674263951 0.4732689905489097 0.4682289244819828 -7.48914 0.5282281623613051 -0.8489461379051851 0.016293048341829583 -1.66036 0.40521213163618014 0.2351742280112482 -0.8834569660454189 -9.03891
0.7359895729905191 0.47303948924742584 0.4843067107337736 -7.51176 0.5322032345149594 -0.8464261593387995 0.017957559934015765 -1.66875 0.4184245040877119 0.24453302108202735 -0.8747139738105528 -9.07815
0.7284841664829598 0.47259094755363984 0.4959522310404303 -7.51085 0.5348923007978925 -0.8447013649935586 0.019230978268300156 -1.67402 0.4280199127736516 0.25127156677262913 -0.8681368290775735 -9.1339
0.7219473975156554 0.4713339844945865 0.5065927657209776 -7.48769 0.5359510609802394 -0.8439765185894073 0.021449855567344786 -1.69408 0.4376624446471598 0.2560232628691405 -0.861918600225863 -9.15673
0.712794055720738 0.47282381181774563 0.5180369456972334 -7.49804 0.5400788637511208 -0.8412516951455786 0.024706402894560567 -1.69141 0.4474812343087468 0.2621702278917785 -0.8550013547057647 -9.19597
0.7058110455933153 0.4727270267252294 0.5275982620536149 -7.50195 0.5423873145726734 -0.8397017730950023 0.026775609269499373 -1.69727 0.45568275028698907 0.2672640837535665 -0.8490719290061661 -9.23944
0.7009738590705797 0.472110618729263 0.534553283202687 -7.48984 0.5433454444015503 -0.8390248799666952 0.02851278388644575 -1.70695 0.46196469231726084 0.2704603750643444 -0.8446536619066264 -9.28648
0.6951099082736923 0.47263257056472363 0.5417016417375162 -7.49403 0.5433554235975742 -0.8387891017266068 0.03460818504013827 -1.71122 0.4707303889349397 0.2702800326810201 -0.8398580861473605 -9.32091
0.6925976194587568 0.4715549598170725 0.5458428870947962 -7.47149 0.5406925073118418 -0.8402757269990432 0.0398536717638846 -1.72419 0.47745172536801794 0.2675306010312628 -0.8369392017673413 -9.35344
0.6907726261854299 0.4713834496617749 0.5482981144394432 -7.45221 0.5392117976674174 -0.8410341057935307 0.04372951118350073 -1.7308 0.4817507822195579 0.26544166266251573 -0.8351388552533063 -9.37718
0.6898201425157068 0.471205687880902 0.5496484064275053 -7.44418 0.5382660362032686 -0.8415245732975237 0.045891903495522454 -1.73504 0.48416716663734194 0.26419990962357814 -0.8341346189346549 -9.39219
0.6907114222640137 0.47061367131877696 0.5490359765278462 -7.44196 0.5376565070239137 -0.8419467009256899 0.04529054266832899 -1.73859 0.48357337768829656 0.26391007022887464 -0.834570705945831 -9.40284
0.6915379254506057 0.470361714399948 0.5482108675411447 -7.4549 0.5382748733095025 -0.8416645324269237 0.04313902662563074 -1.74238 0.4817005900215524 0.265255862293955 -0.8352268369081414 -9.39855
0.6963176691607795 0.4682915465882871 0.5439161065903912 -7.46038 0.5334946826075158 -0.8446460215149583 0.044232589438772285 -1.73897 0.48013032318736726 0.2593764170716048 -0.8379729989821221 -9.40316
0.7008981631463813 0.46664472825315584 0.5394297567724335 -7.48557 0.5284944368770886 -0.8476571641285859 0.04659358637679922 -1.73068 0.4789941493254353 0.25242826643429134 -0.8407404921954102 -9.39131
0.7085592839500732 0.4638191021088942 0.5318040820142873 -7.50842 0.5214657222321066 -0.8519087898941347 0.048217364486860065 -1.7209 0.4754127066719053 0.24315273845879362 -0.845493645224423 -9.38886
0.7146917010612889 0.4611512872795922 0.525885218155536 -7.55307 0.5148864189521961 -0.8557592990326687 0.05067541512112686 -1.71382 0.4734001985769591 0.23455385812109333 -0.8490446040272589 -9.36511
0.7239031943269753 0.45787698459230014 0.5160550670460117 -7.59841 0.5071679934120742 -0.8602853161232104 0.051863294545928876 -1.70214 0.46770160540837497 0.22418260825374053 -0.8549838398794319 -9.35716
0.7319976214518891 0.4536174845861173 0.5083410861484056 -7.6567 0.4987049951165532 -0.8650975974661506 0.05384677060040864 -1.69588 0.4641904889531621 0.21409653088281932 -0.8594706891042687 -9.3237
0.7437801332863868 0.4469516201504574 0.4970164610688119 -7.69956 0.48758458340639066 -0.8714064514375762 0.0539636027094878 -1.69943 0.4572224703061969 0.20220050850047883 -0.86606152611073 -9.30511
0.755868606449615 0.44009902263937667 0.48474271531997454 -7.74644 0.475911617792626 -0.8777815835541269 0.054841805433576515 -1.70003 0.44963405324099054 0.18924149081286107 -0.8729357801814537 -9.28524
0.7707668016202925 0.43254039089908175 0.46778985427314884 -7.77338 0.46284338383155804 -0.8847057225662741 0.05542369982092098 -1.69594 0.43782934981951277 0.17379469122892122 -0.8821002583251328 -9.28362
0.7852046165639021 0.42322189428688606 0.45203643472949745 -7.80833 0.4486286013074169 -0.8919727573270094 0.05582990484859022 -1.70211 0.42683262318581755 0.15895857442324948 -0.8902505733790022 -9.27302
0.8010977031015495 0.41311200795241987 0.4331061520816134 -7.83584 0.43348019178317554 -0.8994149370547834 0.05610431653947276 -1.70412 0.41271950937294355 0.14279789875295706 -0.8995951126449594 -9.28196
0.815205662502151 0.4030849988335243 0.4158872582080478 -7.87367 0.4189450864087984 -0.9062133115825249 0.0571178473382746 -1.70685 0.3999059169334133 0.1276711307461939 -0.9076207027033015 -9.27637
0.830085355054004 0.3923891311025526 0.39621846640136765 -7.90291 0.4037083830882765 -0.9130206361063985 0.058419683909764826 -1.7063 0.3846788852395168 0.11146339236023292 -0.9162958405528377 -9.28835
0.8459637999752074 0.3807190516712399 0.3733607542659758 -7.91928 0.3875071608923108 -0.9199105257544773 0.060023535911351254 -1.70152 0.36631059142302635 0.09390222734670498 -0.925742362815184 -9.3235
0.8587520753385519 0.36887546812161554 0.3556343095369023 -7.95947 0.3722852036194646 -0.9260723493445736 0.06159327029340054 -1.70815 0.35206334695299374 0.07950404264866731 -0.9325934306731819 -9.32717
0.8719692153395627 0.35530660578065143 0.3367891081800893 -7.99249 0.35554143744364 -0.9325166911348969 0.06326853100344117 -1.71728 0.3365411917739303 0.06457427230295314 -0.9394520688124152 -9.34605
0.8841163195505765 0.34267577909421154 0.3176659313280515 -8.01958 0.3401252129829706 -0.9381073861522798 0.0653404280658346 -1.71932 0.32039533860159713 0.050277653770962355 -0.945948721936689 -9.36853
0.8949531142368211 0.329944563214988 0.30032567076872724 -8.05413 0.3251688837942064 -0.9432581183707881 0.06730021649021746 -1.72585 0.30548996764189335 0.037426024801880974 -0.9514594958996855 -9.38986
0.9051366496167361 0.3153218937351973 0.2851311081797957 -8.09278 0.30856263022094116 -0.9486554715178632 0.06958375953018717 -1.74326 0.2924324687029882 0.024997993728879224 -0.9559593880274444 -9.41911
0.9145227516997411 0.3028343783628071 0.2682153535969662 -8.12051 0.29441435391158804 -0.9529541457376666 0.07210120895114164 -1.74531 0.27743165795264896 0.013028254027542895 -0.9606570354515903 -9.47049
0.9225554998810246 0.28822641368564406 0.2565480151807542 -8.16442 0.27858881215897857 -0.9575568724634782 0.07398046862389601 -1.76903 0.26698244020744477 0.0032203185981990803 -0.9636960133615806 -9.50023
0.9288926264304931 0.27629647519159783 0.2466145704530852 -8.21251 0.2655946848238149 -0.9610571871820759 0.07634491704766702 -1.77983 0.2581045368768232 -0.005416711398577884 -0.9661018099979037 -9.5425
0.9347670421846282 0.26440882018810596 0.2372731604124985 -8.25651 0.25274782107956417 -0.9643126677963408 0.078864552664912 -1.79239 0.2496579976386377 -0.013749710332872742 -0.9682364533939155 -9.59834
0.9402664707952836 0.25345130743640465 0.22729143991131578 -8.2901 0.24109637357923566 -0.9671113066209341 0.08104479781510304 -1.80212 0.2403570314035431 -0.02140456410970326 -0.9704485262445143 -9.66828
0.9448153228634508 0.24226231957426944 0.22052885116675305 -8.32856 0.22933416008630966 -0.969815139056547 0.08285191050444898 -1.82007 0.23394411448023275 -0.027704955715988588 -0.9718552293057001 -9.71935
0.9492458124276982 0.23106867692327926 0.21340022055612914 -8.36395 0.21763440122097527 -0.9723424260031902 0.0847671752473683 -1.83864 0.2270851271960956 -0.03402165691373196 -0.9732804692724383 -9.78769
0.9534422008162304 0.2196686762158468 0.20662439931498935 -8.39342 0.20585553416105573 -0.974760483865611 0.08640311423407136 -1.86177 0.22038935717944533 -0.039845599301014764 -0.974597793686387 -9.86469
0.9572411564655198 0.20856272906326778 0.20047682263602534 -8.42194 0.19420048473281543 -0.976912348633047 0.08904175884271157 -1.88827 0.2144190758726796 -0.04630174007471036 -0.9756436894522303 -9.94766
0.9600759531681143 0.199239571652357 0.19636129261166127 -8.46012 0.18440872170180223 -0.9785991652006413 0.09130770629533869 -1.91059 0.21035110531833304 -0.05145159819086151 -0.9762710410203522 -10.0304
0.9623868254409749 0.19132123484691227 0.1928931914669225 -8.49713 0.17609806489799484 -0.9799356295835453 0.09335755680116029 -1.92388 0.20688419407200684 -0.055877964971470684 -0.9767684389218474 -10.1249
0.9641194206124971 0.1842046710534728 0.1911606182243219 -8.5421 0.16872637147796496 -0.9811268799720024 0.09445346454357201 -1.93773 0.2049515902980576 -0.05881058202811729 -0.9770036648220984 -10.2198
0.9655037070227044 0.17761428927811787 0.19040944296343257 -8.5911 0.16182088333876685 -0.9821751744519891 0.09563434741590328 -1.95428 0.20400145450676774 -0.061523092692366624 -0.9770354730636392 -10.3107
0.9665931701417869 0.17110310382921834 0.1908438400767969 -8.64479 0.1551255579791856 -0.9832344880072883 0.0958436375284856 -1.97293 0.20404338925066068 -0.06303704825777565 -0.9769302052091797 -10.4045
0.9678525813866985 0.16416084055049956 0.19055865011291795 -8.69219 0.1475227856449992 -0.9841381709571457 0.09853470546291568 -1.98931 0.2037115814543779 -0.06725532614505256 -0.9767181336938917 -10.512
0.9687466720499446 0.1577918362619454 0.19139389175530222 -8.7419 0.14076241840351492 -0.9850195944507617 0.09961094374239515 -2.01098 0.20424452736205864 -0.06955670317906268 -0.9764456145047246 -10.6183
0.9694609900635409 0.15328680809760778 0.19143809236478154 -8.78994 0.13584654730288212 -0.9855477041057668 0.10119999267657226 -2.02785 0.2041839962653912 -0.07210324122464701 -0.9762735366043656 -10.7358
0.9700722439634618 0.14762024801950857 0.19279031061324767 -8.8449 0.12965431623582374 -0.9862196903962798 0.10276419880526148 -2.05168 0.2053036769595585 -0.07469260103467461 -0.9758439504232018 -10.8524
0.9704514249354544 0.1427754833091417 0.19452298888971037 -8.90438 0.12408485445944827 -0.9866835723156239 0.10515929353250682 -2.07365 0.20694680653376346 -0.0779146294884304 -0.9752447537808943 -10.9703
0.9709224378990283 0.1392897705637271 0.19469971597439967 -8.95852 0.12016306463830262 -0.9869849424699241 0.10687170455444202 -2.09246 0.20705182317704607 -0.08036842137273258 -0.9750233122162343 -11.0974
0.9714631095241517 0.13610977084810508 0.19425127313184476 -9.01188 0.11671882921983602 -0.9872698257888579 0.10805094165433761 -2.11081 0.2064852094926341 -0.08229472259212399 -0.9749827879989823 -11.2251
0.9719944805772959 0.1320212417663398 0.19441481797884286 -9.0689 0.11220561987356686 -0.987613763936854 0.10967657977557846 -2.13379 0.2064863884038402 -0.08479059502653499 -0.9747686527576606 -11.3453
0.9727402114401539 0.12450481830796764 0.19564005537073625 -9.13356 0.1040603500874504 -0.9882954050238021 0.11155104638019457 -2.1659 0.20723881052313065 -0.08815181578923388 -0.9743106962288871 -11.4594
0.9735413148660426 0.11746592764216986 0.19600781640552423 -9.19341 0.09618943500075346 -0.9887234868207269 0.1147756908203997 -2.19725 0.2072797646735759 -0.09288499584017151 -0.9738621446101283 -11.577
0.974006900777411 0.11332944004651771 0.19613004679733678 -9.25084 0.09145153454913882 -0.9888833796063283 0.1172445238250991 -2.22123 0.2072369997529168 -0.09626058153319723 -0.9735433870025005 -11.6967
0.9742555086153094 0.11158592364556418 0.19589483295097565 -9.30756 0.0892697413990839 -0.9888377753402143 0.11929277987689088 -2.24187 0.20701960584269552 -0.09873416685414416 -0.9733418962997292 -11.8162
0.9742018737288526 0.11160538645655414 0.19615031719850945 -9.36451 0.08873789011071957 -0.9885851754070679 0.12175770129266782 -2.25889 0.20750011104067034 -0.10121061544749081 -0.9729851567412781 -11.9351
0.9737591251663865 0.11312105015059938 0.1974760597338804 -9.42772 0.08979023308530172 -0.988290368266909 0.12336880494413777 -2.27465 0.20911929656940012 -0.10240007814295407 -0.9725139298738276 -12.0491
0.9734462031392299 0.11447813268712446 0.1982353316901058 -9.48134 0.09071745554163137 -0.9879908669427222 0.12507753634374297 -2.29228 0.21017334001692337 -0.1037728479624479 -0.9721411230741623 -12.1683
0.9730660682703887 0.11593224345641735 0.19925396284131958 -9.53612 0.09170729733441708 -0.9876791045732565 0.12680598568280413 -2.31075 0.2114998780056972 -0.1051175595061676 -0.9717088557212201 -12.2842
0.9720577389792255 0.11738046704934922 0.20328693525623362 -9.60123 0.09220388162640293 -0.9873224159644769 0.12920097192781768 -2.33235 0.21587541847931588 -0.10684696013151286 -0.9705573299950061 -12.3915
0.9705824250844285 0.12173913294818539 0.20772419123986074 -9.65979 0.09552788581695573 -0.9866508847158592 0.1318880385810465 -2.34771 0.2210071925267883 -0.10816475950343986 -0.9692554903909446 -12.5032
0.9683856690560028 0.12547341758838468 0.2156052352000036 -9.72932 0.09797232053954448 -0.9861459923540165 0.13385628925160303 -2.36845 0.22941364470112666 -0.10850116701124879 -0.9672625684798014 -12.6068
0.9664752518409994 0.13082291692534131 0.22093200760872572 -9.78465 0.10219274700957291 -0.9853647891613049 0.13642900989061973 -2.38721 0.2355466621234829 -0.10927761293257937 -0.965699836012331 -12.7162
0.9636756037866161 0.13679071256513026 0.2293853343664874 -9.84536 0.10643696965156141 -0.9844289506430344 0.13989572054658017 -2.40909 0.24494999930168176 -0.11039901309241025 -0.9632297523178612 -12.8227
0.9604158241452625 0.1432581642918713 0.23891116151218006 -9.90662 0.11097361797154268 -0.983399257590486 0.14356446734755332 -2.43262 0.2555118409109094 -0.11136875025878587 -0.9603700852380368 -12.9296
0.9565922273868082 0.15036206821400577 0.2496448656502912 -9.96481 0.11609728837834848 -0.9823297623729426 0.14679801629284073 -2.45813 0.2673064348913805 -0.11144274942195753 -0.9571456438112933 -13.0347
0.9515149671674022 0.1613369373878892 0.2618962769699374 -10.0215 0.124713997402958 -0.9806356904857291 0.1509968920122292 -2.47553 0.2811862125143992 -0.11101367113952289 -0.9532105112261055 -13.1397
0.9448140276125238 0.17462244901518412 0.2771884801476071 -10.0853 0.13500589297226376 -0.9784512253770917 0.15622614512567656 -2.48898 0.29849600012288713 -0.11018257511061684 -0.948029502733238 -13.2414
0.9371639815466826 0.18692967458084578 0.29458609684210957 -10.149 0.14393935603922645 -0.976302645258891 0.16160014431771208 -2.51079 0.31781304799297094 -0.10904330158974307 -0.9418622112091697 -13.3425
0.9277230046674041 0.20170597765883053 0.3140775782948836 -10.2115 0.15490141622333492 -0.9735909698371017 0.16770860056555395 -2.52991 0.3396109212950734 -0.10693606514336841 -0.9344672814543933 -13.4438
0.916464801940354 0.21549282534742276 0.3371277339944217 -10.2837 0.16426162118352916 -0.9709336538473671 0.17408606961144382 -2.55865 0.36484296157468515 -0.1041666071751732 -0.9252237196154379 -13.5362
0.9021812155759609 0.23526250367151158 0.36155305091797135 -10.3534 0.17906946029807252 -0.9668051308116757 0.18226894256777568 -2.5672 0.3924323924581637 -0.09969650647053821 -0.9143617577015847 -13.6197
0.8858425057153662 0.2553258316365785 0.3874167972184624 -10.4235 0.1937898829725031 -0.9622575282128253 0.19106525234915853 -2.57851 0.42157862413246855 -0.09417626610156957 -0.9018881829682334 -13.7004
0.8681564782640211 0.2704199742355554 0.41614584796998005 -10.5077 0.20351848397454742 -0.958750422556997 0.19843853942085332 -2.61298 0.4526417523040866 -0.08758233144431132 -0.8873808535740811 -13.784
0.8484907361052538 0.2882481534226803 0.4438203158846823 -10.5864 0.21563536397426983 -0.954180588970178 0.20746275192479235 -2.63681 0.4832854855540857 -0.08032686774011986 -0.871769885790862 -13.8671
0.8273252593967232 0.3082974208462372 0.46955895845325224 -10.6526 0.22977329000540786 -0.9485302509557868 0.21793255429568892 -2.65114 0.5125789211079945 -0.0724090002783549 -0.8555815486056567 -13.9464
0.8053502798550225 0.32631797407133994 0.4949015119550688 -10.7203 0.2418632854582637 -0.9430827562554556 0.22824781707816477 -2.671 0.5412144472247311 -0.06412093770048288 -0.8384362989897558 -14.028
0.7830450314316091 0.34396339380258106 0.5181984778770403 -10.7815 0.25343186328890205 -0.937313112297413 0.23919954052057296 -2.68974 0.5679901138401848 -0.055976005923507224 -0.8211296592747492 -14.1125
0.7606348712152314 0.35921748320947894 0.5407378222836241 -10.843 0.26283723928121555 -0.9320388516768704 0.24943970135463678 -2.71396 0.5935917606726171 -0.04760649873188562 -0.8033569835011541 -14.1944
0.7386563660635284 0.3733659595256017 0.5612349179633693 -10.905 0.2713960782786451 -0.9268516079952955 0.25940367277952514 -2.73713 0.6170339873692492 -0.039293218550561074 -0.7859548978199342 -14.2811
0.7158540437351952 0.38869926413850403 0.5800567818120522 -10.9677 0.28008492017385606 -0.9208154397139192 0.2713878469564658 -2.74674 0.639613497011417 -0.03180893023424182 -0.7680382584208805 -14.3612
0.6925949091109608 0.40459455398460414 0.5971729554823955 -11.0341 0.2886802718496337 -0.9141628868523118 0.2845521339696271 -2.74581 0.6610415966627223 -0.024687308234116773 -0.7499430273652475 -14.4344
0.671614080930844 0.4163505589309381 0.6128513183255082 -11.1051 0.29449704039932845 -0.909035130066095 0.2948332164152374 -2.75616 0.6798573523110965 -0.01753124021891539 -0.733134800786958 -14.5127
0.6520266975140949 0.4292351905916276 0.6249946694865741 -11.1821 0.2997842023417908 -0.90309742507158 0.3074808495750234 -2.74546 0.696412677767399 -0.013122194437326928 -0.7175215608314429 -14.5907
0.6357424833457558 0.4372827386299462 0.6360937834672379 -11.2611 0.3020834544006105 -0.8992797687217727 0.31629335140832315 -2.7508 0.7103358933960507 -0.00892771325754202 -0.7038062336248702 -14.6717
0.6194098366549284 0.441718236791524 0.6490119055463482 -11.3611 0.30098958225691264 -0.8971402860615708 0.32333354063284614 -2.76356 0.7250770480631173 -0.004930153258292658 -0.6886501056130941 -14.7276
0.6072600088427409 0.43988934603920005 0.661613667408344 -11.4759 0.2953444149479182 -0.8980483124786383 0.3260075229397961 -2.78365 0.7375682735987129 -0.002567429740956695 -0.6752676877247563 -14.7803
0.6087525478804934 0.43982269207102476 0.6602850407122702 -11.4532 0.29088887838313504 -0.898041279151973 0.3300083656092524 -2.80267 0.7381083903343799 -0.008823858480554808 -0.6746244463696123 -14.8754
0.6105932957872819 0.43513574192578075 0.6616892875348107 -11.4909 0.28394716445582047 -0.9002619427257543 0.33000370039917776 -2.84985 0.7392900884883581 -0.01361325010243114 -0.6732494667539846 -14.9441
0.617544274719699 0.43428038853030987 0.6557740562868309 -11.4856 0.2763520150709499 -0.9003939334703946 0.3360362009306972 -2.84523 0.7363889139083682 -0.026292750097194173 -0.676047379083138 -15.0211
0.6254901876604335 0.43551831042172506 0.6473683854096691 -11.4808 0.2662262210671793 -0.8990504086141031 0.34760892104073493 -2.79591 0.7334068614055947 -0.04507953036823262 -0.6782936027893633 -15.071
0.6302334937595636 0.4344562454245631 0.6434699015145974 -11.497 0.2515597370153328 -0.8983366147763564 0.3601513921463202 -2.74029 0.7345225946534187 -0.0651083509524518 -0.6754535221463144 -15.0593
0.6377381528497866 0.4339272423044347 0.6363939006510122 -11.5215 0.23445673766745023 -0.8963672745745944 0.3762389496504178 -2.64713 0.733702996151766 -0.09073509496210155 -0.6733847755779304 -15.0355
0.646407455462004 0.430086651403209 0.6302244630351252 -11.5583 0.21393745209421008 -0.8950227499820441 0.3913630585607394 -2.54807 0.7323852593509614 -0.1181513829768984 -0.6705610207774316 -14.9921
0.6709804639546902 0.4201229699651508 0.6109680082449567 -11.5989 0.20275948402511484 -0.8965455851929242 0.39382052423527436 -2.48389 0.7132137187610861 -0.14036631995866422 -0.6867484893265102 -15.0718
0.6826129206836405 0.41485680418708215 0.6016090362813973 -11.65 0.1806569393110619 -0.8934875552620444 0.4111484632959427 -2.34122 0.7080979245800045 -0.1719704062085591 -0.6848529101887163 -15.0137
0.7077223463297915 0.40625229390866036 0.5780035935869307 -11.6893 0.16801094614368517 -0.8914419002371656 0.42083685731819426 -2.20727 0.6862225604578721 -0.2007247174502979 -0.6991481855251716 -15.0775
0.7307234192552856 0.3925268081300546 0.558539156596112 -11.7375 0.14727866250777408 -0.8895408729298004 0.4324650632793479 -2.06288 0.6665975398407842 -0.2337514498062429 -0.7078191715344351 -15.1057
0.7566190432064873 0.3728771873871376 0.5371128620537374 -11.7907 0.1287719215457357 -0.8903430215846174 0.43670023601664393 -1.9527 0.6410502442700717 -0.2612506594093709 -0.7216665970373372 -15.1661
0.7842083556162097 0.3467331206763345 0.5145807983278922 -11.8403 0.10516994626831434 -0.8915788550019191 0.4404843104077452 -1.84534 0.6115198585357963 -0.29131304182874723 -0.7356494914542132 -15.2429
0.8106641088733146 0.3176216424153553 0.4918741656704558 -11.8985 0.08191584347562997 -0.8933383527898646 0.4418556121883791 -1.7421 0.5797529621936492 -0.31790419894059807 -0.7502155844313192 -15.3292
0.8386183211225448 0.28405131431259356 0.4647947528908781 -11.9462 0.05706186682644458 -0.8943890863895153 0.443635104000584 -1.6416 0.5417224887632831 -0.34551846981690576 -0.7662595723274838 -15.4543
0.8643115440889731 0.24589546521771338 0.4387493304153289 -11.9848 0.028281408186924248 -0.8947205441877456 0.44573008621737564 -1.54658 0.5021610465831651 -0.3728412101602354 -0.7802715650981725 -15.5773
0.8859867978646164 0.20608605441103345 0.4153985221289265 -12.0144 -0.002675386377821637 -0.8935277228683546 0.44900005654055586 -1.44507 0.46370274564351355 -0.39891947388286975 -0.7911024061647655 -15.6849
0.9044289418463786 0.16646748701099 0.39280639622960056 -12.0313 -0.03274099680847127 -0.8909325222416565 0.4529539357816729 -1.33718 0.42536609676680603 -0.4225255218094714 -0.8003348468866055 -15.7938
