1 0 0 0 0 1 0 0 0 0 1 0
0.99969 -0.00916034 -0.0231682 0.170182 0.00879026 0.999833 -0.0160208 0.0196951 0.023311 0.0158122 0.999603 0.0976772
0.99875 -0.0210036 -0.0453499 0.377699 0.0192811 0.999089 -0.0380877 0.075333 0.0461083 0.0371658 0.998245 0.209805
0.997398 -0.0296354 -0.0657257 0.566729 0.0269761 0.998795 -0.0409836 0.118066 0.0668609 0.039104 0.996996 0.341411
0.995715 -0.0370319 -0.0847436 0.749123 0.0332883 0.998425 -0.0451687 0.166251 0.0862823 0.0421544 0.99538 0.46986
0.993404 -0.0457363 -0.105153 0.94016 0.0403206 0.997776 -0.0530621 0.227896 0.107346 0.0484723 0.99304 0.592706
0.990299 -0.0554965 -0.127399 1.13928 0.0477518 0.996868 -0.0630604 0.298655 0.130499 0.0563654 0.989847 0.714077
0.98696 -0.0638665 -0.147755 1.32535 0.0537986 0.996013 -0.0711593 0.360914 0.15171 0.0622823 0.986462 0.841627
0.983898 -0.071365 -0.163871 1.4989 0.0585501 0.994933 -0.0817437 0.43058 0.168873 0.0708331 0.983092 0.957956
0.979838 -0.0785028 -0.183729 1.68826 0.0629501 0.99404 -0.0890074 0.488567 0.18962 0.075647 0.97894 1.07617
0.975727 -0.0851057 -0.201785 1.87519 0.0668886 0.993186 -0.0954492 0.544181 0.208531 0.0796355 0.974771 1.18627
0.972406 -0.0868272 -0.216539 2.05906 0.0672157 0.993076 -0.0963527 0.57428 0.223404 0.0791389 0.971509 1.27733
0.968926 -0.0877701 -0.23126 2.24001 0.0670387 0.99312 -0.0960383 0.599269 0.238096 0.0775509 0.968144 1.37049
0.966951 -0.087003 -0.239664 2.40495 0.0653284 0.993143 -0.0969531 0.624928 0.246454 0.0780918 0.966005 1.44457
0.963914 -0.0873676 -0.251476 2.57566 0.06449 0.993114 -0.0978313 0.651464 0.258289 0.0780835 0.962911 1.52959
0.960508 -0.0889639 -0.263652 2.73959 0.0644621 0.99288 -0.100182 0.681992 0.270686 0.07923 0.959404 1.61896
0.9568 -0.0911869 -0.276083 2.90065 0.0650394 0.992613 -0.102443 0.712844 0.283382 0.080061 0.955663 1.70846
0.953879 -0.0912443 -0.285994 3.06095 0.0639565 0.992587 -0.10336 0.733336 0.293303 0.0803015 0.952644 1.78492
0.950418 -0.0924338 -0.296926 3.21801 0.0637675 0.992445 -0.104837 0.755711 0.304371 0.0807044 0.949132 1.86497
0.946989 -0.0947109 -0.306995 3.37044 0.0646321 0.992187 -0.106726 0.778777 0.314702 0.0812261 0.945711 1.93929
0.943256 -0.0973393 -0.317486 3.52076 0.0657415 0.991891 -0.108786 0.802445 0.325498 0.0817408 0.942007 2.01105
0.940287 -0.0999489 -0.325382 3.66569 0.0672058 0.991616 -0.110385 0.823928 0.333684 0.081926 0.939121 2.07435
0.937195 -0.101033 -0.333859 3.81837 0.067251 0.991514 -0.111267 0.838645 0.342265 0.081827 0.936038 2.14292
0.93364 -0.101438 -0.343555 3.97689 0.0675352 0.991716 -0.10928 0.853149 0.351792 0.0788256 0.932756 2.20965
0.930118 -0.101349 -0.353005 4.14019 0.0676362 0.992001 -0.106595 0.862657 0.360982 0.0752696 0.929535 2.27722
0.926298 -0.0991383 -0.363522 4.30858 0.0659887 0.992541 -0.102532 0.857921 0.370973 0.0709869 0.92593 2.34686
0.924046 -0.101247 -0.368637 4.45064 0.0677651 0.992404 -0.1027 0.873305 0.376231 0.0699192 0.923889 2.4067
0.920731 -0.102308 -0.376554 4.61648 0.0684024 0.992394 -0.102373 0.882556 0.384161 0.0685009 0.920725 2.47076
0.917202 -0.103965 -0.384626 4.79329 0.0693538 0.992281 -0.102828 0.892572 0.392344 0.0676386 0.917334 2.53138
0.916195 -0.105079 -0.386719 4.93152 0.070004 0.992142 -0.103732 0.901145 0.394576 0.0679668 0.91635 2.58304
0.915003 -0.103691 -0.389902 5.0772 0.0688334 0.992364 -0.102376 0.894667 0.397536 0.0668363 0.915155 2.6389
0.914711 -0.10422 -0.390447 5.21365 0.0689127 0.992252 -0.103413 0.900331 0.398195 0.0676865 0.914805 2.68892
0.913999 -0.102454 -0.392579 5.36162 0.0675154 0.992511 -0.101834 0.887658 0.400068 0.066572 0.914072 2.74423
0.91227 -0.100066 -0.397189 5.54819 0.0653805 0.992845 -0.0999648 0.877468 0.404346 0.0652269 0.912283 2.80267
0.912258 -0.0992119 -0.397433 5.6985 0.064167 0.992863 -0.100563 0.887331 0.404568 0.066238 0.912114 2.85906
0.91246 -0.0991488 -0.396982 5.85382 0.0632796 0.992723 -0.10249 0.9052 0.404251 0.0683982 0.912093 2.91572
0.912702 -0.0969816 -0.396963 6.01751 0.060949 0.992875 -0.102433 0.910245 0.404063 0.0692975 0.912111 2.97818
0.913595 -0.095028 -0.395376 6.18173 0.0585221 0.992919 -0.103418 0.925144 0.4024 0.071345 0.912686 3.04033
0.914631 -0.0928844 -0.393487 6.3647 0.0559942 0.992978 -0.104242 0.94626 0.400401 0.0733112 0.913411 3.10637
0.917032 -0.0907235 -0.388369 6.54374 0.053841 0.993035 -0.104842 0.97361 0.395171 0.0752336 0.915527 3.16214
0.919561 -0.0878076 -0.383023 6.73633 0.0511254 0.993167 -0.10494 1.00253 0.389616 0.0769176 0.917769 3.2247
0.92361 -0.0845611 -0.373901 6.92519 0.048207 0.993249 -0.10555 1.0384 0.380298 0.079463 0.92145 3.27121
0.928106 -0.0802846 -0.36357 7.12897 0.0444546 0.993388 -0.10588 1.07529 0.369662 0.0821064 0.92554 3.31493
0.933254 -0.07531 -0.351247 7.34099 0.04029 0.993557 -0.105975 1.11794 0.356961 0.0847507 0.930273 3.3535
0.938471 -0.0703413 -0.338136 7.57246 0.0362258 0.993691 -0.106172 1.16638 0.343466 0.0873904 0.935099 3.39032
0.944162 -0.0636643 -0.323289 7.80778 0.0307294 0.993899 -0.105979 1.20908 0.328059 0.0901271 0.940355 3.41751
0.948899 -0.0581947 -0.31019 8.07948 0.0262306 0.994 -0.106241 1.26839 0.314506 0.0926755 0.944731 3.45844
0.949497 -0.0570581 -0.308564 8.42167 0.0247684 0.993895 -0.107567 1.35198 0.312812 0.0944925 0.945111 3.579
0.950123 -0.05655 -0.306729 8.77005 0.0238989 0.99374 -0.10918 1.43172 0.310978 0.0964042 0.945526 3.69551
0.950953 -0.053081 -0.304767 9.159 0.0200622 0.993684 -0.110466 1.51721 0.308701 0.0989347 0.946008 3.82667
0.953418 -0.0480895 -0.297823 9.51029 0.0155042 0.993725 -0.110822 1.58985 0.301278 0.101043 0.948178 3.94139
0.954301 -0.0466924 -0.2952 9.91189 0.0138184 0.993565 -0.11248 1.68718 0.298546 0.103261 0.948802 4.07537
0.955755 -0.0450858 -0.290717 10.3005 0.0121943 0.993415 -0.113972 1.77609 0.293936 0.105385 0.950009 4.20168
0.956227 -0.0444372 -0.289255 10.7048 0.0113263 0.993291 -0.115149 1.86501 0.292426 0.106833 0.950311 4.33072
0.956801 -0.0429575 -0.28758 11.0902 0.00990626 0.993275 -0.115411 1.95345 0.290598 0.107577 0.95079 4.46244
0.957423 -0.0409087 -0.2858 11.4481 0.00797299 0.993287 -0.115464 2.03939 0.2886 0.108269 0.951318 4.58436
0.957806 -0.0389322 -0.284796 11.7762 0.00604055 0.9933 -0.115469 2.12375 0.287377 0.108878 0.951621 4.69562
0.957947 -0.037858 -0.28446 12.0711 0.00481163 0.993248 -0.115981 2.20412 0.286924 0.109736 0.951657 4.79473
0.95804 -0.0369502 -0.284273 12.3191 0.00363797 0.993153 -0.116829 2.27453 0.286637 0.110894 0.951611 4.87364
0.958172 -0.0350769 -0.284061 12.5206 0.00128788 0.992989 -0.11827 2.33557 0.286212 0.112958 0.951495 4.93444
0.958111 -0.0338218 -0.284424 12.6704 -0.000643267 0.992755 -0.120218 2.39087 0.286423 0.115365 0.951145 4.97413
0.958102 -0.0311711 -0.284753 12.7546 -0.00383377 0.992588 -0.121552 2.4325 0.286425 0.117552 0.950875 4.99678
0.958079 -0.028493 -0.285118 12.7906 -0.00703268 0.992414 -0.122807 2.47029 0.286447 0.119664 0.950607 5.00854
0.957846 -0.025915 -0.286145 12.7414 -0.0101382 0.992266 -0.123799 2.50327 0.287134 0.121482 0.950168 4.99768
0.957569 -0.022313 -0.287375 12.6232 -0.0139901 0.992235 -0.123658 2.52924 0.287895 0.122432 0.949818 4.96786
0.957294 -0.0164297 -0.288688 12.4155 -0.0196369 0.992397 -0.121592 2.54965 0.288484 0.122069 0.949686 4.91842
0.956744 -0.0106368 -0.290772 12.1564 -0.0248526 0.992702 -0.118087 2.5723 0.289899 0.120206 0.949493 4.85846
0.956226 -0.00391452 -0.292643 11.8634 -0.031058 0.992919 -0.114762 2.5915 0.291013 0.118828 0.949326 4.78713
0.955753 0.00136396 -0.294205 11.5424 -0.0357861 0.993114 -0.11165 2.60799 0.292019 0.117239 0.949215 4.70465
0.955165 0.00560974 -0.296065 11.1728 -0.0392987 0.99339 -0.107959 2.61556 0.293496 0.114755 0.949063 4.60422
0.954604 0.0093842 -0.297768 10.8057 -0.0424291 0.993608 -0.104708 2.62833 0.294874 0.112589 0.948895 4.5066
0.953989 0.0136149 -0.299577 10.4411 -0.0464372 0.993639 -0.102715 2.63797 0.296266 0.111901 0.948543 4.40072
0.953547 0.01502 -0.30091 10.0783 -0.0475075 0.993769 -0.10094 2.65002 0.297511 0.110547 0.948313 4.2938
0.953332 0.0145249 -0.301619 9.7473 -0.0466487 0.993949 -0.0995738 2.67404 0.29834 0.108998 0.948232 4.19692
0.95289 0.011843 -0.303128 9.43718 -0.0436902 0.99419 -0.0984968 2.70896 0.300192 0.107101 0.947864 4.10806
0.950904 0.00585484 -0.309474 9.16653 -0.0382601 0.99439 -0.0987424 2.75936 0.307153 0.105737 0.945784 4.04865
0.950479 0.000448283 -0.310831 8.9023 -0.0326278 0.99463 -0.098335 2.79726 0.309109 0.103608 0.945383 3.97076
0.950037 -0.00513813 -0.312139 8.67717 -0.0266413 0.994897 -0.0974581 2.83424 0.311039 0.100906 0.945043 3.9049
0.94894 -0.0135555 -0.315208 8.49609 -0.0177848 0.995202 -0.0963368 2.8885 0.314994 0.0970249 0.944139 3.86794
0.948268 -0.0226645 -0.316706 8.3559 -0.00850073 0.995294 -0.0966735 2.96194 0.317399 0.0943664 0.943603 3.83371
0.946296 -0.033763 -0.321578 8.26443 0.0024821 0.995275 -0.097188 3.04179 0.323332 0.0911717 0.941902 3.8336
0.945339 -0.0457699 -0.322907 8.20412 0.0148209 0.995124 -0.0976568 3.13179 0.325794 0.087535 0.941397 3.8303
0.94461 -0.0577376 -0.323119 8.17863 0.0272769 0.994823 -0.0980182 3.22314 0.327097 0.0837769 0.941288 3.83418
0.943415 -0.0720518 -0.32374 8.1477 0.0432076 0.994514 -0.0954221 3.32655 0.328831 0.076037 0.941341 3.84299
0.942133 -0.0870884 -0.323773 8.16284 0.0602079 0.993937 -0.0921487 3.44766 0.329826 0.0673248 0.941656 3.87368
0.94099 -0.102333 -0.322641 8.20898 0.0778733 0.9931 -0.0878603 3.58162 0.329397 0.0575535 0.942454 3.92389
0.939897 -0.117947 -0.320487 8.2748 0.0963177 0.991933 -0.0825792 3.72314 0.327633 0.0467499 0.943666 3.98679
0.939643 -0.133132 -0.315244 8.34282 0.11492 0.990497 -0.075753 3.87039 0.322325 0.0349563 0.946001 4.06801
0.938928 -0.149498 -0.309992 8.43527 0.134596 0.988506 -0.0690429 4.02544 0.316743 0.0231055 0.948249 4.15262
0.942867 -0.1609 -0.291799 8.42179 0.151437 0.986958 -0.0548821 4.15016 0.296817 0.00756131 0.954924 4.27347
0.947331 -0.172545 -0.269857 8.3931 0.168639 0.984968 -0.0377734 4.25756 0.27231 -0.00972094 0.962179 4.39522
0.951671 -0.184268 -0.245768 8.3601 0.18527 0.982516 -0.0192343 4.36047 0.245008 -0.0272241 0.969158 4.51486
0.955729 -0.195793 -0.219726 8.32747 0.200819 0.979643 0.000561565 4.46172 0.215136 -0.0446579 0.975581 4.64016
0.958976 -0.208635 -0.192018 8.29448 0.216891 0.975946 0.0228059 4.54242 0.182636 -0.0635121 0.981147 4.75535
0.961487 -0.220872 -0.163679 8.26778 0.230916 0.971953 0.0448879 4.62461 0.149168 -0.0809507 0.985511 4.86684
0.963187 -0.233254 -0.133783 8.23886 0.243863 0.967361 0.0691108 4.69282 0.113291 -0.0991854 0.988618 4.97769
0.96356 -0.246519 -0.10398 8.21341 0.256175 0.962184 0.0927628 4.75948 0.0771753 -0.116015 0.990263 5.07809
0.962691 -0.260219 -0.0744787 8.19223 0.26759 0.956375 0.117367 4.81583 0.040685 -0.132911 0.990312 5.17196
0.960781 -0.273638 -0.0453179 8.17214 0.277332 0.950208 0.142195 4.86567 0.00414759 -0.149181 0.988819 5.26207
0.957591 -0.287687 -0.0171017 8.15511 0.286454 0.94362 0.166004 4.91468 -0.0316222 -0.163856 0.985996 5.33942
0.953551 -0.30113 0.00962982 8.13958 0.294016 0.937056 0.188436 4.96117 -0.0657701 -0.176846 0.982057 5.4092
0.94863 -0.314431 0.0356438 8.12441 0.300322 0.930065 0.211703 4.99981 -0.0997183 -0.190115 0.976704 5.47657
0.942848 -0.327913 0.0595188 8.11175 0.306204 0.922851 0.233693 5.03409 -0.13156 -0.202105 0.970506 5.53589
0.936825 -0.340257 0.0813646 8.10008 0.310593 0.91594 0.254203 5.06513 -0.16102 -0.212865 0.963742 5.58761
0.930477 -0.35214 0.101201 8.08965 0.314189 0.908961 0.274051 5.08942 -0.188493 -0.223195 0.956395 5.63359
0.923752 -0.364388 0.118067 8.08397 0.318542 0.901989 0.291514 5.11107 -0.212719 -0.231669 0.949273 5.66642
0.91725 -0.375316 0.133504 8.07826 0.321671 0.895537 0.307523 5.13056 -0.234977 -0.239124 0.942148 5.69737
0.911871 -0.383105 0.14751 8.07293 0.321925 0.890292 0.322147 5.14659 -0.254741 -0.246261 0.935148 5.71982
0.910057 -0.382742 0.159181 8.07027 0.314858 0.888025 0.335119 5.15733 -0.26962 -0.25485 0.928652 5.73121
0.908204 -0.383044 0.168759 8.06922 0.308963 0.885488 0.347112 5.16385 -0.282391 -0.263099 0.922536 5.74083
0.906718 -0.382963 0.176735 8.06813 0.303444 0.883339 0.3573 5.17013 -0.292949 -0.270333 0.917136 5.75091
0.905229 -0.383157 0.183815 8.06488 0.298847 0.881476 0.365682 5.17981 -0.30214 -0.276085 0.91243 5.76463
0.904151 -0.383084 0.189183 8.06182 0.295228 0.880259 0.3715 5.19133 -0.308845 -0.280032 0.908974 5.77691
0.903257 -0.383466 0.19266 8.0603 0.292712 0.878826 0.376853 5.19597 -0.313823 -0.283991 0.906037 5.78792
0.902723 -0.383724 0.19463 8.05817 0.291385 0.878059 0.379653 5.20622 -0.316578 -0.286001 0.904444 5.79846
0.902564 -0.383498 0.195819 8.05498 0.290359 0.877858 0.380906 5.21499 -0.317976 -0.286925 0.903662 5.81253
0.903035 -0.382616 0.195362 8.05081 0.290271 0.878662 0.379112 5.22906 -0.316711 -0.285635 0.904514 5.82842
0.903348 -0.382507 0.194133 8.04621 0.291507 0.879444 0.376344 5.24093 -0.314681 -0.283369 0.905934 5.84547
0.904346 -0.381644 0.191157 8.04005 0.293513 0.881179 0.370679 5.25638 -0.30991 -0.279107 0.908897 5.86859
0.90563 -0.380662 0.186996 8.03369 0.296346 0.883396 0.363076 5.27264 -0.303398 -0.273388 0.912824 5.89538
0.906655 -0.380787 0.181694 8.02801 0.300923 0.885476 0.354128 5.28678 -0.295733 -0.266388 0.917398 5.92032
0.911829 -0.371091 0.175775 8.01787 0.29724 0.891869 0.340958 5.31004 -0.283292 -0.258639 0.923521 5.95188
0.919695 -0.355112 0.167609 8.00778 0.288251 0.900385 0.325958 5.33359 -0.266664 -0.25146 0.930428 5.98437
0.92787 -0.338011 0.157618 7.99897 0.278538 0.909094 0.309836 5.35478 -0.248016 -0.243576 0.937656 6.02068
0.936981 -0.316999 0.147013 7.98648 0.265638 0.919529 0.289712 5.38364 -0.227022 -0.232395 0.945776 6.05822
0.946036 -0.295223 0.133777 7.97592 0.252058 0.929599 0.268971 5.40927 -0.203764 -0.220728 0.953835 6.09839
0.954966 -0.271755 0.119271 7.9648 0.236534 0.939678 0.24716 5.43546 -0.179245 -0.207811 0.961627 6.142
0.963875 -0.245567 0.103347 7.95142 0.218191 0.950165 0.222739 5.46634 -0.152894 -0.192135 0.969407 6.18664
0.972028 -0.218392 0.0866252 7.93668 0.198156 0.960158 0.197136 5.49957 -0.126229 -0.17445 0.976563 6.23311
0.979366 -0.190477 0.0678208 7.9236 0.176672 0.969306 0.171078 5.53322 -0.0983266 -0.155557 0.982942 6.28365
0.985615 -0.16226 0.0476862 7.90913 0.153894 0.97741 0.144985 5.56715 -0.070137 -0.135554 0.988306 6.33514
0.990731 -0.133305 0.0268764 7.89314 0.129227 0.984451 0.119131 5.60198 -0.0423414 -0.114546 0.992538 6.39225
0.99451 -0.10471 0.0049553 7.8773 0.1038 0.990267 0.0929009 5.63898 -0.0146386 -0.0918699 0.995685 6.4533
0.996943 -0.0762548 -0.0182258 7.86336 0.0773235 0.994716 0.0678024 5.67463 0.0129559 -0.068997 0.997556 6.51428
0.997992 -0.0480121 -0.0418081 7.84784 0.0497935 0.997865 0.0426748 5.71525 0.0396649 -0.0446649 0.998237 6.5758
0.997647 -0.0201583 -0.0658567 7.83263 0.0214365 0.999612 0.018769 5.75704 0.0654483 -0.02013 0.997677 6.64163
0.996008 0.00756466 -0.0891861 7.81214 -0.00809075 0.999969 -0.00553967 5.80687 0.0891353 0.00624425 0.996023 6.70931
0.993026 0.0335493 -0.113209 7.79593 -0.0367978 0.998983 -0.026725 5.84892 0.112191 0.03071 0.993237 6.78035
0.988905 0.0587191 -0.136608 7.77819 -0.0657553 0.996719 -0.0475766 5.89875 0.133359 0.0560356 0.989506 6.85733
0.983757 0.0826748 -0.159469 7.7607 -0.0944723 0.99323 -0.0678637 5.95565 0.152772 0.0818313 0.984893 6.94354
0.977785 0.104676 -0.181723 7.74663 -0.121756 0.988889 -0.0855012 6.00793 0.170746 0.105731 0.979649 7.0369
0.971163 0.125196 -0.203009 7.73395 -0.147851 0.983907 -0.100516 6.05734 0.187151 0.127636 0.97403 7.13921
0.964492 0.144523 -0.221163 7.71226 -0.17253 0.978523 -0.112969 6.1053 0.200078 0.147117 0.968696 7.23873
0.961761 0.132705 -0.239686 7.69234 -0.164384 0.979411 -0.117339 6.15857 0.219172 0.152256 0.96376 7.332
0.9591 0.121748 -0.255636 7.66854 -0.15626 0.980505 -0.119286 6.20219 0.236121 0.154355 0.95941 7.42889
0.956305 0.11214 -0.270091 7.6514 -0.149478 0.981248 -0.121845 6.25208 0.251354 0.156897 0.955121 7.52784
0.953477 0.104237 -0.28295 7.63716 -0.144121 0.981782 -0.123974 6.30366 0.264864 0.158988 0.951113 7.62837
0.951203 0.0980205 -0.292658 7.6161 -0.139539 0.982377 -0.124501 6.35111 0.275288 0.159265 0.948106 7.72888
0.949754 0.0937222 -0.298711 7.589 -0.135839 0.983026 -0.123471 6.39651 0.282059 0.157846 0.946348 7.83172
0.948917 0.0916101 -0.302008 7.5617 -0.13433 0.983188 -0.12383 6.45223 0.285578 0.158076 0.945257 7.93791
0.94773 0.0909982 -0.305897 7.5536 -0.134902 0.98289 -0.125563 6.51142 0.289227 0.160268 0.943774 8.03463
0.948126 0.0925475 -0.304201 7.533 -0.136013 0.98282 -0.124915 6.55872 0.287405 0.159813 0.944412 8.12807
0.949378 0.095733 -0.299271 7.51296 -0.137896 0.982791 -0.123065 6.59852 0.28233 0.158106 0.946224 8.2148
0.9509 0.0996014 -0.293112 7.50204 -0.14052 0.982553 -0.121988 6.63977 0.275839 0.157189 0.948293 8.2898
0.953277 0.10728 -0.282488 7.48621 -0.146273 0.98187 -0.120727 6.67801 0.264406 0.156409 0.951669 8.36102
0.955999 0.116761 -0.26922 7.47303 -0.153299 0.981021 -0.118892 6.71304 0.25022 0.154935 0.955741 8.42034
0.959289 0.128771 -0.251452 7.458 -0.162161 0.979841 -0.116857 6.745 0.231326 0.152878 0.960815 8.4753
0.961874 0.143617 -0.232851 7.44707 -0.172013 0.979338 -0.106525 6.76997 0.212733 0.14252 0.96669 8.52058
0.963701 0.161911 -0.212396 7.4415 -0.184819 0.978408 -0.0927262 6.79092 0.192788 0.128617 0.9728 8.55837
0.965439 0.180933 -0.187717 7.43413 -0.198053 0.977206 -0.076704 6.80684 0.169552 0.111234 0.979253 8.5902
0.96669 0.200284 -0.159511 7.42888 -0.211523 0.975744 -0.0567463 6.81355 0.144269 0.0885992 0.985589 8.61461
0.967092 0.220041 -0.127913 7.425 -0.225979 0.973568 -0.0337538 6.81504 0.117098 0.0615527 0.99124 8.63127
0.971463 0.218008 -0.0936981 7.42278 -0.219674 0.975563 -0.00773255 6.8033 0.0897155 0.0280985 0.995596 8.64074
0.978322 0.19936 -0.0564711 7.41727 -0.198465 0.979902 0.0210793 6.80095 0.0595333 -0.00940922 0.99821 8.65612
0.983945 0.17769 -0.0180353 7.41199 -0.176574 0.98297 0.051295 6.80694 0.026837 -0.047282 0.998546 8.67705
0.988112 0.152442 0.0210355 7.40677 -0.153687 0.984521 0.0845041 6.81513 -0.00783137 -0.0867253 0.99623 8.70573
0.990507 0.123634 0.0604789 7.39945 -0.130142 0.984321 0.119226 6.8289 -0.0447946 -0.125958 0.991049 8.7407
0.990842 0.0915874 0.0994646 7.39053 -0.106488 0.981916 0.156657 6.84404 -0.0833199 -0.165806 0.982661 8.7826
0.988952 0.056742 0.137121 7.38019 -0.0832178 0.977118 0.195843 6.86235 -0.122873 -0.205082 0.971028 8.8311
0.984599 0.019173 0.173919 7.36582 -0.0605969 0.96985 0.236138 6.88316 -0.164147 -0.243029 0.956059 8.88837
0.978057 -0.0204369 0.207447 7.35201 -0.0387078 0.960088 0.277077 6.90752 -0.204831 -0.279018 0.938213 8.95107
0.969566 -0.061481 0.237091 7.3371 -0.0175639 0.94806 0.317672 6.93166 -0.244306 -0.312156 0.918112 9.02181
0.957842 -0.107011 0.266712 7.31825 0.00433555 0.933379 0.35892 6.96871 -0.287351 -0.342622 0.894478 9.09151
0.945349 -0.148668 0.29028 7.29772 0.0220606 0.917188 0.397898 7.00335 -0.325392 -0.369735 0.870328 9.17279
0.930181 -0.193771 0.311873 7.27649 0.0414427 0.899401 0.435201 7.04045 -0.364826 -0.391879 0.844621 9.25596
0.9157 -0.235293 0.325855 7.25672 0.0589237 0.880579 0.470267 7.07783 -0.397586 -0.411408 0.820198 9.3402
0.898493 -0.278328 0.339548 7.23499 0.077808 0.8621 0.500768 7.11468 -0.432098 -0.423505 0.796234 9.42246
0.882725 -0.315814 0.348005 7.21322 0.0924048 0.842729 0.530389 7.14553 -0.460771 -0.436016 0.773069 9.51075
0.869408 -0.350291 0.348532 7.192 0.108697 0.823634 0.556644 7.18628 -0.482046 -0.446054 0.754137 9.60289
0.857826 -0.381443 0.344508 7.17036 0.125205 0.805161 0.579726 7.22726 -0.498508 -0.454155 0.738437 9.69722
0.848389 -0.40865 0.336586 7.1476 0.142229 0.788334 0.598616 7.26924 -0.509961 -0.459974 0.726924 9.79328
0.842565 -0.431073 0.32297 7.12559 0.160716 0.773495 0.613123 7.312 -0.514108 -0.464674 0.72099 9.88907
0.838963 -0.449525 0.306788 7.10107 0.179993 0.761176 0.6231 7.35603 -0.513613 -0.467524 0.719499 9.98875
0.838809 -0.462606 0.287132 7.0753 0.200071 0.752358 0.627673 7.4006 -0.506382 -0.469036 0.723629 10.0872
0.848606 -0.458632 0.263773 7.0467 0.210738 0.75032 0.626617 7.45004 -0.485295 -0.476151 0.733365 10.1885
0.859437 -0.452924 0.237232 7.01864 0.223929 0.750563 0.621736 7.49595 -0.459648 -0.481204 0.746473 10.2895
0.869838 -0.447766 0.207218 6.99003 0.241475 0.75261 0.612624 7.5447 -0.430261 -0.482833 0.76276 10.3987
0.880994 -0.438641 0.177466 6.95303 0.257349 0.758908 0.598227 7.59661 -0.39708 -0.481348 0.781466 10.5106
0.890953 -0.431256 0.142387 6.92394 0.276882 0.764319 0.582404 7.63993 -0.35999 -0.479457 0.800364 10.6282
0.899608 -0.423538 0.106639 6.88949 0.296999 0.772253 0.561661 7.68944 -0.32023 -0.473587 0.820503 10.7473
0.906446 -0.416703 0.0690378 6.85461 0.318353 0.781431 0.536712 7.74361 -0.277595 -0.464509 0.840968 10.8709
0.91074 -0.412138 0.0272944 6.82466 0.342418 0.790326 0.508114 7.79748 -0.23098 -0.453398 0.860893 10.9901
0.91252 -0.408823 -0.0149545 6.7926 0.366106 0.799775 0.475784 7.85457 -0.182549 -0.439624 0.879467 11.1108
0.911264 -0.407808 -0.0578105 6.7597 0.38978 0.808463 0.441028 7.91445 -0.133114 -0.424411 0.895665 11.2333
0.906536 -0.40978 -0.101636 6.75036 0.414299 0.81709 0.400955 7.93117 -0.0812565 -0.405575 0.910475 11.2536
0.899187 -0.413137 -0.144337 6.71524 0.436528 0.823456 0.362506 7.99081 -0.0309079 -0.388953 0.920772 11.382
0.890624 -0.414747 -0.186631 6.67865 0.454349 0.829635 0.324526 8.04876 0.020239 -0.373813 0.927315 11.5196
0.884416 -0.407326 -0.22792 6.64126 0.460776 0.839824 0.287105 8.10887 0.0744671 -0.358925 0.930425 11.6602
0.875853 -0.401522 -0.267805 6.60369 0.465653 0.848905 0.250145 8.16973 0.1269 -0.343781 0.930467 11.8036
0.866383 -0.395685 -0.304744 6.56372 0.466924 0.858272 0.213071 8.23594 0.177242 -0.326879 0.928332 11.9448
0.856141 -0.389887 -0.339219 6.52254 0.464913 0.867698 0.176072 8.31275 0.225688 -0.308437 0.924116 12.0951
0.844771 -0.385946 -0.370762 6.48106 0.461985 0.875611 0.141156 8.39282 0.27016 -0.290518 0.917975 12.2415
0.833284 -0.382959 -0.3988 6.43866 0.458211 0.881977 0.11048 8.46393 0.309419 -0.274783 0.910395 12.3886
0.822265 -0.38095 -0.422866 6.39581 0.453793 0.887253 0.0831041 8.53495 0.343524 -0.260214 0.902412 12.5305
0.811753 -0.373875 -0.448707 6.38262 0.448018 0.891484 0.0676995 8.54703 0.374697 -0.255972 0.891148 12.7068
0.804052 -0.361085 -0.472417 6.41138 0.436671 0.897846 0.0569631 8.52284 0.40358 -0.252079 0.879572 12.8859
0.795247 -0.351713 -0.493907 6.44889 0.428181 0.90251 0.0467399 8.53256 0.429309 -0.248639 0.868296 13.0603
0.788688 -0.340829 -0.51173 6.50277 0.417806 0.907713 0.03937 8.5361 0.451075 -0.244841 0.858284 13.2221
0.781886 -0.331219 -0.52822 6.57745 0.408021 0.912445 0.0318183 8.56392 0.471423 -0.240391 0.848553 13.3889
0.776276 -0.31987 -0.54327 6.67022 0.396879 0.917508 0.0268884 8.58772 0.489841 -0.236472 0.83917 13.5575
0.770384 -0.311951 -0.556116 6.76341 0.387323 0.921766 0.0194957 8.64504 0.506516 -0.230403 0.830919 13.7269
0.765513 -0.304283 -0.566979 6.82829 0.372059 0.928231 0.00418766 8.70637 0.524999 -0.214142 0.823765 13.9095
0.760265 -0.303467 -0.574436 6.90603 0.366155 0.930556 -0.00699523 8.84099 0.536655 -0.205002 0.818564 14.0732
0.755117 -0.299526 -0.583224 7.02754 0.36035 0.932766 -0.0124796 8.97502 0.547734 -0.200728 0.812261 14.2463
0.75041 -0.304412 -0.586763 7.05004 0.360234 0.932604 -0.0231311 9.12337 0.554246 -0.194002 0.809474 14.4419
0.749511 -0.307454 -0.586321 7.07248 0.358931 0.932903 -0.0303566 9.24759 0.556299 -0.187684 0.809555 14.618
0.748605 -0.311482 -0.585358 7.10279 0.357847 0.933002 -0.0388259 9.38527 0.558221 -0.180392 0.80989 14.7971
0.748956 -0.316283 -0.582322 7.12755 0.357744 0.932697 -0.0464672 9.53387 0.557811 -0.173508 0.811675 14.9764
0.750093 -0.320227 -0.578699 7.20627 0.357101 0.93258 -0.053186 9.69632 0.556702 -0.166748 0.813852 15.1277
0.753266 -0.323139 -0.572924 7.24657 0.35575 0.93279 -0.0583738 9.85136 0.553266 -0.159835 0.817572 15.2895
0.754885 -0.322238 -0.571307 7.40473 0.353317 0.933625 -0.0597511 9.9226 0.552627 -0.156736 0.818607 15.3999
0.756675 -0.3206 -0.569852 7.57774 0.349234 0.934996 -0.0622978 9.97061 0.552767 -0.15186 0.819429 15.512
0.758432 -0.31959 -0.568089 7.74815 0.345803 0.936089 -0.0649491 10.0162 0.552525 -0.147176 0.82045 15.6223
0.760237 -0.317882 -0.566623 7.91899 0.341925 0.937362 -0.0671083 10.0497 0.552449 -0.142712 0.821286 15.7331
0.76387 -0.314352 -0.56371 8.09876 0.334898 0.939669 -0.0701948 10.087 0.551753 -0.135154 0.823034 15.8391
0.768227 -0.303423 -0.563769 8.20258 0.320478 0.944575 -0.0716684 10.0733 0.554252 -0.125606 0.822865 15.8971
0.772869 -0.292696 -0.563105 8.29201 0.306602 0.949104 -0.0725205 10.0409 0.555657 -0.116589 0.823248 15.9536
0.778018 -0.281298 -0.561812 8.33792 0.292241 0.953607 -0.0727611 10.018 0.556199 -0.107563 0.824106 15.9911
0.783111 -0.268677 -0.560924 8.38272 0.276262 0.958314 -0.0733326 9.99236 0.557229 -0.0975241 0.824664 16.0207
0.787914 -0.255512 -0.560338 8.4252 0.259655 0.962898 -0.073964 9.9634 0.558431 -0.0872061 0.825002 16.0455
0.792581 -0.240767 -0.560298 8.46 0.241064 0.967655 -0.0748112 9.9412 0.560171 -0.0757643 0.824958 16.0632
0.796388 -0.228243 -0.560132 8.47896 0.224513 0.971486 -0.0766527 9.91189 0.561638 -0.0647004 0.824898 16.0643
0.800129 -0.215285 -0.559941 8.4869 0.20731 0.975139 -0.0786842 9.87998 0.562943 -0.0531149 0.824841 16.0543
0.804339 -0.199252 -0.559834 8.46417 0.187246 0.979129 -0.0794585 9.85471 0.563964 -0.0409046 0.824836 16.0341
0.806859 -0.186552 -0.560594 8.43778 0.169974 0.982051 -0.0821603 9.82458 0.565842 -0.0289868 0.824059 15.9949
0.810298 -0.172408 -0.560153 8.42809 0.152805 0.984875 -0.08209 9.80901 0.565815 -0.0190671 0.824362 15.9871
0.812068 -0.160045 -0.561267 8.41252 0.138811 0.987066 -0.0806234 9.81841 0.566892 -0.012431 0.823753 16
0.812097 -0.148706 -0.564325 8.3867 0.126236 0.98889 -0.0789235 9.83896 0.569773 -0.00713486 0.821822 16.0235
0.810425 -0.137292 -0.569606 8.33694 0.113786 0.990562 -0.0768626 9.86643 0.574764 -0.0025149 0.818371 16.0587
0.807072 -0.125888 -0.576945 8.27065 0.102482 0.992079 -0.0731108 9.89867 0.581559 -0.000111261 0.813556 16.0993
0.801901 -0.115238 -0.586314 8.18259 0.0927324 0.993373 -0.0684132 9.93993 0.590292 0.000497074 0.807246 16.1532
0.794993 -0.104297 -0.597652 8.08239 0.0833886 0.994581 -0.0626437 9.98448 0.600926 -2.644e-05 0.799358 16.2085
0.78679 -0.0934794 -0.610174 7.95747 0.0764358 0.995648 -0.0539735 10.0203 0.612542 -0.00416629 0.790485 16.2497
0.776203 -0.0808387 -0.625344 7.80303 0.0663436 0.996747 -0.0465031 10.0557 0.627048 -0.00538186 0.779018 16.2954
0.763316 -0.0704097 -0.642247 7.65372 0.0616969 0.99748 -0.0360263 10.0894 0.643142 -0.012118 0.765711 16.3318
0.748652 -0.0569531 -0.660574 7.48088 0.0518601 0.998316 -0.027299 10.1276 0.660994 -0.0138098 0.750323 16.3752
0.732822 -0.0455477 -0.67896 7.32161 0.0475424 0.998782 -0.0156884 10.1658 0.678823 -0.0207751 0.734071 16.4074
0.716509 -0.0329815 -0.696857 7.15178 0.0411657 0.999175 -0.00496468 10.2135 0.696421 -0.0251188 0.717255 16.438
0.697664 -0.0213458 -0.71617 6.98365 0.0352019 0.999406 0.00450509 10.2878 0.715623 -0.0283459 0.697979 16.4906
0.677681 -0.0195871 -0.735152 6.85095 0.0448249 0.998922 0.0147046 10.3714 0.734046 -0.0429071 0.677809 16.5555
0.648755 -0.0192678 -0.760814 6.75634 0.0556012 0.998245 0.0221317 10.5145 0.759024 -0.0566516 0.648666 16.7469
0.619969 -0.0189403 -0.784451 6.68487 0.0672509 0.997348 0.0290684 10.6559 0.781793 -0.0707645 0.619582 16.9259
0.591132 -0.0169841 -0.806453 6.61768 0.077037 0.996434 0.0354839 10.7996 0.802945 -0.0830929 0.590313 17.1111
0.563042 -0.0141711 -0.826358 6.56746 0.0849128 0.99559 0.0407819 10.9427 0.822106 -0.0931176 0.561747 17.288
0.53441 -0.0106026 -0.845214 6.50093 0.09375 0.994533 0.0468009 11.0844 0.840067 -0.104239 0.532465 17.4881
0.508538 -0.00649373 -0.861066 6.41837 0.100922 0.993565 0.0521108 11.2251 0.855155 -0.113388 0.505908 17.6749
0.485531 -0.00281957 -0.874269 6.35926 0.106353 0.992797 0.0558625 11.367 0.867782 -0.120093 0.482317 17.8551
0.464392 0.00180855 -0.885678 6.33308 0.11046 0.992108 0.059944 11.4885 0.878765 -0.125656 0.460515 18.044
0.444057 0.00586718 -0.896032 6.32931 0.113723 0.991562 0.0628524 11.6151 0.888807 -0.129799 0.439628 18.2633
0.428435 0.00832486 -0.903583 6.36482 0.116782 0.991098 0.0645036 11.7375 0.896044 -0.133143 0.423639 18.4644
0.413343 0.00794066 -0.910593 6.39358 0.119471 0.990884 0.0628727 11.8847 0.902759 -0.134766 0.408613 18.7113
0.412129 0.0092403 -0.911129 6.46153 0.119196 0.990845 0.0639652 11.9808 0.903346 -0.134951 0.407245 18.8596
0.412996 0.00868264 -0.910744 6.53059 0.118301 0.991011 0.0630948 12.0716 0.903071 -0.133788 0.408243 19.0184
0.414038 0.00330336 -0.910305 6.61383 0.127798 0.989916 0.0617199 12.1544 0.901296 -0.141874 0.409431 19.2079
0.418813 -0.0019974 -0.908122 6.68232 0.136463 0.988821 0.0607604 12.2443 0.897815 -0.14936 0.41439 19.438
0.425753 -0.00845219 -0.904852 6.76272 0.145548 0.987613 0.0592592 12.3306 0.893109 -0.156913 0.421699 19.7097
0.436767 -0.0167827 -0.89947 6.83457 0.154643 0.986383 0.0566887 12.4337 0.886238 -0.163844 0.433401 20.0068
0.450637 -0.0271101 -0.892349 6.90573 0.163768 0.985124 0.0527754 12.5523 0.877611 -0.169905 0.448362 20.3161
0.467025 -0.0379725 -0.883482 6.97572 0.171673 0.984002 0.0484579 12.676 0.867476 -0.174289 0.466057 20.6311
0.485098 -0.0497629 -0.873097 7.0493 0.180015 0.982718 0.0440072 12.8011 0.855786 -0.178501 0.485659 20.9566
0.504077 -0.0617981 -0.861501 7.14348 0.189257 0.981139 0.040358 12.9057 0.842726 -0.183375 0.506247 21.2794
0.526266 -0.0738809 -0.84716 7.22277 0.196209 0.979924 0.0364288 13.0085 0.82743 -0.185374 0.530182 21.5632
0.54969 -0.0854321 -0.831047 7.30477 0.20404 0.9784 0.0343822 13.0955 0.810128 -0.188453 0.555229 21.8484
0.571224 -0.0945585 -0.815388 7.35988 0.21083 0.976957 0.0344036 13.1892 0.793315 -0.191543 0.577981 22.1767
0.591056 -0.104795 -0.799855 7.44142 0.219172 0.975129 0.0342008 13.275 0.776348 -0.195506 0.599301 22.4987
0.6076 -0.114777 -0.785968 7.54976 0.228286 0.973027 0.0343871 13.3526 0.76079 -0.200301 0.617395 22.8099
0.621417 -0.128496 -0.772935 7.67682 0.241918 0.969768 0.0332782 13.4274 0.745263 -0.207652 0.633692 23.1055
0.633155 -0.137062 -0.761857 7.81806 0.251891 0.96715 0.0353449 13.494 0.731956 -0.214265 0.646863 23.3847
0.642239 -0.141277 -0.753438 7.98329 0.258815 0.965157 0.0396438 13.5594 0.721556 -0.220447 0.6564 23.6509
0.647938 -0.1501 -0.746823 8.13703 0.269498 0.962193 0.0404305 13.6353 0.71249 -0.227444 0.663874 23.8847
0.654099 -0.155842 -0.740249 8.26755 0.275624 0.960421 0.0413551 13.7269 0.704476 -0.231064 0.671138 24.0945
0.655997 -0.164104 -0.736776 8.39699 0.284593 0.957854 0.0400483 13.8205 0.699121 -0.235933 0.675033 24.2726
0.65305 -0.170982 -0.73783 8.54536 0.293393 0.95527 0.0383132 13.9219 0.698246 -0.241478 0.673977 24.4412
0.65599 -0.173826 -0.73455 8.58429 0.296225 0.954377 0.038699 14.0389 0.69428 -0.242957 0.677534 24.6104
0.661359 -0.173687 -0.729755 8.54028 0.294478 0.954885 0.0396123 14.198 0.68992 -0.241078 0.682641 24.8407
0.662065 -0.17172 -0.729578 8.50383 0.292601 0.955414 0.0406521 14.3628 0.690037 -0.240368 0.682772 25.0908
0.660178 -0.169239 -0.731868 8.46472 0.28988 0.956261 0.0403612 14.5379 0.692993 -0.238782 0.680332 25.3407
0.654687 -0.165938 -0.737533 8.41711 0.287933 0.956846 0.0403125 14.7178 0.698983 -0.238731 0.674195 25.6165
0.647806 -0.16201 -0.744452 8.38063 0.284797 0.957829 0.039383 14.8934 0.706643 -0.237512 0.666598 25.8629
0.639874 -0.157096 -0.752323 8.33769 0.280934 0.958991 0.038695 15.0645 0.715358 -0.236091 0.657749 26.1013
0.632051 -0.150488 -0.760246 8.29836 0.277907 0.959781 0.041064 15.2094 0.723456 -0.237214 0.648423 26.3207
0.623451 -0.143465 -0.768657 8.26061 0.275025 0.960483 0.0438051 15.3493 0.731963 -0.238688 0.638254 26.5329
0.613896 -0.13645 -0.777574 8.22588 0.271609 0.961371 0.0457365 15.4923 0.741262 -0.239256 0.627215 26.7396
0.604425 -0.129879 -0.786073 8.19333 0.26818 0.962256 0.0472229 15.6314 0.750234 -0.239329 0.616425 26.9339
0.595154 -0.123199 -0.794181 8.15641 0.26503 0.963034 0.0492229 15.7674 0.758723 -0.239759 0.605778 27.129
0.586239 -0.11698 -0.801716 8.12458 0.261902 0.963798 0.0508856 15.8996 0.766702 -0.23978 0.595637 27.3153
0.579056 -0.111237 -0.807731 8.09254 0.258261 0.96471 0.0522939 16.0289 0.773372 -0.238869 0.587324 27.493
0.57238 -0.105781 -0.813205 8.06311 0.255984 0.965181 0.0546296 16.1498 0.779073 -0.239414 0.579513 27.67
0.567292 -0.100998 -0.817367 8.04156 0.253754 0.965651 0.0568 16.2672 0.783517 -0.239615 0.57341 27.8413
0.565588 -0.097651 -0.818954 8.01328 0.252006 0.965979 0.0588624 16.3801 0.785306 -0.23965 0.570939 28.0033
0.566396 -0.0954873 -0.81865 7.98744 0.250765 0.966188 0.0608031 16.4902 0.785126 -0.23971 0.571165 28.16
0.570819 -0.0949077 -0.81564 7.96219 0.249717 0.966357 0.0623214 16.597 0.782246 -0.239231 0.575299 28.3087
0.578849 -0.09557 -0.809883 7.93757 0.249518 0.966284 0.064316 16.6976 0.776392 -0.239292 0.583153 28.4525
0.590128 -0.0979084 -0.80142 7.91592 0.249864 0.966077 0.0659678 16.7945 0.767736 -0.239153 0.594557 28.5911
0.605123 -0.10191 -0.789652 7.89364 0.251155 0.965618 0.0678489 16.885 0.755551 -0.239364 0.609886 28.7251
0.622966 -0.107836 -0.774852 7.87278 0.253401 0.964911 0.0694464 16.9717 0.740137 -0.239588 0.628415 28.8532
0.643733 -0.114643 -0.756688 7.85242 0.255832 0.96412 0.0715768 17.0537 0.721296 -0.239644 0.649936 28.975
0.666373 -0.122873 -0.735499 7.83275 0.25873 0.963195 0.0735063 17.1314 0.699361 -0.239256 0.673619 29.091
0.690469 -0.132686 -0.711168 7.81463 0.262588 0.962004 0.0754652 17.2048 0.674099 -0.238833 0.699043 29.2
0.714376 -0.143668 -0.684935 7.7997 0.267074 0.960636 0.0770614 17.2731 0.646869 -0.237957 0.724603 29.3029
0.739654 -0.154383 -0.655127 7.7847 0.270861 0.959363 0.0797386 17.3368 0.616161 -0.23641 0.751377 29.3985
0.76469 -0.164555 -0.623122 7.77304 0.274045 0.958151 0.0832803 17.3945 0.58331 -0.234425 0.777759 29.4887
0.789132 -0.173612 -0.589274 7.76223 0.276237 0.95711 0.0879483 17.4455 0.5487 -0.232164 0.803206 29.5754
0.812911 -0.184803 -0.55239 7.75204 0.279919 0.95563 0.0922335 17.4932 0.510807 -0.22958 0.828545 29.6497
0.834871 -0.195701 -0.514596 7.74321 0.28342 0.954134 0.096966 17.5357 0.471989 -0.226783 0.852002 29.721
0.855574 -0.204641 -0.475633 7.73841 0.285278 0.952924 0.103171 17.5709 0.432103 -0.223937 0.873647 29.7846
0.873952 -0.216782 -0.435122 7.73328 0.289273 0.951293 0.107078 17.6105 0.390691 -0.219433 0.894049 29.8393
0.890646 -0.226759 -0.394261 7.72897 0.292023 0.949706 0.113472 17.6396 0.348679 -0.216175 0.912038 29.8891
0.904592 -0.238586 -0.353426 7.72519 0.296036 0.947941 0.117795 17.6726 0.306902 -0.211166 0.928081 29.9328
0.916783 -0.248064 -0.313188 7.72139 0.298353 0.946453 0.123718 17.6962 0.265709 -0.206842 0.941667 29.9729
0.92687 -0.256133 -0.274646 7.72223 0.299778 0.945127 0.130288 17.7162 0.226186 -0.203076 0.952741 30.0077
0.935364 -0.263061 -0.236654 7.7218 0.300173 0.944039 0.137052 17.7314 0.187343 -0.19921 0.961947 30.0341
0.942689 -0.266518 -0.201065 7.71986 0.297736 0.943599 0.145196 17.734 0.151012 -0.196722 0.96882 30.0577
0.953059 -0.252181 -0.167918 7.72128 0.277711 0.9487 0.15146 17.7466 0.121096 -0.190964 0.974163 30.069
0.961508 -0.238686 -0.136579 7.71995 0.259005 0.952896 0.158154 17.7535 0.0923836 -0.187425 0.977985 30.0758
0.968337 -0.225117 -0.108442 7.72134 0.240863 0.956417 0.16538 17.7515 0.066476 -0.186244 0.980317 30.0776
0.973056 -0.215409 -0.0829671 7.72366 0.226856 0.958787 0.171382 17.7571 0.0426202 -0.18557 0.981766 30.0744
0.976745 -0.20606 -0.0601938 7.72387 0.213616 0.960673 0.177692 17.7611 0.0212033 -0.186399 0.98231 30.0785
0.979453 -0.198024 -0.0397637 7.72447 0.201961 0.96193 0.184418 17.7594 0.00172194 -0.188643 0.982104 30.0767
0.981263 -0.191631 -0.0227237 7.72926 0.192418 0.962747 0.190242 17.7653 -0.0145859 -0.19103 0.981541 30.0806
0.982625 -0.185752 -0.0081983 7.73358 0.183719 0.96325 0.196226 17.7666 -0.0285599 -0.194307 0.980586 30.0828
0.983477 -0.181335 0.00263736 7.74299 0.177095 0.963429 0.201344 17.7703 -0.0390572 -0.197531 0.979584 30.0886
0.98409 -0.177636 0.0117035 7.74897 0.171459 0.963479 0.205957 17.7755 -0.0478681 -0.200657 0.978553 30.097
0.984475 -0.174944 0.0179015 7.75746 0.167375 0.963363 0.2098 17.7812 -0.0539539 -0.203527 0.977648 30.1052
0.98467 -0.173223 0.0233311 7.75585 0.164367 0.963106 0.213352 17.7872 -0.0594339 -0.206229 0.976759 30.1171
0.984765 -0.172354 0.0254765 7.76178 0.162909 0.962751 0.216032 17.7923 -0.061766 -0.20857 0.976121 30.1251
0.984824 -0.171998 0.0257409 7.76419 0.162377 0.962404 0.217994 17.7972 -0.0622736 -0.210488 0.975673 30.1326
0.984717 -0.1728 0.0242953 7.76447 0.163477 0.962238 0.21788 17.8076 -0.0610322 -0.210558 0.975741 30.1415
0.984508 -0.174334 0.0218467 7.75555 0.165481 0.961872 0.218007 17.8126 -0.0590258 -0.210997 0.975765 30.1516
0.984306 -0.175961 0.0172251 7.74832 0.168115 0.961662 0.216892 17.8222 -0.0547342 -0.210572 0.976111 30.1657
0.983948 -0.178542 0.00969952 7.74359 0.17232 0.961372 0.214892 17.8337 -0.0476986 -0.209754 0.976652 30.1818
0.983224 -0.182725 0.000604087 7.73464 0.178468 0.961031 0.211344 17.8465 -0.0392041 -0.207671 0.977479 30.1993
0.982247 -0.187686 -0.00949138 7.72207 0.185549 0.96063 0.20705 17.8572 -0.02975 -0.205118 0.978347 30.2112
0.985246 -0.169977 -0.0227449 7.71432 0.171051 0.964592 0.201006 17.8796 -0.012234 -0.201911 0.979395 30.2349
0.988039 -0.149628 -0.0389333 7.70977 0.154372 0.968499 0.195672 17.8914 0.00841944 -0.199325 0.979959 30.2574
0.989959 -0.129787 -0.0570672 7.70366 0.13833 0.97239 0.188208 17.9157 0.031055 -0.194193 0.980539 30.2821
0.99122 -0.107907 -0.0772323 7.6977 0.120356 0.976164 0.180907 17.9362 0.0558582 -0.188598 0.980527 30.3092
0.991203 -0.0877727 -0.0996704 7.68923 0.104086 0.97954 0.172534 17.9616 0.0824747 -0.181372 0.980019 30.3384
0.990062 -0.0667151 -0.124317 7.68419 0.0867312 0.982804 0.163356 17.9874 0.111266 -0.1725 0.978767 30.3665
0.98751 -0.0451404 -0.151353 7.67975 0.0688376 0.985529 0.155229 18.0077 0.142139 -0.163691 0.976287 30.3941
0.983404 -0.0267912 -0.179792 7.67446 0.0535945 0.987892 0.145972 18.0363 0.173686 -0.153172 0.972879 30.4209
0.977735 -0.0094342 -0.209926 7.66883 0.0388235 0.989951 0.13635 18.0656 0.206511 -0.141448 0.968236 30.4482
0.970436 0.00655773 -0.241536 7.66342 0.0248883 0.991654 0.126944 18.0929 0.240331 -0.12919 0.96212 30.4752
0.961492 0.0194999 -0.274367 7.65615 0.0132278 0.993101 0.116952 18.1242 0.274731 -0.116063 0.954562 30.5022
0.950611 0.0327987 -0.308856 7.65051 0.000601443 0.994266 0.107456 18.1517 0.310584 -0.102324 0.945088 30.5322
0.937555 0.0450308 -0.345093 7.64713 -0.0111189 0.995013 0.099642 18.1736 0.347831 -0.0895698 0.933342 30.5613
0.922398 0.0554168 -0.382415 7.64347 -0.0219011 0.995623 0.0914674 18.1971 0.385781 -0.0759848 0.919524 30.5927
0.905187 0.0607584 -0.420799 7.64123 -0.0287608 0.99627 0.0819919 18.225 0.424179 -0.0621041 0.903522 30.6231
0.88602 0.0628142 -0.459512 7.63819 -0.0330973 0.996878 0.0724658 18.2516 0.462597 -0.0489898 0.885285 30.6528
0.865601 0.0625185 -0.496945 7.63162 -0.035787 0.997414 0.0631538 18.275 0.499572 -0.0368718 0.865566 30.6807
0.842139 0.0605224 -0.535973 7.63177 -0.0370836 0.997885 0.0544251 18.2912 0.538098 -0.0259512 0.842558 30.7036
0.816749 0.050868 -0.574859 7.63034 -0.0325439 0.998634 0.0421366 18.3127 0.576178 -0.0156978 0.817257 30.7219
0.788265 0.0412089 -0.614059 7.63365 -0.0272802 0.99917 0.0320428 18.3199 0.61483 -0.00850079 0.788694 30.737
0.758512 0.0232049 -0.651345 7.63159 -0.0161906 0.999781 0.0167703 18.3363 0.651548 -0.00216634 0.758694 30.7482
0.72601 0.00402237 -0.687765 7.63253 -0.00410355 1.00005 0.00152478 18.3459 0.687762 0.0017208 0.726024 30.7564
0.690479 -0.0167868 -0.723249 7.63707 0.00955141 0.999909 -0.014084 18.3478 0.723372 0.00282532 0.690551 30.7595
0.653314 -0.0433908 -0.755927 7.639 0.028416 0.999115 -0.0327841 18.3527 0.756636 -5.61479e-05 0.653936 30.7587
0.612928 -0.0757938 -0.78658 7.64258 0.05627 0.997102 -0.0522272 18.3588 0.788209 -0.0122391 0.615396 30.7639
