1 0 0 0 0 1 0 0 0 0 1 0
0.999012 -0.0199172 0.0397302 0.0574339 0.0198848 0.999802 0.0012108 0.0842693 -0.0397464 -0.000419607 0.99921 -0.104538
0.995936 -0.0413271 0.0800323 0.137949 0.0412629 0.999145 0.00245409 0.192988 -0.0800655 0.000858197 0.99679 -0.212617
0.990321 -0.0662497 0.121969 0.235984 0.066141 0.997799 0.0049448 0.315204 -0.122027 0.00317007 0.992523 -0.345712
0.981963 -0.0905116 0.166009 0.338023 0.0906273 0.995862 0.00689252 0.440618 -0.165946 0.00827676 0.986101 -0.491988
0.970948 -0.117513 0.208463 0.479221 0.117962 0.992965 0.0103226 0.574829 -0.208209 0.0145676 0.977978 -0.681291
0.957232 -0.141384 0.252433 0.604643 0.142596 0.98969 0.0135841 0.721053 -0.25175 0.0229928 0.967521 -0.843429
0.940135 -0.168222 0.2964 0.717424 0.170454 0.985191 0.0184962 0.871096 -0.295122 0.0331332 0.954887 -1.00197
0.92072 -0.193154 0.339074 0.82615 0.196116 0.980243 0.0258602 1.02088 -0.337369 0.042688 0.940407 -1.16142
0.898682 -0.21605 0.381704 0.939095 0.219955 0.974918 0.0339602 1.16976 -0.379467 0.0534378 0.923664 -1.30549
0.87413 -0.236578 0.424185 1.04028 0.24129 0.969486 0.0434684 1.30431 -0.421522 0.0643546 0.904535 -1.4615
0.84932 -0.253131 0.463235 1.18108 0.259686 0.964354 0.0508448 1.47225 -0.459592 0.0771114 0.88478 -1.60999
0.824164 -0.265098 0.500483 1.31502 0.27464 0.959912 0.0561848 1.63729 -0.495311 0.0911477 0.863925 -1.76979
0.797293 -0.277693 0.535927 1.43915 0.291288 0.954668 0.0613225 1.77971 -0.528661 0.107216 0.842039 -1.94241
0.772155 -0.288527 0.566159 1.57832 0.307584 0.949353 0.0643092 1.92364 -0.556036 0.124485 0.821788 -2.11342
0.747516 -0.30114 0.592064 1.69789 0.321815 0.943914 0.0738017 1.96882 -0.581087 0.135365 0.802509 -2.32787
0.726307 -0.30975 0.613631 1.86521 0.333707 0.939354 0.0791834 2.07029 -0.600939 0.147262 0.785618 -2.51414
0.706733 -0.3153 0.633342 1.98371 0.341049 0.936142 0.085488 2.13103 -0.619858 0.155581 0.769142 -2.69548
0.691208 -0.315066 0.650366 2.09662 0.34275 0.93523 0.0887898 2.18799 -0.636212 0.161541 0.754421 -2.87248
0.67912 -0.314701 0.66315 2.19288 0.344895 0.934291 0.0901852 2.22994 -0.647963 0.167467 0.743041 -3.05413
0.669598 -0.314158 0.67302 2.29849 0.347527 0.933359 0.0899178 2.28176 -0.656412 0.173684 0.734146 -3.21021
0.666971 -0.307021 0.678893 2.41211 0.342861 0.935416 0.0862008 2.34673 -0.661519 0.17527 0.729167 -3.36329
0.669821 -0.29539 0.681247 2.49907 0.333794 0.939332 0.0790972 2.39526 -0.663275 0.174415 0.727777 -3.52186
0.676633 -0.281099 0.680559 2.58385 0.321098 0.944386 0.0708365 2.43385 -0.662629 0.170593 0.729269 -3.67665
0.686212 -0.263728 0.67792 2.64875 0.304714 0.950479 0.0613177 2.45517 -0.660513 0.164494 0.732584 -3.82278
0.699248 -0.243949 0.671976 2.71024 0.285312 0.957092 0.0505745 2.47169 -0.655486 0.156356 0.738852 -3.9641
0.713533 -0.220062 0.665174 2.7452 0.261292 0.964491 0.0387981 2.48245 -0.650086 0.14612 0.74569 -4.08591
0.730031 -0.194014 0.655305 2.77612 0.234628 0.971722 0.0263213 2.49049 -0.641885 0.134535 0.754915 -4.20465
0.747991 -0.166583 0.642475 2.82204 0.206259 0.978415 0.013554 2.51068 -0.630859 0.122376 0.766196 -4.30835
0.766938 -0.136944 0.62695 2.88136 0.176352 0.98432 -0.000715792 2.55288 -0.617025 0.11111 0.77907 -4.3982
0.784619 -0.105937 0.610875 2.87282 0.143119 0.989642 -0.0121993 2.55103 -0.603248 0.0969985 0.791645 -4.50128
0.800053 -0.0738153 0.595383 2.88376 0.109399 0.993707 -0.0238001 2.57857 -0.589883 0.0841737 0.803099 -4.55236
0.81564 -0.0397854 0.577206 2.8987 0.0728468 0.996768 -0.0342285 2.61209 -0.57397 0.0699642 0.815894 -4.59587
0.830512 -0.00683478 0.556972 2.91359 0.037216 0.998366 -0.0432363 2.64049 -0.555769 0.0566347 0.829415 -4.6469
0.844167 0.0247996 0.535523 2.93167 0.00234787 0.998762 -0.049945 2.66094 -0.536091 0.0434179 0.843055 -4.70495
0.856137 0.0564966 0.513665 2.94382 -0.0330664 0.997952 -0.054645 2.6761 -0.515703 0.029797 0.856258 -4.76374
0.866152 0.0860478 0.492338 2.95732 -0.0667452 0.996173 -0.0566718 2.68881 -0.495322 0.0162237 0.868569 -4.81053
0.874053 0.114645 0.472125 2.9667 -0.10009 0.993398 -0.0559242 2.70062 -0.475423 0.00162428 0.879766 -4.83937
0.880485 0.141093 0.452614 2.97926 -0.131378 0.989928 -0.0530012 2.71131 -0.455527 -0.0127986 0.890141 -4.86428
0.885493 0.163861 0.43482 2.99901 -0.158564 0.986139 -0.0487138 2.73755 -0.436778 -0.0258121 0.89921 -4.86749
0.889193 0.183814 0.419009 3.01623 -0.183024 0.982204 -0.0424619 2.76102 -0.419351 -0.0389337 0.907 -4.87178
0.891122 0.20125 0.406714 3.02111 -0.205521 0.978067 -0.0336655 2.78083 -0.40457 -0.0535884 0.912946 -4.86703
0.891563 0.216226 0.397974 3.02429 -0.226108 0.973854 -0.0225542 2.80445 -0.39244 -0.0698788 0.91713 -4.84747
0.891294 0.227943 0.391987 3.03129 -0.243558 0.969827 -0.0101632 2.83391 -0.382477 -0.0864131 0.919926 -4.82827
0.889369 0.238343 0.390182 3.03469 -0.260085 0.965594 0.00301347 2.88176 -0.376034 -0.104162 0.920746 -4.79473
0.888968 0.245127 0.386872 3.0515 -0.27334 0.961729 0.0187198 2.88957 -0.367479 -0.122388 0.921955 -4.80637
0.88832 0.247823 0.386648 3.07165 -0.283043 0.958445 0.035986 2.90774 -0.361657 -0.141407 0.921539 -4.80998
0.887505 0.250505 0.386787 3.09116 -0.292602 0.954757 0.0530312 2.92517 -0.356005 -0.160239 0.920655 -4.83817
0.886558 0.250582 0.388909 3.10863 -0.299923 0.951349 0.0707494 2.95036 -0.352254 -0.179368 0.91857 -4.84936
0.886535 0.248392 0.390359 3.12736 -0.30543 0.947901 0.0904843 2.94012 -0.347548 -0.199442 0.916219 -4.90247
0.886089 0.246175 0.392777 3.15393 -0.310065 0.944637 0.107453 3.00065 -0.344574 -0.217001 0.913349 -4.88022
0.885982 0.241901 0.395656 3.16658 -0.313909 0.94082 0.127712 2.99349 -0.341349 -0.237348 0.909489 -4.90277
0.883675 0.238901 0.402589 3.15749 -0.320003 0.935956 0.147004 3.02737 -0.341681 -0.258735 0.903515 -4.87352
0.8834 0.233876 0.406118 3.16787 -0.323391 0.931395 0.167071 3.04133 -0.339185 -0.278921 0.898433 -4.87148
0.881598 0.231382 0.411437 3.15731 -0.329207 0.926048 0.184626 3.08569 -0.338286 -0.298215 0.89256 -4.84041
0.882464 0.225496 0.412839 3.16652 -0.331312 0.920941 0.205165 3.06227 -0.333938 -0.317824 0.887411 -4.86471
0.881192 0.223231 0.416777 3.15172 -0.336479 0.915373 0.221143 3.09135 -0.332135 -0.335107 0.881716 -4.84699
0.881324 0.21951 0.418464 3.15192 -0.339396 0.910206 0.237335 3.11577 -0.328793 -0.351188 0.876692 -4.83275
0.880015 0.219144 0.421407 3.12829 -0.345644 0.903993 0.251709 3.14947 -0.325783 -0.367165 0.871258 -4.80909
0.881316 0.217086 0.419742 3.1375 -0.348933 0.897936 0.268233 3.16353 -0.318674 -0.382854 0.867119 -4.79762
0.880721 0.21927 0.419867 3.12227 -0.355485 0.891788 0.279958 3.20727 -0.31304 -0.395821 0.863347 -4.7781
0.88374 0.215388 0.415501 3.13177 -0.354133 0.888175 0.292796 3.22585 -0.305975 -0.405891 0.861196 -4.77593
0.886851 0.212393 0.410391 3.13952 -0.353158 0.884287 0.305531 3.23626 -0.298005 -0.415893 0.859223 -4.77394
0.888096 0.212155 0.407806 3.11815 -0.355014 0.880095 0.315266 3.26922 -0.292025 -0.424755 0.856931 -4.75917
0.890462 0.212237 0.402582 3.1092 -0.35659 0.875017 0.327447 3.27661 -0.282764 -0.435135 0.854835 -4.74681
0.893772 0.211787 0.39541 3.11574 -0.356412 0.87052 0.339353 3.27853 -0.272343 -0.444225 0.853533 -4.74859
0.896458 0.212547 0.388878 3.12121 -0.357046 0.866192 0.349661 3.2929 -0.262518 -0.452303 0.852378 -4.74781
0.898442 0.214205 0.383339 3.11238 -0.358673 0.861591 0.359179 3.30847 -0.253345 -0.460186 0.850923 -4.74845
0.899952 0.21607 0.378735 3.10437 -0.360616 0.857097 0.367933 3.3282 -0.245108 -0.467699 0.849248 -4.74542
0.901505 0.217623 0.374113 3.09812 -0.361971 0.852963 0.376067 3.34468 -0.237266 -0.474435 0.847727 -4.74852
0.902907 0.21893 0.369958 3.09943 -0.363018 0.849258 0.383421 3.36638 -0.230243 -0.480494 0.846261 -4.758
0.904446 0.219327 0.365931 3.10715 -0.362975 0.846307 0.389886 3.38404 -0.224179 -0.485445 0.845052 -4.77878
0.906225 0.218317 0.362127 3.13052 -0.361546 0.844163 0.395863 3.40536 -0.219266 -0.489665 0.843917 -4.80342
0.90605 0.217768 0.36288 3.1244 -0.362803 0.841136 0.401077 3.4292 -0.217891 -0.495041 0.841121 -4.82175
0.906417 0.214868 0.363706 3.13624 -0.361994 0.838855 0.406591 3.45612 -0.217729 -0.500199 0.838117 -4.83938
0.906066 0.211644 0.36645 3.14581 -0.361891 0.836362 0.411742 3.48346 -0.219343 -0.50567 0.834394 -4.86237
0.904542 0.206545 0.373077 3.14629 -0.361863 0.834641 0.415287 3.5217 -0.225605 -0.510645 0.829693 -4.89463
0.905712 0.198077 0.374817 3.22211 -0.35625 0.834851 0.419652 3.55994 -0.229794 -0.5136 0.826704 -4.94547
0.905282 0.186688 0.38165 3.26655 -0.351429 0.83384 0.425726 3.5764 -0.238752 -0.519521 0.820453 -4.99939
0.900522 0.175753 0.397755 3.25463 -0.352354 0.830939 0.430565 3.59458 -0.254839 -0.527871 0.810209 -5.04906
0.896194 0.160724 0.413582 3.26856 -0.350246 0.828493 0.436993 3.6169 -0.272408 -0.536482 0.798768 -5.10105
0.894278 0.122781 0.430385 3.29697 -0.328662 0.832876 0.445307 3.62126 -0.303783 -0.539666 0.78518 -5.16811
0.890662 0.0790642 0.447791 3.33774 -0.302883 0.83767 0.454541 3.62016 -0.339155 -0.540466 0.770013 -5.24655
0.883991 0.029826 0.466595 3.37903 -0.274532 0.840914 0.466366 3.61257 -0.378457 -0.540344 0.751552 -5.32564
0.874032 -0.0227988 0.485383 3.42166 -0.243759 0.843563 0.478561 3.59677 -0.420352 -0.536589 0.731729 -5.42061
0.857925 -0.0788536 0.507728 3.43812 -0.214313 0.84317 0.493088 3.57314 -0.466984 -0.531831 0.706481 -5.49458
0.83737 -0.134489 0.529879 3.47594 -0.184709 0.842681 0.505776 3.5865 -0.514527 -0.52139 0.680783 -5.57247
0.811833 -0.189903 0.552182 3.49681 -0.156237 0.840513 0.518777 3.59238 -0.562634 -0.507418 0.65269 -5.6583
0.783458 -0.246279 0.570607 3.53692 -0.125756 0.836337 0.533633 3.58648 -0.608626 -0.489831 0.624253 -5.75806
0.750594 -0.301177 0.588168 3.5769 -0.0962267 0.83078 0.548222 3.58874 -0.65375 -0.468077 0.594601 -5.86111
0.714722 -0.354254 0.6031 3.62533 -0.0669827 0.823643 0.563172 3.58986 -0.696227 -0.442904 0.564938 -5.96987
0.6744 -0.401638 0.619606 3.65659 -0.043131 0.816262 0.576074 3.61159 -0.737134 -0.415217 0.533167 -6.06587
0.633579 -0.444601 0.633216 3.6969 -0.0192137 0.809138 0.587338 3.63987 -0.773469 -0.384287 0.504103 -6.18039
0.592822 -0.484608 0.643239 3.74576 0.00435682 0.800612 0.599172 3.6551 -0.805347 -0.35239 0.476736 -6.30824
0.551209 -0.519731 0.652768 3.78526 0.0236003 0.791736 0.61044 3.66266 -0.834061 -0.32107 0.448672 -6.42712
0.511746 -0.548863 0.660987 3.82186 0.0405849 0.783921 0.619538 3.66881 -0.858202 -0.290211 0.423447 -6.55904
0.476344 -0.574953 0.665271 3.88393 0.0594456 0.775943 0.628027 3.67707 -0.877273 -0.259605 0.403789 -6.71459
0.444354 -0.596495 0.668417 3.95292 0.0752169 0.768308 0.635652 3.68368 -0.892711 -0.232171 0.386271 -6.86937
0.418741 -0.610087 0.672689 4.01634 0.0888468 0.764721 0.638238 3.69977 -0.903774 -0.207487 0.374421 -7.04592
0.397765 -0.618933 0.677305 4.08112 0.0993224 0.762904 0.638843 3.7144 -0.912118 -0.186832 0.364934 -7.21528
0.383978 -0.62067 0.683661 4.13972 0.106496 0.765239 0.634908 3.73509 -0.917205 -0.17098 0.35993 -7.39208
0.376282 -0.61809 0.690228 4.20029 0.109834 0.769462 0.629185 3.74355 -0.919995 -0.160934 0.357426 -7.56141
0.37431 -0.60979 0.698649 4.25833 0.108214 0.776987 0.620179 3.75281 -0.920993 -0.156532 0.356818 -7.72113
0.378914 -0.598178 0.706148 4.32401 0.105161 0.785913 0.609336 3.75158 -0.91946 -0.156621 0.360703 -7.89112
0.388495 -0.580584 0.71558 4.37804 0.0978862 0.798179 0.59445 3.75585 -0.916262 -0.160892 0.366916 -8.05711
0.403015 -0.55748 0.725834 4.42635 0.0876594 0.812937 0.575724 3.76556 -0.91101 -0.168393 0.376497 -8.22816
0.420714 -0.532044 0.73484 4.48337 0.0738344 0.827398 0.55678 3.76617 -0.904209 -0.179985 0.387377 -8.39285
0.442087 -0.50263 0.742943 4.54409 0.0571389 0.842351 0.535898 3.76729 -0.895175 -0.194455 0.401116 -8.56231
0.465377 -0.468092 0.751248 4.60261 0.039267 0.858832 0.510796 3.79171 -0.884268 -0.208209 0.418055 -8.73844
0.49004 -0.428097 0.759367 4.64885 0.0184878 0.876013 0.48194 3.82915 -0.87153 -0.222122 0.437198 -8.92404
0.515576 -0.388836 0.763575 4.70678 -0.00312812 0.890276 0.455464 3.84504 -0.856866 -0.23721 0.457781 -9.11596
0.539995 -0.347795 0.766478 4.7549 -0.0277395 0.902785 0.429201 3.8541 -0.841238 -0.253018 0.477855 -9.30603
0.565568 -0.307665 0.765202 4.82668 -0.0519613 0.9127 0.405373 3.85703 -0.823093 -0.269022 0.500199 -9.51112
0.589154 -0.265559 0.763167 4.89165 -0.0781 0.921317 0.380894 3.86277 -0.804267 -0.283997 0.522059 -9.71656
0.610038 -0.223066 0.760363 4.959 -0.103712 0.928853 0.355703 3.89309 -0.785587 -0.295846 0.543492 -9.92167
0.630685 -0.1827 0.754259 5.03097 -0.128781 0.93378 0.333877 3.90023 -0.76531 -0.307694 0.565395 -10.1504
0.64725 -0.144301 0.748535 5.10131 -0.154459 0.936753 0.314148 3.91797 -0.746499 -0.318944 0.584013 -10.3607
0.661293 -0.109066 0.74219 5.18449 -0.177523 0.938518 0.296098 3.94203 -0.728851 -0.32755 0.601275 -10.5776
0.673488 -0.0770332 0.735214 5.26717 -0.200614 0.93821 0.282079 3.9604 -0.711492 -0.337464 0.616406 -10.7942
0.684395 -0.0519034 0.727296 5.36311 -0.217439 0.937548 0.271528 3.96452 -0.695966 -0.343962 0.630369 -11.039
0.691103 -0.0297112 0.722188 5.45083 -0.233679 0.936336 0.262149 3.98774 -0.683978 -0.349924 0.640147 -11.2722
0.696175 -0.013458 0.717781 5.5407 -0.245535 0.935064 0.255682 4.01183 -0.67461 -0.354226 0.647665 -11.5141
0.699168 -0.00324322 0.714992 5.63029 -0.253885 0.933721 0.252508 4.03143 -0.668401 -0.358063 0.65199 -11.7587
0.700171 0.00109301 0.71401 5.71844 -0.259877 0.931798 0.253419 4.0458 -0.665035 -0.362977 0.652703 -11.9925
0.699456 0.00135281 0.714717 5.80436 -0.263453 0.930092 0.256074 4.06265 -0.664386 -0.367399 0.6509 -12.2224
0.697688 -0.00328396 0.716431 5.89564 -0.26435 0.928246 0.261695 4.07153 -0.665882 -0.371955 0.646759 -12.4522
0.692603 -0.0104857 0.721286 5.98406 -0.264437 0.92662 0.267398 4.10704 -0.671141 -0.375926 0.638992 -12.6592
0.688332 -0.023524 0.725051 6.08059 -0.260425 0.924835 0.277249 4.11906 -0.677072 -0.379645 0.630468 -12.8939
0.684766 -0.0417205 0.727611 6.19313 -0.252134 0.923174 0.290226 4.11113 -0.683799 -0.382183 0.621625 -13.1647
0.678307 -0.0615768 0.732231 6.29419 -0.243294 0.921457 0.302874 4.12358 -0.693367 -0.383573 0.61005 -13.4272
0.670039 -0.0846072 0.737531 6.39844 -0.231916 0.919928 0.316229 4.13494 -0.705209 -0.382922 0.596754 -13.6966
0.662672 -0.110825 0.740701 6.53618 -0.218555 0.917328 0.332794 4.14022 -0.716344 -0.382402 0.583668 -13.9638
0.652114 -0.133749 0.746273 6.6389 -0.208208 0.914904 0.345913 4.16862 -0.72901 -0.380945 0.568762 -14.2278
0.642436 -0.164378 0.748539 6.75797 -0.191638 0.911239 0.364592 4.16808 -0.742025 -0.377661 0.553914 -14.498
0.629268 -0.191202 0.753345 6.84936 -0.178442 0.907863 0.379473 4.17634 -0.756465 -0.37321 0.53716 -14.7546
0.619072 -0.223943 0.752764 6.97514 -0.159019 0.902889 0.399394 4.18001 -0.7691 -0.366942 0.523344 -15.0159
0.608399 -0.255574 0.751399 7.103 -0.139077 0.897781 0.417973 4.19261 -0.781389 -0.358788 0.510654 -15.2653
0.59596 -0.28457 0.750937 7.2015 -0.121248 0.892502 0.434456 4.19556 -0.79384 -0.349954 0.497394 -15.5147
0.583227 -0.311511 0.750251 7.30131 -0.103392 0.887605 0.448915 4.21589 -0.80574 -0.339381 0.485458 -15.7519
0.570372 -0.339936 0.747779 7.40855 -0.0855451 0.880816 0.465681 4.22453 -0.816951 -0.329566 0.473316 -15.9725
0.558883 -0.366175 0.744066 7.50887 -0.0670363 0.874377 0.480654 4.23128 -0.826569 -0.318501 0.464119 -16.1959
0.547947 -0.387768 0.741245 7.59669 -0.0495623 0.869473 0.491502 4.25022 -0.835075 -0.306042 0.457209 -16.4146
0.538443 -0.409194 0.736688 7.68952 -0.0313153 0.863903 0.502741 4.25944 -0.842115 -0.29376 0.45234 -16.6265
0.530749 -0.43137 0.729575 7.79206 -0.010265 0.857457 0.514468 4.25993 -0.847498 -0.28053 0.450669 -16.8396
0.522454 -0.450473 0.724007 7.88525 0.00888483 0.851922 0.523646 4.26697 -0.852656 -0.267141 0.449085 -17.0377
0.51425 -0.467116 0.719307 7.97073 0.0267575 0.847001 0.530931 4.28221 -0.857254 -0.253773 0.448073 -17.2251
0.508407 -0.483454 0.712648 8.05523 0.0453805 0.841461 0.538461 4.28659 -0.859955 -0.24141 0.449736 -17.4137
0.504034 -0.498254 0.70551 8.14052 0.0641762 0.836176 0.544707 4.29486 -0.861327 -0.229264 0.45344 -17.5984
0.499897 -0.511781 0.698753 8.21827 0.0831085 0.831401 0.549473 4.30376 -0.862123 -0.216601 0.45814 -17.7778
0.496669 -0.52517 0.691063 8.29792 0.101959 0.825968 0.554434 4.30738 -0.861961 -0.2049 0.463781 -17.95
0.494095 -0.535993 0.684584 8.36909 0.119028 0.821685 0.557423 4.31723 -0.861256 -0.19393 0.469781 -18.113
0.493195 -0.54735 0.676179 8.44455 0.137044 0.816436 0.560951 4.32382 -0.859088 -0.183983 0.477676 -18.277
0.492032 -0.55832 0.668025 8.51923 0.153948 0.811026 0.56444 4.32656 -0.856892 -0.174876 0.484994 -18.4429
0.490819 -0.56895 0.659882 8.59733 0.170306 0.805394 0.567761 4.32986 -0.854486 -0.166278 0.492201 -18.6128
0.491219 -0.578247 0.651467 8.68141 0.186246 0.800333 0.569942 4.33942 -0.850926 -0.158628 0.500826 -18.7935
0.491251 -0.588303 0.642357 8.76823 0.200644 0.794044 0.573806 4.34307 -0.847624 -0.15299 0.508117 -18.9743
0.492338 -0.597626 0.632868 8.858 0.215727 0.788175 0.576453 4.35042 -0.843281 -0.147278 0.516963 -19.17
0.493374 -0.607078 0.622968 8.96001 0.230053 0.781741 0.579633 4.35444 -0.838875 -0.142653 0.525353 -19.3669
0.495664 -0.615828 0.612495 9.06907 0.244556 0.77563 0.581933 4.36382 -0.833408 -0.138649 0.535045 -19.5762
0.49732 -0.623587 0.603209 9.1716 0.256298 0.769823 0.584552 4.3723 -0.828877 -0.136101 0.542675 -19.7859
0.498792 -0.63251 0.592635 9.28007 0.266993 0.762626 0.589213 4.37469 -0.824609 -0.135661 0.549255 -20.0009
0.510804 -0.634611 0.579998 9.3961 0.265607 0.758109 0.595603 4.37214 -0.81767 -0.150177 0.555805 -20.2271
0.522304 -0.635147 0.569091 9.51341 0.263031 0.754782 0.600977 4.37839 -0.811217 -0.1642 0.561277 -20.4526
0.533474 -0.636191 0.557421 9.6364 0.260607 0.750567 0.60725 4.37709 -0.804701 -0.178676 0.566206 -20.6872
0.544843 -0.635172 0.547523 9.76341 0.258585 0.748372 0.610844 4.39512 -0.797709 -0.191227 0.571978 -20.9292
0.554735 -0.636177 0.536283 9.90269 0.256674 0.743924 0.617022 4.40165 -0.791481 -0.204624 0.575972 -21.1717
0.562639 -0.637465 0.526455 10.0377 0.254056 0.739297 0.62366 4.40223 -0.786736 -0.217141 0.577896 -21.4141
0.570441 -0.638853 0.516252 10.1947 0.251787 0.734266 0.630458 4.40015 -0.781828 -0.229643 0.579712 -21.6614
0.577646 -0.639275 0.507674 10.3517 0.25122 0.730941 0.634563 4.4076 -0.776708 -0.239009 0.58281 -21.9224
0.58263 -0.638713 0.502634 10.4978 0.247415 0.72844 0.638892 4.41334 -0.774199 -0.247867 0.582439 -22.1679
0.587084 -0.638888 0.497228 10.6619 0.246465 0.726097 0.641946 4.41742 -0.771136 -0.254321 0.583729 -22.4167
0.589661 -0.639768 0.493 10.8336 0.244686 0.723194 0.645865 4.41581 -0.76973 -0.2602 0.582983 -22.6511
0.591358 -0.640666 0.48982 11.0077 0.244375 0.721192 0.648245 4.41706 -0.76853 -0.263639 0.583031 -22.8866
0.590768 -0.63997 0.491411 11.1797 0.242656 0.721743 0.64825 4.41407 -0.769524 -0.26371 0.581677 -23.1106
0.5885 -0.639603 0.49463 11.3623 0.242421 0.723206 0.646734 4.41483 -0.771339 -0.260688 0.580644 -23.328
0.583606 -0.640871 0.498741 11.5541 0.243064 0.723851 0.645742 4.40232 -0.774843 -0.255621 0.578217 -23.5324
0.57807 -0.640132 0.50611 11.7585 0.244372 0.727558 0.641093 4.39372 -0.778577 -0.246911 0.576996 -23.7246
0.57134 -0.637925 0.516406 11.9691 0.246457 0.733494 0.633457 4.38847 -0.78287 -0.234637 0.576297 -23.9067
0.578421 -0.622229 0.527582 12.1993 0.230407 0.745011 0.626045 4.37319 -0.782564 -0.240553 0.574281 -24.0633
0.586037 -0.602698 0.541638 12.4449 0.211909 0.759147 0.615478 4.35556 -0.782121 -0.245903 0.572606 -24.1886
0.592957 -0.579459 0.559205 12.7098 0.190891 0.775793 0.601471 4.336 -0.782322 -0.249894 0.570612 -24.285
0.599081 -0.552625 0.579453 12.9913 0.166338 0.793758 0.585065 4.30955 -0.783258 -0.254104 0.567448 -24.3384
0.604368 -0.522389 0.601604 13.2841 0.140904 0.81327 0.564626 4.28574 -0.784188 -0.256466 0.565107 -24.3591
0.60878 -0.488734 0.624968 13.5782 0.113991 0.833438 0.540748 4.26361 -0.785145 -0.257943 0.563092 -24.3647
0.611745 -0.452806 0.6487 13.8713 0.0842792 0.852659 0.515689 4.23734 -0.786595 -0.260791 0.559757 -24.3668
0.613634 -0.413243 0.672863 14.1642 0.0550756 0.872448 0.485613 4.22089 -0.787706 -0.260917 0.558124 -24.3831
0.613643 -0.37215 0.696436 14.4584 0.0231919 0.89012 0.45521 4.20259 -0.789286 -0.263177 0.554832 -24.3962
0.612115 -0.328029 0.719566 14.7527 -0.00939632 0.906832 0.421409 4.19617 -0.790752 -0.264698 0.552004 -24.4219
0.610614 -0.285196 0.738843 15.055 -0.0401303 0.920603 0.388522 4.17989 -0.790954 -0.266878 0.550673 -24.4649
0.604973 -0.238056 0.75987 15.3452 -0.0741641 0.933277 0.351442 4.18573 -0.792824 -0.268953 0.546952 -24.5069
0.598547 -0.188805 0.778569 15.6264 -0.107148 0.944268 0.311364 4.197 -0.793933 -0.269778 0.544943 -24.5703
0.590056 -0.140069 0.795161 15.9133 -0.139745 0.952262 0.271452 4.21639 -0.795216 -0.271276 0.542314 -24.6402
0.579333 -0.092538 0.809868 16.1926 -0.170218 0.957931 0.231227 4.23186 -0.797163 -0.271801 0.539194 -24.7198
0.568888 -0.0457427 0.821184 16.4673 -0.197689 0.961581 0.190524 4.24795 -0.798342 -0.27071 0.537988 -24.8221
0.556934 0.00146223 0.830601 16.7395 -0.226894 0.962266 0.150452 4.27212 -0.799008 -0.27224 0.536234 -24.9225
0.545325 0.0469517 0.836949 17.011 -0.251379 0.961645 0.109848 4.30094 -0.799683 -0.270278 0.53621 -25.0468
0.533773 0.0898277 0.84089 17.2795 -0.275287 0.958674 0.0723459 4.32688 -0.799608 -0.270091 0.536426 -25.1721
0.522575 0.130579 0.842574 17.5358 -0.296158 0.954479 0.0357628 4.35247 -0.799542 -0.268208 0.537458 -25.3214
0.511346 0.167567 0.842927 17.7757 -0.315435 0.948982 0.00271647 4.3656 -0.799436 -0.267266 0.538097 -25.4829
0.500849 0.200953 0.841924 18.0094 -0.332062 0.942868 -0.0275054 4.38392 -0.799342 -0.265778 0.538961 -25.6556
0.492202 0.231208 0.839262 18.2265 -0.346778 0.936398 -0.0545771 4.39483 -0.79847 -0.264163 0.541056 -25.85
0.488305 0.24925 0.836362 18.4286 -0.34644 0.93497 -0.0763691 4.39054 -0.800999 -0.252442 0.542898 -26.0548
0.486298 0.264538 0.832836 18.6063 -0.346081 0.933482 -0.0944119 4.38343 -0.802381 -0.242305 0.545482 -26.2761
0.486289 0.277852 0.828488 18.7754 -0.345857 0.931886 -0.109524 4.37917 -0.802477 -0.233262 0.549259 -26.5125
0.486448 0.289191 0.824511 18.9346 -0.345769 0.930356 -0.122301 4.37892 -0.802425 -0.225586 0.552543 -26.7439
0.488945 0.296644 0.82037 19.0884 -0.345266 0.929429 -0.130299 4.36679 -0.801117 -0.219521 0.556857 -26.9926
0.492001 0.303339 0.816091 19.2434 -0.34586 0.928339 -0.136535 4.34598 -0.798993 -0.215066 0.561636 -27.2389
0.495589 0.308301 0.812043 19.3906 -0.346272 0.927519 -0.140814 4.33672 -0.796589 -0.211386 0.56642 -27.4846
0.500414 0.311277 0.807946 19.5514 -0.345667 0.927409 -0.14319 4.33238 -0.793835 -0.207615 0.571665 -27.7267
0.505108 0.313439 0.804173 19.7243 -0.346252 0.927061 -0.143853 4.33764 -0.790595 -0.205769 0.57679 -27.9531
0.511558 0.313959 0.799888 19.8951 -0.345932 0.927379 -0.142745 4.34374 -0.786583 -0.203674 0.582995 -28.1763
0.517878 0.314192 0.795713 20.1068 -0.346459 0.927463 -0.140728 4.36256 -0.782199 -0.202786 0.589162 -28.379
0.524988 0.313849 0.791183 20.3268 -0.347245 0.927673 -0.13756 4.37985 -0.777099 -0.202505 0.595977 -28.5756
0.533299 0.31278 0.786023 20.5324 -0.34655 0.928381 -0.134301 4.38845 -0.771723 -0.200759 0.603495 -28.7526
0.542 0.312311 0.780245 20.7535 -0.347382 0.928657 -0.130387 4.39109 -0.765268 -0.200362 0.611799 -28.905
0.549011 0.310442 0.776072 20.9922 -0.347417 0.929229 -0.125938 4.37806 -0.760234 -0.200463 0.618005 -29.0263
0.555553 0.309134 0.771934 21.2363 -0.347809 0.929642 -0.121957 4.36514 -0.755291 -0.200721 0.62396 -29.1419
0.561304 0.307809 0.768289 21.4453 -0.348629 0.92984 -0.117828 4.3462 -0.750641 -0.201695 0.629229 -29.2493
0.566924 0.30547 0.765095 21.6513 -0.347979 0.930625 -0.113693 4.32996 -0.746714 -0.20177 0.633866 -29.3558
0.572229 0.303984 0.761724 21.8765 -0.346548 0.931413 -0.111366 4.31103 -0.74332 -0.200232 0.638321 -29.462
0.57615 0.305361 0.758216 22.113 -0.34739 0.931169 -0.111022 4.3102 -0.739895 -0.19942 0.642546 -29.5731
0.582548 0.30403 0.753845 22.3494 -0.342534 0.932879 -0.111535 4.29861 -0.737141 -0.193229 0.647579 -29.6964
0.586739 0.307316 0.749255 22.6587 -0.341589 0.93282 -0.115089 4.30198 -0.734252 -0.188399 0.652272 -29.7418
0.603352 0.3265 0.727628 22.9622 -0.356971 0.926432 -0.119705 4.29901 -0.713166 -0.187503 0.675507 -29.7663
0.621423 0.346545 0.70273 23.2463 -0.365061 0.92167 -0.131668 4.29809 -0.69328 -0.174706 0.699229 -29.7735
0.634996 0.36588 0.680435 23.4903 -0.378069 0.915253 -0.139324 4.29321 -0.67373 -0.168767 0.719501 -29.7795
0.646352 0.379001 0.662336 23.5348 -0.377469 0.91315 -0.154141 4.36926 -0.663196 -0.150369 0.733245 -29.6875
0.652078 0.389408 0.650569 23.4894 -0.379627 0.910427 -0.164447 4.41985 -0.656315 -0.139727 0.741488 -29.5307
0.658032 0.39554 0.640815 23.3786 -0.377381 0.909628 -0.17392 4.44918 -0.651658 -0.127374 0.747801 -29.3385
0.659573 0.40201 0.635166 23.1854 -0.37961 0.907458 -0.180156 4.48537 -0.648791 -0.122276 0.75113 -29.117
0.66122 0.40709 0.630213 22.9909 -0.379726 0.906081 -0.186855 4.52137 -0.647053 -0.115744 0.753667 -28.8951
0.662525 0.412292 0.625428 22.7905 -0.380444 0.90442 -0.193202 4.55857 -0.645285 -0.109926 0.756043 -28.675
0.663393 0.417244 0.621225 22.5936 -0.381002 0.902841 -0.199504 4.57908 -0.644071 -0.104326 0.757878 -28.4495
0.664494 0.421927 0.616855 22.3912 -0.381535 0.901253 -0.205458 4.6025 -0.642611 -0.0988136 0.759846 -28.2362
0.665799 0.426397 0.612373 22.1873 -0.382483 0.899694 -0.210582 4.62602 -0.640701 -0.0940044 0.762073 -28.0243
0.666445 0.430838 0.608534 21.9801 -0.384948 0.897795 -0.214056 4.6535 -0.638543 -0.0915854 0.764169 -27.8157
0.667367 0.436095 0.603774 21.8012 -0.38751 0.895628 -0.218552 4.69256 -0.636031 -0.0881018 0.766676 -27.608
0.669194 0.440395 0.598596 21.6172 -0.38938 0.893865 -0.222329 4.73415 -0.632956 -0.0842879 0.769637 -27.3997
0.671961 0.443517 0.593182 21.4332 -0.391199 0.892617 -0.224229 4.7675 -0.628898 -0.0813666 0.773277 -27.206
0.675265 0.445848 0.587642 21.2675 -0.393108 0.891624 -0.224759 4.80324 -0.624143 -0.0792233 0.777335 -27.0131
0.679027 0.447974 0.581674 21.1103 -0.395598 0.890699 -0.22414 4.84081 -0.61847 -0.0778997 0.781995 -26.826
0.685583 0.446429 0.575121 20.9615 -0.397088 0.891398 -0.21858 4.85073 -0.61022 -0.0785068 0.788384 -26.666
0.692755 0.444829 0.567734 20.818 -0.398862 0.892144 -0.212293 4.87337 -0.6009 -0.0793689 0.795431 -26.4976
0.699507 0.443724 0.560256 20.6808 -0.401919 0.892455 -0.205014 4.89507 -0.590952 -0.0817564 0.802605 -26.334
0.707752 0.440304 0.55256 20.5594 -0.403231 0.893944 -0.195831 4.9149 -0.58015 -0.0841976 0.810203 -26.1684
0.716217 0.43613 0.544898 20.4345 -0.404174 0.895671 -0.18564 4.93478 -0.568992 -0.0872634 0.817752 -26.0158
0.725182 0.432108 0.536187 20.3136 -0.405277 0.897333 -0.175001 4.95788 -0.556725 -0.0903846 0.82582 -25.8635
0.733451 0.428712 0.527585 20.1843 -0.406972 0.898552 -0.164388 4.98067 -0.544517 -0.0941296 0.833502 -25.7234
0.741401 0.425616 0.518921 20.056 -0.409676 0.899458 -0.152389 5.00004 -0.531575 -0.0995962 0.84119 -25.59
0.750553 0.421168 0.509291 19.9315 -0.411547 0.900835 -0.138461 5.01107 -0.517083 -0.105662 0.849438 -25.4679
0.759795 0.417184 0.498771 19.8119 -0.413458 0.902004 -0.124599 5.01816 -0.501843 -0.111539 0.857791 -25.3603
0.768814 0.413519 0.487871 19.6876 -0.415671 0.902838 -0.110213 5.02003 -0.486024 -0.118046 0.865985 -25.2601
0.776959 0.411666 0.476414 19.5689 -0.420081 0.902569 -0.0947886 5.01935 -0.468987 -0.126473 0.874156 -25.156
0.785735 0.409264 0.463913 19.4562 -0.42168 0.903015 -0.082441 5.03649 -0.452642 -0.130832 0.88209 -25.0548
0.793969 0.407119 0.451634 19.3394 -0.42364 0.903215 -0.069408 5.04309 -0.43615 -0.136209 0.889559 -24.972
0.802714 0.404635 0.438193 19.2094 -0.424446 0.903686 -0.0569556 5.03195 -0.419017 -0.140255 0.897129 -24.9119
0.811563 0.403284 0.422887 19.1258 -0.423716 0.904496 -0.0493837 5.06502 -0.402386 -0.139092 0.904895 -24.8187
0.820557 0.401863 0.406555 19.0378 -0.423784 0.904943 -0.0391764 5.07604 -0.383634 -0.14013 0.91284 -24.7409
0.828787 0.401996 0.389383 18.9539 -0.424116 0.905103 -0.0316741 5.08926 -0.365137 -0.138879 0.92059 -24.67
0.836303 0.402884 0.37199 18.8608 -0.425183 0.904814 -0.0240737 5.09232 -0.346263 -0.138016 0.927978 -24.6165
0.842528 0.404861 0.355446 18.7596 -0.426487 0.904342 -0.0191115 5.10916 -0.329156 -0.135477 0.93456 -24.5396
0.848717 0.406917 0.337924 18.663 -0.427603 0.903877 -0.0144768 5.12033 -0.311315 -0.132196 0.941115 -24.4752
0.854278 0.409624 0.320197 18.5618 -0.429198 0.903201 -0.0103251 5.13157 -0.293407 -0.128593 0.947353 -24.4162
0.85913 0.41321 0.302071 18.4595 -0.431018 0.902331 -0.00845646 5.14302 -0.276046 -0.122919 0.9533 -24.3593
0.863381 0.416701 0.284681 18.3663 -0.432664 0.901574 -0.00744913 5.15038 -0.259741 -0.116726 0.958651 -24.3047
0.867019 0.421621 0.265723 18.2724 -0.435733 0.900081 -0.00642605 5.14907 -0.241866 -0.110199 0.96408 -24.2624
0.872401 0.422086 0.246716 18.1876 -0.434023 0.900927 -0.00654388 5.15001 -0.225013 -0.101358 0.969123 -24.2221
0.875807 0.425908 0.227291 18.1026 -0.435423 0.900208 -0.00907825 5.1636 -0.208461 -0.0910039 0.973836 -24.1737
0.878006 0.430535 0.209415 18.0148 -0.438067 0.89892 -0.0113625 5.16299 -0.193119 -0.0817483 0.977817 -24.1373
0.880136 0.434268 0.192014 17.9253 -0.439709 0.898034 -0.01556 5.17241 -0.179177 -0.0707229 0.98132 -24.0985
0.882407 0.437001 0.174635 17.8407 -0.44063 0.897527 -0.0194405 5.1709 -0.165217 -0.0597823 0.984497 -24.0641
0.884436 0.439058 0.158431 17.7565 -0.440706 0.897293 -0.0264439 5.19262 -0.153754 -0.0464222 0.987067 -24.0317
0.886824 0.440061 0.141417 17.6967 -0.439952 0.89744 -0.0336392 5.21151 -0.141698 -0.0323726 0.989435 -23.9987
0.888989 0.440254 0.12639 17.6235 -0.438783 0.897702 -0.0407086 5.21505 -0.131369 -0.0192584 0.991195 -23.9815
0.890181 0.441523 0.1129 17.5515 -0.439127 0.897271 -0.046508 5.21092 -0.121819 -0.008166 0.992573 -23.9621
0.890917 0.442944 0.100833 17.4854 -0.439752 0.896581 -0.0530965 5.21267 -0.11391 0.00297227 0.993536 -23.9332
0.891315 0.44416 0.0915943 17.3994 -0.440091 0.895888 -0.0616199 5.24218 -0.10941 0.0146235 0.993943 -23.8842
0.891082 0.446107 0.084031 17.3178 -0.441244 0.894645 -0.0705085 5.27581 -0.106619 0.0257588 0.994016 -23.8313
0.892051 0.445796 0.074981 17.2693 -0.440421 0.894448 -0.0780068 5.27499 -0.101825 0.0365728 0.994184 -23.8157
0.891851 0.447291 0.0680766 17.2145 -0.441432 0.893218 -0.0857682 5.27182 -0.0991572 0.0464484 0.994036 -23.8044
0.891657 0.448363 0.0634887 17.1658 -0.442044 0.892245 -0.0926838 5.27053 -0.0981867 0.0545867 0.993725 -23.789
0.894273 0.443414 0.0613438 17.1162 -0.436641 0.894249 -0.0985964 5.27503 -0.0985621 0.0613932 0.993285 -23.7674
0.897127 0.437702 0.0607714 17.0643 -0.430272 0.896571 -0.105458 5.27184 -0.100628 0.0684695 0.992621 -23.7555
0.90038 0.430777 0.0620637 17.0242 -0.422578 0.899397 -0.112133 5.27629 -0.10411 0.0747412 0.991803 -23.7365
0.903782 0.423094 0.0654386 16.9855 -0.413898 0.90257 -0.118959 5.28543 -0.109376 0.080436 0.990796 -23.7291
0.908057 0.413148 0.0695997 16.9472 -0.402864 0.906624 -0.125677 5.28502 -0.115009 0.0860874 0.989678 -23.7317
0.910957 0.40545 0.0766807 16.9074 -0.393823 0.909764 -0.131639 5.2872 -0.123116 0.0897263 0.988384 -23.7181
0.913898 0.397183 0.0844986 16.8733 -0.384177 0.913092 -0.136872 5.28548 -0.131503 0.0926295 0.98703 -23.7103
0.9175 0.386774 0.0933408 16.8396 -0.371896 0.91705 -0.144251 5.29478 -0.141371 0.0976443 0.985186 -23.7005
0.921144 0.375586 0.102644 16.8244 -0.358829 0.921209 -0.150602 5.2961 -0.151103 0.101898 0.983305 -23.6894
0.924136 0.365042 0.11328 16.8083 -0.346337 0.925145 -0.155738 5.29512 -0.161631 0.104696 0.981339 -23.6768
0.926812 0.354473 0.1244 16.7905 -0.333546 0.928815 -0.161598 5.29212 -0.172809 0.108281 0.979039 -23.6748
0.928695 0.34472 0.137142 16.7681 -0.32139 0.932206 -0.166728 5.28958 -0.185297 0.11077 0.976476 -23.6702
0.93026 0.334945 0.150117 16.7579 -0.309148 0.935464 -0.171465 5.29 -0.197842 0.113101 0.973741 -23.6616
0.931646 0.324823 0.163224 16.7493 -0.296168 0.938589 -0.1773 5.29135 -0.210768 0.116845 0.970585 -23.644
0.932314 0.315885 0.176391 16.7372 -0.28434 0.941202 -0.182636 5.29829 -0.223691 0.120121 0.967285 -23.648
0.932584 0.307421 0.18946 16.7316 -0.273022 0.943663 -0.18724 5.29991 -0.236323 0.122896 0.963929 -23.6466
0.932327 0.299639 0.202706 16.745 -0.262648 0.945975 -0.190298 5.27449 -0.248755 0.124181 0.960629 -23.6254
0.931578 0.293596 0.21466 16.7562 -0.253783 0.947544 -0.194562 5.26999 -0.260496 0.126777 0.957174 -23.618
0.930654 0.287362 0.226749 16.7674 -0.244466 0.948993 -0.199289 5.2655 -0.272429 0.130037 0.953405 -23.6107
0.92957 0.281437 0.238343 16.7814 -0.235555 0.950376 -0.203467 5.2464 -0.283751 0.132999 0.949688 -23.5974
0.927648 0.278667 0.248842 16.7924 -0.229922 0.95083 -0.207663 5.22774 -0.294452 0.135424 0.94608 -23.5794
0.92596 0.27523 0.25877 16.8035 -0.223325 0.951316 -0.212659 5.20914 -0.304674 0.139128 0.9423 -23.5616
0.924104 0.272474 0.26814 16.7937 -0.217595 0.951626 -0.21709 5.198 -0.314296 0.142267 0.938663 -23.5439
0.92191 0.270999 0.277049 16.7795 -0.213137 0.951619 -0.221566 5.1797 -0.32366 0.145218 0.935023 -23.5229
0.918666 0.272213 0.286466 16.7626 -0.21118 0.950911 -0.226359 5.16294 -0.333997 0.147452 0.931029 -23.4989
0.915775 0.271982 0.295785 16.7363 -0.207201 0.950363 -0.232329 5.14215 -0.34426 0.151478 0.926636 -23.4638
0.91274 0.272774 0.30432 16.7102 -0.204559 0.949607 -0.237635 5.12113 -0.35378 0.154646 0.922516 -23.4286
0.909223 0.274083 0.313527 16.6856 -0.202315 0.948822 -0.242705 5.09798 -0.363969 0.157246 0.918104 -23.3911
0.905793 0.275047 0.322485 16.661 -0.199718 0.948079 -0.247641 5.07122 -0.373828 0.159904 0.913671 -23.3464
0.902672 0.275968 0.330352 16.6367 -0.196797 0.947168 -0.253465 5.04352 -0.382812 0.163788 0.909254 -23.3013
0.899051 0.278372 0.338121 16.608 -0.195862 0.94609 -0.258109 5.01766 -0.391716 0.165827 0.905082 -23.2537
0.896294 0.278205 0.345496 16.5729 -0.191818 0.945414 -0.263624 4.99574 -0.399943 0.170016 0.900697 -23.2096
0.893413 0.278522 0.352633 16.5344 -0.188408 0.944637 -0.26876 4.97436 -0.407938 0.173673 0.896402 -23.1617
0.890252 0.278792 0.360326 16.4949 -0.185162 0.944093 -0.272954 4.95205 -0.416242 0.176283 0.892066 -23.1077
0.887386 0.277779 0.368087 16.4557 -0.180789 0.943902 -0.276466 4.92027 -0.424205 0.178785 0.887806 -23.0414
0.884429 0.275756 0.376632 16.4193 -0.174454 0.943699 -0.281245 4.88606 -0.432945 0.18304 0.882706 -22.9708
0.880857 0.274304 0.385942 16.379 -0.169355 0.943724 -0.284205 4.85363 -0.442151 0.184981 0.877723 -22.8996
0.877453 0.271329 0.395684 16.333 -0.161671 0.943754 -0.288604 4.81894 -0.451697 0.189269 0.871931 -22.8256
0.87366 0.267793 0.406336 16.2746 -0.153499 0.944023 -0.292107 4.78806 -0.461784 0.192828 0.865844 -22.7549
0.869448 0.263377 0.418093 16.2136 -0.14518 0.944973 -0.293345 4.74486 -0.472308 0.194353 0.859808 -22.6784
0.86534 0.257719 0.429967 16.1495 -0.135052 0.945894 -0.295151 4.7021 -0.482738 0.197335 0.853309 -22.6
0.860816 0.251697 0.44244 16.0773 -0.125442 0.947333 -0.294836 4.6622 -0.493307 0.198301 0.84702 -22.5196
0.856033 0.244174 0.455723 15.9933 -0.112676 0.948403 -0.296488 4.62949 -0.504568 0.202452 0.839368 -22.4394
0.851769 0.235903 0.467919 15.9045 -0.0997726 0.949664 -0.297131 4.59766 -0.51442 0.206403 0.832399 -22.3554
0.846082 0.229137 0.481393 15.8158 -0.0877083 0.950485 -0.298256 4.56336 -0.525861 0.210124 0.824277 -22.2645
0.839265 0.221019 0.496885 15.7191 -0.0748726 0.952001 -0.296971 4.52977 -0.53863 0.212036 0.815499 -22.1699
0.832732 0.213361 0.511013 15.6117 -0.0617298 0.952844 -0.297236 4.497 -0.550297 0.215968 0.806627 -22.0671
0.828529 0.205823 0.520852 15.4946 -0.0501259 0.953594 -0.29707 4.46395 -0.557783 0.220023 0.800368 -21.9598
0.822447 0.19845 0.533196 15.3752 -0.0389225 0.954659 -0.295269 4.42934 -0.567578 0.222085 0.792875 -21.8454
0.817687 0.193184 0.542382 15.2499 -0.0308203 0.955421 -0.293814 4.3973 -0.574921 0.223531 0.78716 -21.7351
0.813437 0.185458 0.551386 15.0872 -0.020981 0.956595 -0.29079 4.37245 -0.581343 0.224965 0.782016 -21.6382
0.811258 0.176672 0.557457 14.9199 -0.0106214 0.957619 -0.288018 4.35343 -0.584674 0.227735 0.778727 -21.5299
0.808366 0.172453 0.562944 14.7507 -0.00632803 0.958668 -0.284585 4.3362 -0.588714 0.226481 0.776042 -21.4211
0.807532 0.169488 0.565046 14.5677 -0.00514646 0.95988 -0.280547 4.3276 -0.589883 0.223641 0.77598 -21.3363
0.807544 0.164768 0.566416 14.3818 -0.00342433 0.96153 -0.274815 4.31923 -0.589866 0.21998 0.777037 -21.2441
0.809561 0.163344 0.563952 14.1738 -0.00517859 0.962524 -0.271336 4.32907 -0.587095 0.216742 0.780043 -21.1594
0.813491 0.162588 0.55848 13.9612 -0.00919474 0.963651 -0.267144 4.34136 -0.581574 0.212178 0.785411 -21.0876
0.819276 0.164307 0.549457 13.7316 -0.016252 0.9644 -0.264139 4.39237 -0.573254 0.207472 0.792754 -21.0213
0.826549 0.168956 0.537003 13.4975 -0.0280725 0.965121 -0.260435 4.4448 -0.562236 0.200183 0.802457 -20.9613
0.836363 0.174852 0.519651 13.265 -0.0424993 0.96566 -0.256505 4.49859 -0.546615 0.192446 0.815045 -20.9043
0.84719 0.185146 0.498088 13.0564 -0.0629211 0.96573 -0.251945 4.53471 -0.527628 0.182101 0.8298 -20.8437
0.858949 0.197634 0.472507 12.8465 -0.0872805 0.96559 -0.245193 4.57006 -0.504666 0.169368 0.846611 -20.7839
0.871956 0.211152 0.441824 12.6435 -0.113507 0.964867 -0.2371 4.60596 -0.476329 0.156589 0.865281 -20.7242
0.883776 0.228071 0.408704 12.4503 -0.143838 0.963374 -0.226541 4.63023 -0.445365 0.141426 0.884178 -20.6673
0.89465 0.245677 0.373289 12.2621 -0.174231 0.961007 -0.214893 4.65468 -0.411493 0.127216 0.902559 -20.6092
0.904566 0.263676 0.335191 12.0759 -0.204766 0.958006 -0.200991 4.68209 -0.374076 0.113178 0.920532 -20.556
0.912844 0.283117 0.294384 11.9035 -0.23591 0.953876 -0.185832 4.71088 -0.333386 0.100189 0.937517 -20.5075
0.918991 0.303235 0.252234 11.7613 -0.26694 0.948966 -0.168243 4.71797 -0.290347 0.0872883 0.952995 -20.4482
0.923062 0.322785 0.209447 11.63 -0.296033 0.943468 -0.149331 4.7504 -0.245779 0.0758415 0.966419 -20.3717
0.923874 0.344275 0.167483 11.4975 -0.325531 0.936656 -0.129628 4.78809 -0.201472 0.065246 0.977379 -20.3008
0.922192 0.365976 0.125404 11.3721 -0.353669 0.928908 -0.110077 4.82286 -0.156748 0.0571658 0.986047 -20.245
0.918284 0.387026 0.084177 11.2569 -0.379893 0.920775 -0.0891813 4.87235 -0.111998 0.0499238 0.992514 -20.1613
0.913048 0.405237 0.0472233 11.1503 -0.401795 0.913235 -0.0680736 4.92568 -0.0706888 0.0431875 0.996628 -20.0763
0.906719 0.421761 0.0100943 11.0725 -0.420882 0.905966 -0.0467386 4.95875 -0.0288359 0.0381397 0.998917 -20.0267
0.899993 0.435317 -0.0248653 11.0184 -0.435874 0.899679 -0.0257697 4.96988 0.0111724 0.034039 0.999423 -20.0082
0.892277 0.448101 -0.0563091 10.955 -0.449067 0.893538 -0.00538054 5.00426 0.0479216 0.0300977 0.998458 -19.9421
0.885346 0.457314 -0.0844569 10.9161 -0.45786 0.888959 0.0137903 5.01633 0.0814018 0.0264696 0.996395 -19.9115
0.879471 0.463476 -0.108837 10.8797 -0.4631 0.88585 0.0301468 5.03817 0.110401 0.0238997 0.993661 -19.8793
0.875411 0.466405 -0.127394 10.83 -0.464964 0.884347 0.0425931 5.07369 0.132541 0.0219571 0.991 -19.8408
0.872466 0.467914 -0.14137 10.7989 -0.465335 0.883617 0.0527764 5.09245 0.149626 0.0197499 0.988608 -19.817
0.872697 0.464243 -0.151611 10.7883 -0.460685 0.885581 0.0599108 5.0918 0.16209 0.017571 0.986686 -19.8106
0.875975 0.456579 -0.155973 10.7734 -0.452338 0.889623 0.0637307 5.09593 0.167868 0.014737 0.985762 -19.8028
0.881356 0.445869 -0.156592 10.7644 -0.441268 0.895066 0.0649166 5.09944 0.169118 0.0118944 0.98559 -19.7972
0.888404 0.432641 -0.153899 10.7616 -0.428104 0.901574 0.0631745 5.09952 0.166096 0.0097708 0.986124 -19.7982
0.897513 0.415455 -0.148247 10.7662 -0.411274 0.909627 0.0592363 5.09205 0.159473 0.00781422 0.987238 -19.8047
0.907945 0.395579 -0.138852 10.7629 -0.391828 0.918478 0.0545042 5.087 0.149107 0.00492908 0.988872 -19.7919
0.918486 0.374553 -0.127291 10.7674 -0.371369 0.927248 0.0487216 5.08565 0.136294 0.00253048 0.990733 -19.7689
