1.0 0.0 0.0 0.0 0.0 -1.0 0.0 0.0 0.0 0.0 -1.0 0.0
0.9992097080687269 -0.0012108145147881827 0.03973025584388903 0.0574339 -0.00041959023788275187 -0.9998015447859195 -0.019917203310756932 0.0842693 0.039746487206322685 0.01988479247818623 -0.9990119177381508 -0.104538
0.9967892392110443 -0.0024541198169011364 0.08003243023294962 0.137949 0.0008582318497422273 -0.9991453068688484 -0.04132697908203893 0.192988 0.08006544842289803 0.041262974418714515 -0.9959351840912946 -0.212617
0.9925216429588092 -0.004944849144319716 0.1219685890927925 0.235984 0.0031701194538599044 -0.9977980446314326 -0.06624962243166455 0.315204 0.12202761409203573 0.06614083909831936 -0.9903204788362078 -0.345712
0.9860932439803842 -0.006916816780375801 0.16604900427846175 0.338316 0.00823329274514333 -0.9958735598178383 -0.09037735195456228 0.440405 0.16598893657956443 0.0904876262334954 -0.9819672410176483 -0.493006
0.9779671385786395 -0.010340910917797732 0.20850261730179503 0.479524 0.014525580723787495 -0.9929809331728277 -0.11737918835917016 0.574592 0.2082529312277389 0.11782161056703896 -0.9709525141418833 -0.682315
0.9674780272729733 -0.016671288143617985 0.25240510077181233 0.608658 0.020530763705385244 -0.9893585698131626 -0.14404203580527208 0.715806 0.25212051579685046 0.1445395741272476 -0.9568404031109077 -0.858991
0.9551054215192278 -0.02100069091502678 0.29552090410945514 0.727056 0.03142545972695766 -0.9846759102529155 -0.17153947723058421 0.863021 0.294594762793787 0.1731251649780709 -0.9398093439553517 -1.0299
0.9407153556087722 -0.029216589272857668 0.3379364002783985 0.837864 0.040364106715316025 -0.9795620294559508 -0.1970506770787987 1.00284 0.3367868147818965 0.19900909868495853 -0.9203097413532384 -1.1927
0.9240088401661096 -0.03780364088867694 0.3804977635025473 0.947831 0.05084580492266218 -0.9741158985896795 -0.2202564873881982 1.14466 0.3789754179582721 0.2228656565071902 -0.8981695450932256 -1.33976
0.9049233980977538 -0.04744193620199948 0.4229218678013939 1.04895 0.06141473733115606 -0.9688069164712392 -0.2400862108410948 1.28409 0.4211197853506285 0.24323326517336177 -0.8737824129034333 -1.494
0.8851985584356569 -0.05495119107707648 0.4619565766851314 1.18952 0.0741345703207482 -0.9636476486400903 -0.2566851666025578 1.45164 0.4592685245330808 0.2614642917677965 -0.8489457264770058 -1.64241
0.8643824052036793 -0.06108834768568397 0.49911048010569337 1.32184 0.0879878122008032 -0.9589032153349546 -0.26974574792645417 1.60889 0.4950769662167883 0.2770791175771263 -0.8234840375649441 -1.80774
0.8424500175919613 -0.06744600276819213 0.5345362518762381 1.43505 0.10273945244002691 -0.9538174586256262 -0.28227089919663206 1.7225 0.5288880531564571 0.2927170858210104 -0.7966141694050061 -2.00273
0.8220701284442838 -0.0705310451046674 0.5650009518541022 1.56807 0.11959409183265493 -0.9487739930554887 -0.292446855514409 1.85964 0.5566847915277735 0.3079825997974342 -0.7715236620504212 -2.18227
0.8024662967531371 -0.07937060274450576 0.5913950879025623 1.68169 0.13081463882692995 -0.9436019550955921 -0.30414286216900704 1.91585 0.5821815634695807 0.3214275311166572 -0.7468259297830817 -2.38511
0.7850996521506671 -0.08386964198819043 0.6136647450731337 1.84013 0.1428844413062259 -0.9395390705959269 -0.3112079228688592 2.02386 0.6026629013183981 0.3320123762399752 -0.7256481305687875 -2.56953
0.7680557634329462 -0.08914728968330354 0.6341475419802198 1.94656 0.15187681049879492 -0.9366521438458769 -0.3156203349938579 2.08376 0.6221123521440051 0.3387263234102763 -0.7058616713909388 -2.75145
0.7529858734324323 -0.09202788215708804 0.6515697532243788 2.05286 0.15818181899115089 -0.935824198417014 -0.31497870054624905 2.14161 0.638741564759839 0.34024100070807745 -0.6901052636267296 -2.9293
0.7415921565546576 -0.09331512300770092 0.6643292565849181 2.1496 0.16414116094264833 -0.9349391681695763 -0.31455751637304824 2.18484 0.6504604158755642 0.3423171623515808 -0.6780267013463036 -3.11028
0.7326652883809455 -0.09299977403347315 0.6742051744323749 2.25432 0.1703601353445548 -0.9340233371336872 -0.3139710655060997 2.23633 0.6589226050812425 0.3448933860185978 -0.6684830235642305 -3.26644
0.7276884943192433 -0.08929855316558583 0.6800700137764681 2.36748 0.1718352689525055 -0.9361372360847801 -0.30678936676418367 2.30034 0.664034709619469 0.3401071060975964 -0.6658716549024336 -3.41926
0.7262004124618059 -0.0821476323750017 0.6825574902053926 2.45338 0.17097668585048018 -0.940060513544622 -0.29504779912720547 2.34846 0.6658828229019647 0.3309652509998643 -0.6686270027412201 -3.57727
0.7276604971531189 -0.07387702732382934 0.6819474948386199 2.53713 0.167080832634416 -0.9451495761771549 -0.28067111361580166 2.38632 0.6652775332513985 0.3181736373207845 -0.6754045752473075 -3.73137
0.7310343706668115 -0.0639585053868881 0.6793364839992436 2.60082 0.16115561099778486 -0.9512472693733026 -0.2629781389274907 2.40873 0.6630366641051683 0.30172494444197245 -0.685087176900706 -3.87885
0.7372529157691388 -0.05311584213784961 0.6735256828836521 2.66013 0.15291530810905152 -0.9579160896340349 -0.24292730140137234 2.42528 0.6580843766082102 0.2820912485956032 -0.698104204778883 -4.01902
0.7441498677151278 -0.041312409141091855 0.6667340243534273 2.69462 0.14262836516863373 -0.9652445288186619 -0.21899805714882914 2.43617 0.652608706522431 0.2580625591530046 -0.7123942670561866 -4.14108
0.7535190967867317 -0.028813808102374786 0.6567942868511782 2.7249 0.13086960242854367 -0.9724707277187267 -0.1928051630283938 2.44397 0.6442686690643145 0.2312367794985264 -0.7290044127913403 -4.2602
0.7648447314061664 -0.016221934687876416 0.6440103925211232 2.76865 0.11852217331859646 -0.9790750855170429 -0.16542210055380008 2.45995 0.6332179966425983 0.202851733428081 -0.7469177618541127 -4.36743
0.7778266925455719 -0.002081528022201025 0.6284753802693541 2.82833 0.10716215143414515 -0.9849112153888755 -0.1358902906804372 2.50113 0.6192753100710715 0.1730478692220773 -0.7658671720958388 -4.45799
0.7898976557678168 0.008452555097746367 0.6131804365150825 2.81695 0.0923109142060523 -0.9901504054748347 -0.10526570978463556 2.4924 0.6062510936327871 0.13975238405959245 -0.7828977472305751 -4.5498
0.8016535031386846 0.018473864151608097 0.5975034537546897 2.82863 0.07750537134251163 -0.9942978120523248 -0.07324464731991476 2.50943 0.592743265097575 0.1050265551718576 -0.7985141478960772 -4.59407
0.814531332655524 0.027625054361036877 0.5794614434921148 2.84477 0.06259473201828097 -0.9972191268995453 -0.04044641478880219 2.53381 0.5767327003439073 0.06921610590937635 -0.8139954072577845 -4.6303
0.8281715024663378 0.03608375787050156 0.5593120103489572 2.85964 0.04872351217879325 -0.9987825561837985 -0.0077087498286355065 2.55643 0.5583529187383297 0.03363581247570093 -0.8289213776079657 -4.67847
0.8420859530640094 0.04201829980133621 0.537704110207541 2.88047 0.03497466488995516 -0.999116507916825 0.02330185451683627 2.5705 0.5382081571920978 -0.0008161433045086944 -0.842811552745922 -4.73662
0.8554913336267447 0.046245911238608085 0.5157478975073427 2.89538 0.02106160385952472 -0.9982873376843222 0.054578386399862705 2.58103 0.5173886227318863 -0.03582885865973193 -0.8550001789208834 -4.79512
0.8679991285619587 0.04819503933995504 0.4942213582987895 2.91187 0.007509664425522269 -0.9964390862919007 0.08398066592959423 2.59265 0.4965089301874603 -0.06918370829019106 -0.8652701871388621 -4.84297
0.8796698124575532 0.04823562455766407 0.4731324820538384 2.92769 -0.005916795733111123 -0.9936563303256293 0.11230355618615624 2.60881 0.47554811804815955 -0.10158947645960474 -0.8738040774072399 -4.8817
0.8902184164313565 0.04600095275643381 0.45320534351654373 2.94374 -0.019394395945862265 -0.990158757913731 0.13859830999197828 2.62258 0.45512089432626934 -0.13217241191806153 -0.8805654007939552 -4.91564
0.8990482256388144 0.041929304529292694 0.4358373795320783 2.95912 -0.03360345391396505 -0.9858609968070138 0.16416120997279737 2.65821 0.4365582387960982 -0.16223448584185385 -0.884927610453464 -4.9082
0.9064858680726762 0.035428934872660044 0.4207471468213604 2.96909 -0.047255740750853835 -0.9817005276831419 0.1844748462873157 2.68128 0.41958344337046316 -0.18710655926618253 -0.8882234344628359 -4.90185
0.91231748652436 0.026541964093540447 0.4086224760386187 2.97211 -0.06202700990062925 -0.9774247645579865 0.20197395790435915 2.70136 0.40475851297367615 -0.20961000398554888 -0.8900753857985944 -4.89473
0.9164215450710594 0.015293002057614288 0.3999220871840384 2.97438 -0.07841879256283833 -0.9730377457875269 0.2169055975435267 2.72389 0.39245642395374075 -0.23013837003158263 -0.8905134956510471 -4.87476
0.9191070536419648 0.0028702312852147485 0.3939974437962211 2.98232 -0.09498838963551898 -0.9688647374993744 0.22864454129657197 2.75485 0.3823864926746731 -0.24757399338912467 -0.8902177756129812 -4.85257
0.9198274230734975 -0.010321173848440265 0.392187436224517 2.98605 -0.11271714233177431 -0.9644595241628178 0.23898257693018124 2.80299 0.37578232740048845 -0.264028974966805 -0.8882996919910817 -4.81948
0.9209239143193992 -0.026098353208549176 0.3888676124266942 3.00399 -0.13094811550402383 -0.9604723755914524 0.24565302109206175 2.81021 0.3670854601868354 -0.27714922277631215 -0.8879395098957505 -4.83125
0.9203702652167665 -0.04338805255491035 0.38863357008924343 3.02468 -0.14995052167118036 -0.9570138983400143 0.24827251042874118 2.82799 0.36115566720648234 -0.2867784428431483 -0.8873131965462362 -4.83529
0.9193257260884548 -0.06041413582951771 0.38883202227170943 3.04333 -0.16879810515714086 -0.9531562603021403 0.2509986915149095 2.84337 0.35545380719200825 -0.29638366290808016 -0.8864588627307505 -4.86537
0.9170839323350392 -0.07809361065213899 0.3909711613766586 3.06092 -0.18788471967430226 -0.9495663236202517 0.25104407812021395 2.86901 0.35164810985672873 -0.30368599740790053 -0.885504614224318 -4.87655
0.9145636776141117 -0.09780678292285934 0.3924373998528068 3.07951 -0.20793116235461473 -0.9459682318443423 0.24881466207429914 2.85822 0.3468975516068252 -0.3091568170938003 -0.885485263080996 -4.92967
0.9115371306799718 -0.11473289059769896 0.39488786155922834 3.10582 -0.2254553825663228 -0.9425328609994941 0.2465799594613915 2.919 0.34390395441692273 -0.3137963826292535 -0.8850208474297079 -4.90793
0.9074862653750276 -0.13466568584016003 0.3979118384930061 3.1172 -0.24559817559691616 -0.9385545959417637 0.24248052824929875 2.91824 0.34080817815767156 -0.31777417058941704 -0.8847990518796099 -4.92858
0.9013659967076466 -0.15384714913977768 0.40480908423699413 3.10907 -0.2668180189132705 -0.9335625281001558 0.23930973843628528 2.95281 0.34109747105838883 -0.3237160188016785 -0.8825307101788373 -4.90027
0.8961296152402004 -0.17385879299124468 0.40831952290954476 3.11974 -0.2869364527072965 -0.928873041332441 0.2342271230954584 2.96678 0.33855455217321206 -0.32705961717315263 -0.882277066469115 -4.89859
0.890106648405984 -0.19135217531326226 0.4136357086451179 3.10951 -0.3061507857275316 -0.9233691568974719 0.23164864879568564 3.01155 0.33761198269889847 -0.33282689959396977 -0.8804796443102955 -4.86798
0.8847885110350073 -0.21186146495602987 0.4150469978293302 3.11864 -0.32572600364194493 -0.9181254497395972 0.22571714399201148 2.98778 0.3332444467532847 -0.33490353567430087 -0.8813556379242999 -4.89204
0.8789452480401055 -0.22779317821155928 0.41900539245693996 3.10376 -0.34296585507785976 -0.9123930050417873 0.22341312987720688 3.01706 0.33140560224358 -0.3400724515615665 -0.8800687782727418 -4.87441
0.8737842737794278 -0.24390504201336183 0.4207271959075354 3.1037 -0.3589874805306954 -0.9071205254294771 0.21968236425979357 3.04145 0.32806863872973446 -0.34299079116648196 -0.880186506063919 -4.86073
0.8682090159810713 -0.2584263971486648 0.4235904883563133 3.08079 -0.3750603543226966 -0.9007032476470255 0.21923364316051913 3.07441 0.324873567999172 -0.34921262424898264 -0.8789241764114953 -4.83695
0.8640107478027128 -0.27502197760858227 0.421720688979876 3.09149 -0.39069198988453746 -0.8945649233185571 0.21705613791856887 3.08734 0.31756132749668586 -0.3523017311912174 -0.8803625920484206 -4.8268
0.8601705862559068 -0.286617940638289 0.42184916575055065 3.07626 -0.4035172475939011 -0.8883174726313576 0.21923936396568694 3.13173 0.31189804974448243 -0.3588066664961827 -0.879759843732075 -4.80799
0.8579129224506223 -0.2994660670844735 0.41749909240283367 3.08631 -0.41353388200139934 -0.8846946593655285 0.21518617085436503 3.15041 0.304918261062018 -0.357261017122032 -0.8828303459418723 -4.80569
0.8558220180203288 -0.3121726734673331 0.41245229471039424 3.09358 -0.42350315841880876 -0.8806955165720288 0.21218030516337033 3.16121 0.29700799363132535 -0.3562634264560221 -0.8859247274395886 -4.80342
0.8534485814783366 -0.3219631440502105 0.40983564101468606 3.07246 -0.4323940492570823 -0.8764302435733249 0.21190897649006418 3.19393 0.2909654703563278 -0.3580639077361835 -0.8872030957097787 -4.78877
0.8513212421671313 -0.33397324796595257 0.4046158823848664 3.06341 -0.44257977842658597 -0.871304992199836 0.21201591991055108 3.20248 0.28173619285225987 -0.35956846387122926 -0.889570254351166 -4.77713
0.8499488950312956 -0.34585879972018785 0.39745259653346127 3.0699 -0.4516293795037347 -0.8667600797466658 0.21156055333314133 3.20445 0.27132596522292324 -0.3593169280922683 -0.8929017671514513 -4.77905
0.8487034173537445 -0.35624489714082946 0.39088627838950235 3.07586 -0.4597263576111715 -0.8623173620226089 0.2122744527067122 3.21857 0.2614463338615422 -0.35985877843327474 -0.8956268609721741 -4.77833
0.847195212520925 -0.36585173973997764 0.3852437882832841 3.06782 -0.4676217215814703 -0.8576681417994314 0.2138580932475831 3.23296 0.2521709685645952 -0.3613279162638028 -0.8976925640449807 -4.7798
0.8455104273235501 -0.3745858847424053 0.38052270922889386 3.06008 -0.47501918826682477 -0.8531433304910556 0.2156460721111247 3.25192 0.2438624367660479 -0.3630865910363243 -0.8992770648382769 -4.77806
0.8439123537185544 -0.3824721724045694 0.3762007131536822 3.05234 -0.4816602792047659 -0.848975706769258 0.21735598623462338 3.26882 0.23625265009645216 -0.3646303424727133 -0.900682740297956 -4.78293
0.8424302117645575 -0.3898408583163316 0.3719347301523595 3.05439 -0.4876551852716962 -0.8452189866202664 0.21862590179170743 3.29012 0.22913698650359832 -0.36555296448503266 -0.9021459258746636 -4.79322
0.84121792240163 -0.3962412756751055 0.3678929986852837 3.06203 -0.49253123643577434 -0.8422822821083752 0.21902862457074987 3.30771 0.2230815728950566 -0.3654495980264203 -0.9037041568660594 -4.81458
0.8402966301495026 -0.4021501774316111 0.3635612852754175 3.08504 -0.4964074672983506 -0.8403132087977517 0.21783786982630676 3.32616 0.21790181222244737 -0.3635229647652947 -0.9057427086752746 -4.84271
0.8376192733027068 -0.4071562159489206 0.3641672264303883 3.07997 -0.5015168712026389 -0.837425135596223 0.21725554117389861 3.35044 0.21650584493486885 -0.36461343651297845 -0.9056391450369374 -4.86291
0.8345981289268116 -0.41274950029994995 0.3648065421480361 3.09358 -0.5066398201584371 -0.8351239369802614 0.21420574808444062 3.37603 0.2162453602315938 -0.36360123746314443 -0.9061082078281701 -4.88151
0.8307863118044853 -0.418166538262711 0.36732934867184336 3.10418 -0.5123077868321744 -0.8324806533611105 0.21098979437540882 3.40186 0.2175657042583215 -0.36347311875410887 -0.9058435053991066 -4.90356
0.8260722208166446 -0.42162401654715786 0.3739490268281208 3.10465 -0.5172025151946784 -0.8307301122827878 0.2058859850085115 3.44016 0.22384424109490753 -0.36348407010110984 -0.9043080705773759 -4.93636
0.8230301214737253 -0.42603143043171543 0.3756576093083321 3.18065 -0.520209617296538 -0.8309134511046942 0.19739501221022926 3.4776 0.22804248117211517 -0.3578827420505123 -0.9054924459780281 -4.98738
0.8168169637554498 -0.4319427621098127 0.38240750251828803 3.2254 -0.5259555835551748 -0.8299231528382208 0.18600614105508206 3.49406 0.23702483382224782 -0.35306233251936314 -0.905078017359566 -5.0424
0.8064359520088945 -0.43682127499414286 0.39855768593768187 3.21293 -0.5344241294277207 -0.8268853567024103 0.17507557441445376 3.51125 0.25308477866701357 -0.3541860818603966 -0.9002779094387742 -5.09137
0.7948895047048099 -0.4432141281417262 0.4143813604950287 3.22674 -0.5430402869115302 -0.8243195054552719 0.1600143734700691 3.5328 0.2706620071254636 -0.35221951896728443 -0.8959260507191817 -5.14319
0.7812001466410707 -0.451444154897362 0.43118964029412377 3.25485 -0.5462701599153509 -0.8286604545617373 0.12210963693170043 3.53639 0.30218412147898543 -0.33093810003464597 -0.893960139307918 -5.21005
0.7659838991133997 -0.4605505571422089 0.4485107028990877 3.29626 -0.5470193849967641 -0.8334398400263171 0.07840807034144255 3.53478 0.3376958079941098 -0.3054033683064213 -0.8903315808676547 -5.28871
0.747399174529017 -0.4722720075180673 0.46728323833430924 3.33749 -0.5469190334851108 -0.8366774008544572 0.029163293900768703 3.52636 0.3771923179560482 -0.2773627188615747 -0.883626548639559 -5.36764
0.7273755817600612 -0.48451373635104233 0.4859744873410183 3.38071 -0.5432557007500796 -0.8392354668115009 -0.023602433099628575 3.50879 0.41928272879019585 -0.24684057716031027 -0.8736542352701165 -5.46195
0.7019591954521148 -0.49889949477478374 0.5082839580723407 3.3972 -0.538490562659281 -0.838854705949586 -0.0796912556879631 3.4842 0.4661343173883581 -0.2177661048457698 -0.8574944441412963 -5.53551
0.6761355690468785 -0.5113952536429964 0.5303919181332509 3.43505 -0.5279759572719973 -0.8384084827497166 -0.13532407249279887 3.49691 0.5138891717212689 -0.18853676194507435 -0.8368821951642266 -5.61357
0.6479225269638136 -0.5242018079162188 0.5526380946244963 3.45602 -0.5139488494690277 -0.8363444504989213 -0.19074732042448192 3.50199 0.562185893795183 -0.16043822704400904 -0.8112993258475483 -5.69943
0.6193860193846026 -0.53886406722758 0.570952253732172 3.49674 -0.4962399316179389 -0.832262828732866 -0.24715281543488699 3.49516 0.6083641091145332 -0.13024630881724908 -0.7828978284429979 -5.79952
0.589512229314624 -0.5533140251740403 0.5884886753661478 3.53659 -0.4744704141480962 -0.8268107609318411 -0.30209566647908637 3.49656 0.6537225386864338 -0.1011313757100674 -0.7499461895765274 -5.90174
0.5597130891258544 -0.5682413396783657 0.6031774512875375 3.58584 -0.4492946994123592 -0.8196936419745391 -0.35529791216171547 3.4955 0.6963156833945011 -0.07213953969254688 -0.7141010823908589 -6.0108
0.527862213107346 -0.5808146244175645 0.6196901290452337 3.61667 -0.42148021237700667 -0.8125789473154652 -0.4025790418716849 3.51692 0.7373709477244463 -0.048680863204897146 -0.6737315927055656 -6.10725
0.498817923584796 -0.5916954140673764 0.633306573534642 3.65656 -0.3903210374331024 -0.8057732353192669 -0.44539755385528146 3.54516 0.7738411767589649 -0.02502059581140606 -0.6328852999853473 -6.22296
0.471400954053861 -0.6033666215644817 0.6432183614442093 3.70578 -0.3583193999895583 -0.7974622514908111 -0.4854494464291105 3.55896 0.8058463551498094 -0.0016362851433545933 -0.5921224319874202 -6.35127
0.44314681035290443 -0.6144434638626273 0.6527481399364863 3.74462 -0.3269685450063226 -0.7887726099234652 -0.520508732310009 3.56552 0.834693042411697 0.017233674913397834 -0.5504457515491276 -6.46989
0.4176418714226765 -0.6233278002346933 0.6610882850944669 3.77966 -0.29606816252225343 -0.7812300348651061 -0.5495664434491627 3.57049 0.8590220662912341 0.03379476408030635 -0.5108218902371896 -6.60153
0.39793533184534274 -0.6317254873274862 0.6652596337746538 3.84215 -0.26533708775678133 -0.7734072013945924 -0.5757061148639417 3.57741 0.878204817528284 0.052575750035866176 -0.47538625240774385 -6.75735
0.38044555654211276 -0.6397230128757999 0.6678440276774743 3.91442 -0.237870378952279 -0.7655407277400814 -0.5978001982170009 3.5807 0.893688346866211 0.06857011716699518 -0.4434177237179896 -6.91249
0.3687061447184372 -0.6422711346190354 0.6719699163519474 3.97851 -0.2131223217380759 -0.7620540324952676 -0.6114348105355738 3.59519 0.9047843139797674 0.08222798302815187 -0.4178563197838261 -7.09017
0.359422931047393 -0.6429675362560806 0.6763193801437952 4.04484 -0.19242366777681622 -0.7602410110197736 -0.6204891113008757 3.60808 0.9131200844996343 0.09287815935094085 -0.3969702240709784 -7.26078
0.3544360391109239 -0.6390471103863073 0.6826374476149621 4.10356 -0.17659231232485975 -0.7626394039934085 -0.6222509901192104 3.62729 0.9182539133633565 0.0999996509168371 -0.38315769652897724 -7.43773
0.3519790198138232 -0.6333987850538805 0.6891420381192607 4.16443 -0.16656854645189992 -0.7668913493234111 -0.619784299305669 3.63404 0.9210676896644469 0.10336168257718148 -0.3754339803893787 -7.60708
0.35153810271821134 -0.6244859781863424 0.6974512351311221 4.22328 -0.1620974791671043 -0.7743523245524129 -0.6116395055160719 3.64195 0.9220332800853507 0.1019595042598867 -0.37344194984780127 -7.76802
0.35547023654661364 -0.6139249129886541 0.7047957946393891 4.29004 -0.16232381421368694 -0.7831340307212971 -0.6002933193575746 3.63841 0.9204845953456336 0.09898126660175688 -0.3780354726653267 -7.93781
0.36176553726917376 -0.5988554540188984 0.7144913164176072 4.34242 -0.16665914349768063 -0.7955974523411519 -0.5824512200321057 3.64253 0.9172515608779119 0.09163426771731167 -0.3876244768418869 -8.10368
0.37141945842590723 -0.5803104158329873 0.7247671399686595 4.39084 -0.17434101379076558 -0.8103132786057111 -0.5594618855879911 3.65076 0.9119499968819635 0.08143839261065877 -0.40213802530471837 -8.27431
0.38251894704181794 -0.561586084152673 0.7336895291879841 4.44808 -0.18608389168527129 -0.8246352748432865 -0.5341811010691053 3.64939 0.9050149393293367 0.06780658943055856 -0.4199407410820157 -8.43907
0.3964139451721277 -0.5408400231077009 0.7418544692039881 4.50867 -0.20069079886635513 -0.839563323820651 -0.5048332680654125 3.64919 0.895867840322139 0.05123958138082427 -0.4413562257139514 -8.60854
0.41364611769286924 -0.5156120246329081 0.7503606661943113 4.5662 -0.21445925638549185 -0.8561658485275743 -0.47009282824314724 3.6736 0.8848186914098274 0.03353028286508439 -0.4647274507308435 -8.78573
0.43274831166083383 -0.4873477300786182 0.7584333119938202 4.61219 -0.2289694511022536 -0.8731171572512727 -0.43039449366295157 3.70685 0.8719529168576878 0.012594431335872486 -0.4894277179346257 -8.96943
0.4531874339281 -0.46103933331899694 0.7629311127896402 4.66841 -0.24413544009612542 -0.8873343366877842 -0.39119772727346114 3.72252 0.8573325122837318 -0.008972628802360938 -0.5146848116212872 -9.15892
0.47346168984622905 -0.43490690155501893 0.7659569277888711 4.716 -0.2601346363780616 -0.8998529448268507 -0.3501351862393982 3.73008 0.8415248060541094 -0.03347632994008559 -0.5391802445651507 -9.34895
0.49591531006891376 -0.4115192795080511 0.7646697900613232 4.78844 -0.27635579229441753 -0.9095887861295058 -0.31028328381138615 3.73046 0.8232226195292366 -0.057446694775478535 -0.5648047414414961 -9.55352
0.5179697109887026 -0.3872643330314271 0.7627147008285627 4.85325 -0.2914838156293595 -0.9181915506384969 -0.26825633554908346 3.73436 0.8042043047164257 -0.08337033463886764 -0.5884766975656502 -9.75888
0.5397113205652668 -0.3622731033751361 0.759914395853009 4.92117 -0.30338864238179786 -0.9257165435529604 -0.22584112261961725 3.76317 0.7852814922863172 -0.10866038635725256 -0.6095292431945059 -9.96528
0.5618035357310773 -0.34062240868131555 0.753892009470985 4.99286 -0.3153323073370331 -0.9306729752011558 -0.1855083533961007 3.76854 0.7648152215990237 -0.13350725798385846 -0.6302646181375475 -10.194
0.5805974371595662 -0.3210295205261204 0.7482290176907817 5.06298 -0.32663030366963614 -0.9336311751765675 -0.14712400709300416 3.78478 0.7458010865428021 -0.15897444979992953 -0.6469218373361537 -10.4046
0.5980006256020354 -0.303156711522565 0.7419509822342703 5.14596 -0.33533487202640594 -0.9354256437696551 -0.11193475144547332 3.80689 0.7279737463553257 -0.18186498628639386 -0.6610441372408058 -10.6216
0.6132866466289468 -0.2890746834980399 0.7350614371786409 5.22719 -0.3451007008526489 -0.9351637568971034 -0.07983892570109785 3.82293 0.7104822273200305 -0.2047060701264204 -0.6732833203902835 -10.8385
0.6273186209395549 -0.2783798585570819 0.7273073643049643 5.32025 -0.35182035642631715 -0.9344953931988011 -0.05422911482107454 3.8259 0.6947616746961178 -0.22186260261692856 -0.6841660623952992 -11.082
0.6371941313478601 -0.26895893972066454 0.7222497682382335 5.40744 -0.3577243468718546 -0.9332805735841551 -0.031947810966254236 3.84802 0.6826543273362816 -0.23800936896426242 -0.6908940654357095 -11.3154
0.6443053408171924 -0.26339209929432095 0.7179799647788034 5.49916 -0.3627060960148335 -0.9317604880194919 -0.01633036678573138 3.86352 0.6732866519604557 -0.24989396750423712 -0.6958721788495867 -11.553
0.6479704294482849 -0.2621465969845037 0.7151317950210639 5.59198 -0.36784376541105945 -0.9298568703468824 -0.007560748436109488 3.87523 0.6669522372770168 -0.25815763083462184 -0.6989487469285831 -11.7865
0.6486758593515087 -0.2632194331339426 0.7140974439915242 5.68021 -0.3728529514049682 -0.9278844761265119 -0.0033280012068911125 3.88641 0.6634759273125035 -0.26409454554018075 -0.7000384024414228 -12.0202
0.6469522036417688 -0.2661291149847384 0.7145824937405749 5.76689 -0.3774119452808444 -0.9260399854514125 -0.003188871975532609 3.90004 0.6625806137840042 -0.26762892127456495 -0.6995439162304427 -12.2505
0.642946583309169 -0.2719594087869476 0.716001236719128 5.85852 -0.3821534204354541 -0.9240657451750831 -0.007826994538274262 3.90588 0.6637608411623495 -0.26858998225226693 -0.6980551319008965 -12.4807
0.6351142476966465 -0.2776073993617223 0.7208078968715202 5.94664 -0.38608999117070864 -0.9223385992874018 -0.015034193771397392 3.9395 0.6690025493901538 -0.2687482838720556 -0.6929718239764875 -12.6882
0.6260256498821094 -0.2868136539072217 0.725141237016673 6.03933 -0.3896328649213866 -0.9205527535853207 -0.02772829673160432 3.95015 0.6754836165761793 -0.265180232669918 -0.6880416614844577 -12.9225
0.617004398431626 -0.2996613801862318 0.7276734360555632 6.15098 -0.39211557458766877 -0.9187713024864357 -0.045876681366038105 3.93979 0.6823129402860608 -0.2570259733028187 -0.6843878290603429 -13.1933
0.6052818484162084 -0.3121968371105054 0.7322342650245579 6.25145 -0.3934643391845316 -0.9169877010113077 -0.06572191403235529 3.94971 0.6919679889763239 -0.24832778960920376 -0.6778743328522396 -13.456
0.5918010270829807 -0.3254319929360674 0.7374724146143966 6.35507 -0.39276221382322385 -0.91534817754503 -0.08874433648223627 3.95858 0.7039242769902238 -0.2371323087195238 -0.6695213816041569 -13.7253
0.5785544765661998 -0.3418267770726738 0.7405600395115303 6.49228 -0.3921390162966715 -0.9126985103046403 -0.11492789559358241 3.9616 0.7151934769998182 -0.22391043692467577 -0.6620894249971914 -13.993
0.5634858625053194 -0.35474124663672046 0.7460846672404291 6.59401 -0.3905890362857988 -0.9101966058404918 -0.13777642559516295 3.98785 0.7279587127646507 -0.21377742315565973 -0.6514409611461032 -14.2576
0.5484106141013136 -0.3732826917702983 0.7482685549759128 6.71246 -0.38724433934549757 -0.9064694434513352 -0.16838933972759662 3.98468 0.741139406580091 -0.19741626101653148 -0.641669073510921 -14.5278
0.5323261689728646 -0.38883921078394174 0.7519527365357442 6.81299 -0.3834779913907232 -0.9026642718094698 -0.19529936640351866 3.99288 0.7547009208591239 -0.18439436150707209 -0.6296230932063956 -14.7797
0.5182428135634706 -0.4086253623439388 0.7512986752544569 6.93847 -0.37719994518692906 -0.8976232412088713 -0.22801911804201397 3.99391 0.7675575467291004 -0.1652205498446392 -0.6193202583221701 -15.0407
0.5053869345135886 -0.4269505887223991 0.7498648152917665 7.06592 -0.3689452419875864 -0.8924906617312904 -0.2594991852341071 4.00443 0.7800406751174452 -0.14551155800155827 -0.6085745078873088 -15.2905
0.4918554904184461 -0.4432242583459899 0.7494200646892746 7.16347 -0.3600495431563472 -0.8872298997007885 -0.2884223145837262 4.00486 0.7927436552998295 -0.12796625293637154 -0.5959715891645246 -15.5397
0.4787248089813022 -0.4582698667573209 0.7488733447573385 7.26148 -0.3500079328718378 -0.8818701368888762 -0.31591060221267997 4.02109 0.8051813486368143 -0.1108773686819018 -0.5825712015896245 -15.7707
0.4663997391026354 -0.4748552706857396 0.7463134430431803 7.36837 -0.34006844914793866 -0.875112469395646 -0.3442842078898917 4.02745 0.8165933708150644 -0.09322359041694983 -0.5696355228834165 -15.9917
0.4569946646130081 -0.4897113014971255 0.7425218634499836 7.46841 -0.3288874919783924 -0.8686618456458788 -0.3704856482230572 4.03189 0.8264314213141993 -0.07489618885555852 -0.5580337505559188 -16.2152
0.44994141913988045 -0.5005627632234646 0.7395874792183006 7.55623 -0.31637459884493213 -0.8637857367538502 -0.39214960689297695 4.04816 0.8351406064538467 -0.05754234140785208 -0.5470183236393489 -16.4342
0.4447954318287299 -0.5121831812804745 0.734728121578116 7.65014 -0.30420652011052807 -0.8579723706858857 -0.4139345410350338 4.0533 0.8423867383491604 -0.039392892164118676 -0.5374316543528206 -16.6453
0.4430330925125789 -0.5237423516284969 0.7276095299330492 7.75202 -0.2908392964466763 -0.851676395522597 -0.43595850829183197 4.05193 0.8480177961464861 -0.018473397637923772 -0.5296456843953021 -16.8588
0.4413599924447765 -0.5328340572699548 0.7220036180535284 7.84478 -0.277325462416794 -0.8462195537436267 -0.454975883709509 4.05705 0.8534002255474616 0.00057816535329136 -0.521255907170716 -17.0573
0.4402079252572847 -0.5400085454930739 0.7173616614617285 7.9296 -0.26388696052347127 -0.8414615900423299 -0.47149344062151877 4.07084 0.8582427713685451 0.018252760829214648 -0.5129192744630979 -17.2446
0.4417411026197921 -0.547569321294355 0.7106564828617903 8.01388 -0.25146771044720984 -0.8359518599916673 -0.4877996293345354 4.07314 0.8611787206257995 0.0367739874600424 -0.5069702999068093 -17.4331
0.445225016305572 -0.5537259089582417 0.7036776979584279 8.0973 -0.23939888390109776 -0.8308676707245315 -0.502341605017642 4.0786 0.8628226116894552 0.05519539376760538 -0.5024844368378258 -17.6178
0.4502530835135905 -0.5587067830384433 0.6965047676601628 8.17452 -0.22687317821808525 -0.8260314770858888 -0.5159462761456173 4.08255 0.8635975461936702 0.07428815147880852 -0.498678803197141 -17.8006
0.45582744953140275 -0.5637062898978097 0.6888080683204454 8.2539 -0.21509077090764253 -0.8207094946083093 -0.5293126540430806 4.08425 0.8636881940399861 0.09311897867470645 -0.49534993619311907 -17.9727
0.46187250717111455 -0.5667427366946574 0.6822583510103187 8.32405 -0.2038489190502659 -0.81645981130689 -0.5402212460860419 4.09206 0.863202991955836 0.11043571399039354 -0.49263023430756364 -18.1371
0.4700642672887004 -0.5695839447746838 0.6742504834801728 8.39927 -0.1934236530082692 -0.8118160949240378 -0.5509463843961788 4.10061 0.8611776094832433 0.12856421693922182 -0.4917767451268215 -18.302
0.47796257604075826 -0.5723628206400455 0.6662976643013643 8.47695 -0.18416019129008193 -0.8069909667787978 -0.5611154992347136 4.10769 0.8588578461238408 0.1454867041567458 -0.4911179278596178 -18.4698
0.48514869247827924 -0.5756232241569357 0.6582466482997007 8.5546 -0.17544055467177513 -0.8015396253237755 -0.5716247377539577 4.10975 0.8566512464025693 0.16183983702103552 -0.48985355892340793 -18.6398
0.4937256010175716 -0.5779246700632209 0.6497985123345195 8.63872 -0.16775238700605546 -0.7964835013366777 -0.5809244088108512 4.11736 0.8532843415612453 0.1778120013688156 -0.4901925383108233 -18.8205
0.501097073434172 -0.5810602181594451 0.6413039418779575 8.72459 -0.16192320712387454 -0.7909235596745147 -0.5901023620919628 4.12203 0.8501074037969717 0.19185657566081282 -0.4904166151195123 -18.9971
0.5099072650047891 -0.5837440612319229 0.6318523973775813 8.81398 -0.15613430817947113 -0.7851195866890079 -0.5993407314763441 4.12741 0.8459412857312579 0.20695435625698338 -0.49148065630460347 -19.1929
0.5182481610281044 -0.5870814489855543 0.621895663152598 8.91619 -0.15145499838957832 -0.7786759094641151 -0.6088720813792052 4.12911 0.8417126748800925 0.22135762981486504 -0.4924637780273229 -19.3898
0.5276799071627193 -0.5890001522405494 0.612072492632493 9.02073 -0.1471408804549307 -0.7730443636700806 -0.6170510295728123 4.13664 0.83660234094562 0.2355445445314529 -0.4945859790428542 -19.6
0.535275931874856 -0.5917232642858568 0.6027796075336281 9.12316 -0.14453175619071615 -0.7672588358785145 -0.6248395395769816 4.14272 0.8322200719809226 0.24734077154653877 -0.49621799093022706 -19.8099
0.5418411151981458 -0.5963985646196617 0.5922136084221944 9.23131 -0.14399802901490977 -0.7600676806718422 -0.6336889524348257 4.14293 0.8280536054632274 0.2580811363074273 -0.4977161375338521 -20.0251
0.5483498118821143 -0.6028324146878922 0.5795736049980327 9.34713 -0.15845810353689796 -0.7554100535440259 -0.6358039638348459 4.13796 0.8210989667709612 0.25680484965470884 -0.5097526419367365 -20.2515
0.5538175672426021 -0.6081774447988617 0.5686882255255628 9.4641 -0.17239379729680213 -0.7519502593240165 -0.6362791731277502 4.14198 0.8145959003500294 0.25434426107241304 -0.5212892824454126 -20.4773
0.5586840702606873 -0.6144638450741663 0.5570514273688044 9.58688 -0.18680398193100992 -0.7476163659765217 -0.637317849788297 4.13828 0.8080695403068169 0.2519999055966697 -0.5324656473497601 -20.7119
0.5644398451206855 -0.6180972555908089 0.5471411553440728 9.71372 -0.19932026045006065 -0.74525920820527 -0.636286214183031 4.15371 0.8010487469650374 0.2500889745997696 -0.543853298021975 -20.9544
0.568376549645708 -0.6243183877790569 0.5358867870117715 9.85284 -0.21266969714257644 -0.7406660704719457 -0.6373267387839083 4.15759 0.7948079627998988 0.2482746920904473 -0.5537508280240027 -21.1971
0.5702910689289519 -0.6309322078611547 0.5260158227499645 9.98772 -0.22508240085988507 -0.735871372535675 -0.6386166580238973 4.15551 0.7900038034864283 0.24580047226543356 -0.5616726077628019 -21.4399
0.5720918597202216 -0.6376744538199121 0.5158315567967269 10.1444 -0.23749588502474703 -0.7307672084647026 -0.6399804619119384 4.15099 0.7850519783034562 0.24361974053467553 -0.5695110300807589 -21.6874
0.57516566741571 -0.6417436724754935 0.5072962781885034 10.301 -0.24677780354578607 -0.7273654381587473 -0.6403438412675263 4.1559 0.7799263880029693 0.24311433155986528 -0.5767237216266048 -21.9487
0.5749504554802853 -0.6460628254100043 0.5020306757223658 10.448 -0.25565002941124715 -0.7247216791323476 -0.639860570950906 4.15889 0.7772226426224609 0.23954396969832764 -0.5818450398311614 -22.1955
0.5762502107242707 -0.6489784191430044 0.4967521576469309 10.6113 -0.2619743879203818 -0.7224217637646638 -0.6399032859056861 4.161 0.774147992772684 0.23860806089862113 -0.5863114177297121 -22.4446
0.5754820268974385 -0.6528965421726179 0.49249014399991276 10.783 -0.26783139512662324 -0.7194551883946194 -0.6408202366316074 4.15695 0.7727139059849657 0.23687620630004544 -0.5888997218426546 -22.6792
0.5755081726192953 -0.655250959464093 0.4893225146769616 10.957 -0.2711693662442397 -0.7173926285487989 -0.6417281288166685 4.15621 0.7715293371344327 0.23663050653969125 -0.5905493081154801 -22.9146
0.5740605499613726 -0.6555312007978795 0.49064582924807987 11.129 -0.27129710707440546 -0.7176437753337929 -0.6413932424166304 4.14968 0.772562207638391 0.23508776341007218 -0.589814698717949 -23.1393
0.5732336314386499 -0.6538063494403161 0.4939032913629804 11.3121 -0.2684093614768338 -0.7193398874357646 -0.6407078437287151 4.14925 0.7741831943792479 0.23470701688579423 -0.587837560696248 -23.3568
0.5706398229065326 -0.6530595774095377 0.4978788817241369 11.5042 -0.26348350003817134 -0.7198302195543325 -0.6422000468888152 4.1335 0.777783155976546 0.23528205067543412 -0.582834212198569 -23.5605
0.5694778272925948 -0.6483914175736931 0.5052559488406669 11.7085 -0.25481313443615183 -0.7236302179321649 -0.6414277622727842 4.12316 0.781514728422267 0.23653303640765383 -0.5773100137247286 -23.7527
0.5687144229060044 -0.6410739049502894 0.5153524556752179 11.9209 -0.2426808553711256 -0.7294273444958481 -0.6395637196855948 4.11551 0.785919784465965 0.23866293699173868 -0.5704122148862594 -23.9345
0.5667055787481635 -0.6335761997068947 0.5267124321493444 12.1502 -0.2486809833853007 -0.7409929966332937 -0.6237685046897857 4.09916 0.7854951021605601 0.22250972586693918 -0.577483217398039 -24.0907
0.565127687583486 -0.6231048500912217 0.5407134569430824 12.396 -0.25427162715326557 -0.7550528580709946 -0.6043518190124472 4.08036 0.7848417906504298 0.2040478554447929 -0.5851391598047496 -24.2159
0.5633816631897924 -0.6089060892231332 0.558421414425067 12.6604 -0.25834512964892464 -0.771834343498704 -0.5809729255159869 4.06087 0.7847667778188516 0.18304404033705635 -0.5921452387116716 -24.3127
0.5604166483430972 -0.5923140547509158 0.5788758423050823 12.9411 -0.2626357120708307 -0.7899703228466026 -0.5540481673705657 4.03504 0.7854652525764186 0.15846434793405068 -0.5982753441592752 -24.366
0.5582732280459138 -0.5721516579218847 0.6008106883074179 13.2341 -0.2655419919372839 -0.8092972627290896 -0.523951706798615 4.01023 0.7860142831814027 0.13296774374426668 -0.6037392862472878 -24.3871
0.5564978882816688 -0.5483771223603245 0.6241735592043715 13.5283 -0.26732575133437364 -0.8294787420232278 -0.49040999093113524 3.98823 0.7866683182965716 0.10605445866805033 -0.6081984945600168 -24.3925
0.5533065702995689 -0.5231981954212997 0.6481631643122152 13.8175 -0.2706129927261375 -0.8488252670317867 -0.45416326823755715 3.96124 0.7877946733960135 0.0758901466351942 -0.6112448267368461 -24.3939
0.5517103129086578 -0.4938119716429281 0.6721350067451886 14.1117 -0.2714845284876092 -0.8683221795678102 -0.41510570131289176 3.94308 0.7886138988263465 0.04654384097526987 -0.6131246116779014 -24.4084
0.5486892426059551 -0.4637304941055164 0.6956250023433298 14.4069 -0.2741402912095546 -0.8858546621101326 -0.37431085791529467 3.92427 0.7898020104963298 0.01468150041368077 -0.6131861363089997 -24.4209
0.5463234041273999 -0.4299939884151504 0.7187738921451456 14.7016 -0.27620799068706775 -0.9026479889035564 -0.330054168295112 3.91787 0.7907211164394579 -0.018214775738310457 -0.6119054975742093 -24.4464
0.5454391550420535 -0.3970719529109503 0.7381260003268382 15.0038 -0.2785370077129953 -0.9164812078843515 -0.2871921498389741 3.90188 0.7905145561476412 -0.04894956390331799 -0.6104839692509324 -24.4896
0.5423408304870598 -0.35991261675880404 0.7591635738656305 15.2944 -0.2806500842373211 -0.929299707681807 -0.24007828623199728 3.90796 0.7918976915007335 -0.08285506381832343 -0.6050066814469661 -24.5325
0.5408205409326703 -0.3198119504837649 0.7779675178521682 15.5754 -0.28159555521022817 -0.9403686926807227 -0.19081578842378785 3.91923 0.7926014671896192 -0.11587509721125752 -0.5986283288110783 -24.596
0.5388807902978358 -0.27931692710588624 0.7947260836792165 15.8614 -0.28282574324223403 -0.9486555161616802 -0.14164148620899847 3.94014 0.793484147798466 -0.14844111926329917 -0.5902102517784668 -24.6675
0.5365165273619389 -0.2385810044880209 0.8094622413460512 16.1407 -0.28289118649163547 -0.9545502644439802 -0.09384225730065357 3.95694 0.7950613765445033 -0.17864181186781078 -0.5796244565058873 -24.7492
0.5361796845915853 -0.1960997797524523 0.8210092704789075 16.4141 -0.2803154794234181 -0.9588076712936892 -0.04594650654829108 3.97891 0.7962000865529263 -0.20550602387621775 -0.5690629985543779 -24.8548
0.5347952081131624 -0.15566306552976586 0.8305197742432595 16.6863 -0.2814815448208893 -0.959565614581662 0.001404007750241812 4.00371 0.7967196654435265 -0.234526845675272 -0.5569873727053083 -24.9559
0.5351679906334118 -0.11502734853444047 0.8368774885791425 16.958 -0.2795015016445258 -0.9589979618654573 0.046923551830122506 4.0317 0.7971663141276427 -0.25902049769667923 -0.5453753289186384 -25.0803
0.5357463660360547 -0.07750866818825823 0.8408140327294997 17.2265 -0.27926545413911363 -0.9560043202202434 0.08981395128099763 4.05652 0.7968604880426915 -0.28292781071487705 -0.5338213338940759 -25.2059
