1.0 0.0 0.0 0.0 0.0 -1.0 0.0 0.0 0.0 0.0 -1.0 0.0
0.9995618310961414 -0.014069509062644876 0.026042172153361527 0.0169779 -0.014605530217071873 -0.9996829930897222 0.020508335238450616 -0.0590017 0.025745374396333127 -0.020879708855983323 -0.9994504557281876 0.125791
0.998248558702075 -0.026698079662371796 0.052792306177808904 0.0699088 -0.028696684646267706 -0.9988856517548533 0.037469387619685775 -0.10849 0.05173311646849177 -0.038918726348934486 -0.9979023085451973 0.254809
0.9959234259087323 -0.04037044131338581 0.08066447293806751 0.118737 -0.04485267132540338 -0.9975031946879597 0.05454919304893147 -0.159352 0.07826089445686839 -0.05794483631417668 -0.9952475211440287 0.383154
0.9925434664835884 -0.05354624912200994 0.10950007463789782 0.15958 -0.0616419758904009 -0.9955026867535173 0.071935161603041 -0.205208 0.10515576041790947 -0.07814857562036584 -0.9913803842014624 0.515449
0.9879810602554782 -0.06596528729757638 0.13979272315900007 0.192401 -0.07889962660744408 -0.9928931995881729 0.08909513529237248 -0.248217 0.1329220579801055 -0.09905389988944638 -0.986164312586409 0.648152
0.9821569061862583 -0.07716057103804438 0.17150527078699473 0.217564 -0.09641393255275843 -0.9895822595040753 0.10691728244077728 -0.286251 0.16146877481528626 -0.12154504494997603 -0.979364404503124 0.780956
0.9751715206901724 -0.08816093094892787 0.20314565092325965 0.238485 -0.11501657637161446 -0.9855413492727888 0.12441638169197554 -0.324657 0.18923977487454657 -0.14469242940730914 -0.9712118247208698 0.913323
0.9669503033956112 -0.09824852446896924 0.2352750267300078 0.254436 -0.1339218610730621 -0.9809428227435336 0.14076971845775704 -0.363622 0.21696093171320727 -0.16762579141534 -0.9616805853101736 1.04763
0.9580799375878756 -0.10738529702693896 0.26561481730891506 0.270073 -0.1526610216086995 -0.9758696640461785 0.15611858081531177 -0.402681 0.2424406023606616 -0.19012310952862865 -0.9513546959731499 1.18169
0.9484066021241044 -0.11614770550170102 0.2950163174370203 0.27942 -0.17158489704473326 -0.970473248765034 0.16952963321375103 -0.444878 0.26661496610947943 -0.21140336784954683 -0.9403324284040779 1.31902
0.938735031397962 -0.12455549383401056 0.3213447833434248 0.291025 -0.1901713007875096 -0.9648140115151823 0.1815731245002073 -0.488301 0.28742201930793926 -0.23155960817842774 -0.929391591675543 1.45583
0.9285807164887789 -0.13214384929578613 0.3468080968756044 0.295384 -0.20833258788289774 -0.9589417277521333 0.19242737747464164 -0.530736 0.3071406612469289 -0.25093578036829683 -0.9179846667236622 1.60035
0.917900644409965 -0.13900777827893904 0.37166550091409384 0.288142 -0.22610517738926236 -0.9529276089890023 0.20200351676214362 -0.57174 0.32609025706012923 -0.26945465222270104 -0.9061232447332991 1.74986
0.9072143594925896 -0.14472625212486895 0.39498913640293876 0.264681 -0.2428029152963136 -0.9469133746691195 0.21071735855489176 -0.610609 0.3435241625476463 -0.2870703273043532 -0.8941933666312393 1.89706
0.8971481241379399 -0.14861788007229804 0.41597832765492904 0.230444 -0.2571517890940669 -0.9413991205133002 0.21826738937025228 -0.641084 0.35916319510982186 -0.30278775011483017 -0.8827918087855727 2.04524
0.8873019821511138 -0.15350503424521406 0.43489239695823645 0.184624 -0.27188450447391294 -0.9357987741984383 0.22440915853787125 -0.678563 0.3725238364154426 -0.317359195029979 -0.8720717474108678 2.19669
0.8782823948585169 -0.16064421218740405 0.45034816750185264 0.130736 -0.28694711597690226 -0.9304923255202159 0.2276958163439089 -0.724767 0.38246749863763146 -0.32920733472793284 -0.863331421440923 2.34148
0.8704474641989284 -0.16644360021956117 0.46326853985092276 0.061589 -0.2996749979495368 -0.9257907585813432 0.2304481870818826 -0.762898 0.39053310701347743 -0.33942303880457514 -0.855731203740443 2.48824
0.8644330969908929 -0.17080614551482012 0.4728431891030094 -0.0205188 -0.30890014759521733 -0.9224942666381328 0.23148439868688145 -0.796253 0.3966561730798943 -0.3461641065652883 -0.8501966194260415 2.62237
0.8592073299428479 -0.1759247603388091 0.4804302684804683 -0.118193 -0.31749350967790674 -0.9196844404952763 0.23103766191531555 -0.830628 0.4011989973627642 -0.35104274470585956 -0.8460545821071414 2.76437
0.856472852266384 -0.17968600586842703 0.48390824814807243 -0.222089 -0.32136569724527014 -0.9192322124090566 0.22745599201518651 -0.858256 0.4039533908320937 -0.35032139381516914 -0.8450423534182481 2.89978
0.8560423542163054 -0.18530879969302652 0.4825475484800802 -0.324631 -0.3251488742816421 -0.9187514491932909 0.2239955003088425 -0.890556 0.40183292217187294 -0.3486494275939049 -0.846743101121737 3.03013
0.8575346925416597 -0.19078476884596135 0.47773991152495776 -0.430411 -0.32642237473699437 -0.9195775996553527 0.21869035525866565 -0.918974 0.3975961322228154 -0.34347956298518445 -0.8508461114989975 3.15909
0.8608273864729071 -0.1959349389909129 0.46966553033073616 -0.539875 -0.32509115345909095 -0.9217748196923062 0.2112981867500397 -0.944428 0.39152516220654604 -0.3345753748616956 -0.8571857242717554 3.29133
0.8660333631190863 -0.20044237148001182 0.4580492000649211 -0.650302 -0.32226623692277595 -0.9242141373756606 0.20487240130041162 -0.965751 0.3822704363461532 -0.3250401267388884 -0.864996086410389 3.41784
0.8724029498048562 -0.2060164085343847 0.4432497406500985 -0.751942 -0.3191519424406843 -0.9269322931977322 0.1973285622091547 -0.985187 0.37020957687251177 -0.31361403546682604 -0.8744090038134835 3.5433
0.8790989625774576 -0.2123219246253009 0.4267369380761941 -0.858341 -0.3152012015862256 -0.930552041628986 0.1863359877713513 -1.01005 0.3575377134147348 -0.29831576918348396 -0.8849714601853717 3.67333
0.8861385139883129 -0.2172765720766449 0.4093280166971317 -0.975154 -0.3101591990043258 -0.9343474717950904 0.17548809994731335 -1.0279 0.3443251447390676 -0.2824636138987564 -0.8953516077629362 3.80558
0.8937713133651283 -0.22207946621653646 0.38968391048457746 -1.08915 -0.304305863069452 -0.9385079180135069 0.1630976073629188 -1.04586 0.32950080592789127 -0.2643550614437543 -0.9063915381235302 3.94139
0.9016900521944895 -0.22506701785891725 0.36918814613363843 -1.20904 -0.297408544434854 -0.9426159389656008 0.15173446973295335 -1.05861 0.313852206413529 -0.24661717109741743 -0.9168842693869641 4.07209
0.9102303145791462 -0.22788579519837418 0.3457583531427022 -1.3219 -0.2894807210909171 -0.9472163806455058 0.1377753256338415 -1.07292 0.29611093620099804 -0.22549765538389324 -0.9281536084498814 4.19943
0.9183960633684467 -0.2285881651839263 0.322949100520789 -1.4455 -0.2805537668499535 -0.9517750361205748 0.124152585651614 -1.08253 0.2789950800563383 -0.20462583257136777 -0.9382377171851666 4.3229
0.9255440433172296 -0.23166812294134853 0.29949641849749487 -1.56592 -0.27485407521522665 -0.9551043632604147 0.11059336606912945 -1.09751 0.2604293785608238 -0.18467684233208603 -0.947666081849864 4.46327
0.9324560839181737 -0.2313351625994678 0.27750620553252714 -1.69789 -0.26702127231806283 -0.9586906528276542 0.09804015662231666 -1.10032 0.2433624697722028 -0.16551820058822306 -0.9557083412738481 4.60194
0.937956799420407 -0.23421497864947413 0.2556958861562949 -1.82947 -0.2628476761115415 -0.9611960653421412 0.08374498870707728 -1.11889 0.22615954895557416 -0.1457582510426517 -0.9631232479123315 4.74865
0.9438663338061742 -0.23257792265176438 0.23457163895552596 -1.96226 -0.2550287166283512 -0.9643978006245814 0.06998025325308962 -1.11078 0.2099445107693646 -0.12587450911705803 -0.9695766655362289 4.88553
0.9530669128785236 -0.23221374565726166 0.19426846348294716 -2.0051 -0.2483381170842952 -0.966629512063776 0.06289329066262198 -1.10237 0.1731809434644224 -0.10818577880281108 -0.9789301293175123 4.89426
0.9561378833671415 -0.23593036694347858 0.17360071988364034 -2.12678 -0.24780274491045684 -0.9675237724025474 0.049915422975137305 -1.12476 0.1561862593349545 -0.09074476177642075 -0.983550324388689 5.04011
0.9590479775600449 -0.23705711725692244 0.1550190307537293 -2.25136 -0.24570615205502996 -0.9685610604887616 0.03896099263618055 -1.13681 0.14090941622297082 -0.07545459073325993 -0.9871429183036153 5.17774
0.9606712716761007 -0.24047949820167294 0.13885358735335293 -2.38831 -0.24656310250449195 -0.9687176905285403 0.028154440864820673 -1.15066 0.12773936065122224 -0.061283333800658035 -0.989912626820516 5.34329
0.9617881050346677 -0.2435019817391377 0.12518157173855982 -2.52656 -0.2476786905896661 -0.9686613492331986 0.01872048956380111 -1.16001 0.11670007387149335 -0.04900995195705238 -0.9919572154924607 5.51619
0.9620900725751872 -0.2479612067649985 0.11356906353367842 -2.66397 -0.2506970345107808 -0.9680113499344473 0.010248086923384317 -1.17362 0.10739501450147208 -0.03833101013193528 -0.9934772491217371 5.69042
0.962590800893821 -0.2508379683557077 0.1024659146534722 -2.79151 -0.2524509631815397 -0.9676054122420749 0.0028770451085391776 -1.18143 0.09842490143914055 -0.028637036002782883 -0.994732355433194 5.86171
0.9631907140204587 -0.25233209860698436 0.09269390722887062 -2.91759 -0.25314903014358014 -0.9674225451552898 -0.0030311157395602646 -1.17933 0.0904390234474262 -0.02054583018174188 -0.9956900380640652 6.02982
0.9628430926897099 -0.2565105022143025 0.08447213217080027 -3.04473 -0.25667747030163657 -0.966454616450852 -0.00906369573567974 -1.186 0.0839634152429933 -0.012955176363246088 -0.9963846186619553 6.21381
0.962285798753421 -0.26072277445833625 0.07765099095464396 -3.17125 -0.26040273834200167 -0.9653927251594638 -0.014397919056968295 -1.18979 0.07871756717199595 -0.00636561763943745 -0.9968766340578914 6.40281
0.9614747045930252 -0.26561519131204275 0.07081640044525128 -3.29225 -0.26491271173941927 -0.9640791103386368 -0.01930606556319597 -1.19811 0.07340059663669363 -0.00019787099334871508 -0.9973025184268052 6.59833
0.9606314162245703 -0.27016305991383455 0.06480125940419816 -3.41322 -0.26915238226441324 -0.962798128525831 -0.02401580372480966 -1.2026 0.06887871430106353 0.005628922201561068 -0.9976091609197869 6.8039
0.9600919777080641 -0.2732213811060905 0.059778518274533475 -3.53641 -0.27197197669088446 -0.9618894789210028 -0.028282047944497374 -1.19601 0.06522758799366489 0.010895285565889742 -0.9978109312474817 7.02363
0.9592703747964489 -0.277187810278921 0.054472615786803555 -3.65416 -0.2757330776546581 -0.9606755459301123 -0.03276835880800611 -1.19036 0.06141349953365399 0.01641381383642549 -0.9979774390187247 7.26068
0.9584560679875334 -0.28088517215318154 0.04965365849919341 -3.76554 -0.27923348964928085 -0.9594831665239987 -0.037692325682631554 -1.18283 0.0582290648745271 0.022261473930497107 -0.9980550098978913 7.50553
0.9573494966989167 -0.28544401120101875 0.04476223452648603 -3.87425 -0.2837119665955406 -0.9580191322124385 -0.041314190363814444 -1.17864 0.05467596529392346 0.026852537764600826 -0.9981430158222713 7.76986
0.9547073981025611 -0.29520802802398377 0.03722907732443639 -3.94604 -0.29338301328421307 -0.9548089231737005 -0.04760596332555365 -1.20789 0.04960031778641432 0.03452738649347115 -0.9981721635356384 8.03679
0.9546676646583468 -0.29625113716447593 0.02906740071855132 -4.02779 -0.29459604370841574 -0.9542874657833816 -0.050483697171265544 -1.19359 0.04269450886387084 0.03963201202923889 -0.9983017993249271 8.3126
0.9547831172818162 -0.2964297668886423 0.022772620753067383 -4.12058 -0.29493598458377446 -0.9540448859630319 -0.05302000155965021 -1.18113 0.037442809072202106 0.04390613704405076 -0.9983337554037988 8.59167
0.9549436633843311 -0.2964571134195736 0.013992128681793795 -4.20152 -0.2952228469355994 -0.9536882614905839 -0.057638273241899365 -1.16606 0.030431404984874587 0.05091050773663801 -0.9982394751724883 8.86852
0.9547144743243847 -0.2974951964048626 0.004108604574106485 -4.27615 -0.2966529348198876 -0.9528856279464508 -0.0632930984851119 -1.16446 0.02274442301448179 0.059208007643652 -0.9979865244844781 9.13521
0.9552342603136266 -0.2957882816665666 -0.006066329352970778 -4.35485 -0.29549103457802145 -0.9528626380958467 -0.06883197952284864 -1.1586 0.014579314355941694 0.06754321098203137 -0.9976098226476859 9.38762
0.955748864306464 -0.2936010982645352 -0.018506849401311382 -4.4268 -0.2941462766266745 -0.9527293559396142 -0.07605749323736331 -1.1553 0.0046985448351544975 0.0781355836270929 -0.9969316697987307 9.63196
0.9559003573563811 -0.29163372012033634 -0.034702739008848 -4.48797 -0.2935784747359394 -0.9521126850079913 -0.085399731958557 -1.15666 -0.00813547648649227 0.09182161148470079 -0.9957422385771784 9.87187
0.9560477854792013 -0.2884416384138118 -0.05266928051028498 -4.54748 -0.292347333968156 -0.9515033220570948 -0.0957834246413462 -1.15997 -0.022487067439457373 0.10697125475317576 -0.9940077879244733 10.1057
0.9557382270447866 -0.28533693071442545 -0.0717445282635488 -4.6049 -0.2918280937985732 -0.9503774197517482 -0.10779203911189583 -1.17059 -0.03742733005678021 0.12395804127397492 -0.9915813627576612 10.3252
0.9558060394097573 -0.2791160527681347 -0.09235282407685028 -4.65123 -0.28892288096553626 -0.9498747105432398 -0.11942195411636433 -1.17955 -0.05439102759103199 0.14082706898012284 -0.9885389991093217 10.5259
0.9551741493455987 -0.27346791576623536 -0.1133915493693575 -4.69659 -0.28716574757330743 -0.9489707618044876 -0.13034694726334833 -1.19314 -0.07195955699263107 0.15706620351521144 -0.9849629586287714 10.725
0.9534679902883094 -0.2661819520560047 -0.14158375576042487 -4.70256 -0.28576213429630615 -0.947582644256916 -0.14292352817325535 -1.20569 -0.09611864594340024 0.17673228540005423 -0.9795544421824045 10.9128
0.9520163199482491 -0.25685484719493834 -0.16640466947972846 -4.72508 -0.2825844255554143 -0.946525712079524 -0.15567632705670528 -1.21293 -0.11752007907463854 0.1952297719222523 -0.97369110459605 11.0893
0.9496223129962635 -0.24819797711102617 -0.19135105648420409 -4.74415 -0.2809367426942037 -0.9447712400670913 -0.168765667558485 -1.22728 -0.13889567762892163 0.2140211861010139 -0.9669037814777217 11.2732
0.9477010159955394 -0.23785115686704464 -0.2128135603245981 -4.77277 -0.27763990020783846 -0.9432585064177811 -0.18215234251328927 -1.23849 -0.15741305566440275 0.2317114957172079 -0.9599640163354511 11.4493
0.9452107474801298 -0.2283786848997746 -0.23328055883742982 -4.79768 -0.27567119853332084 -0.9411394697835554 -0.19560646388790454 -1.25709 -0.17487719447445538 0.24919806319266846 -0.9525325675029522 11.6329
0.9419740869457736 -0.218168493381032 -0.2551221825293265 -4.81136 -0.27393678169251606 -0.9388584972326377 -0.2085745953130923 -1.27528 -0.19401922368317834 0.2663592136005887 -0.9441447506454999 11.8215
0.9397605137286035 -0.2093985107237112 -0.27018963811227603 -4.84822 -0.2722327100886745 -0.9364892066524756 -0.2210821507521407 -1.30458 -0.2067354067263916 0.28131873298823945 -0.9370807020078712 12.0115
0.9379577839916928 -0.2006147882642175 -0.28282309343315004 -4.89363 -0.2699113652634296 -0.934440798717137 -0.23231067257986882 -1.33207 -0.21767648093219583 0.2942347709272015 -0.930614232228582 12.2098
0.9360717722247721 -0.19270123565077432 -0.29433972042970885 -4.93338 -0.2683561657193053 -0.9321179029354044 -0.2431896036999461 -1.35745 -0.22749638582713166 0.30663080211545746 -0.9242418220517962 12.4227
0.9346683882021273 -0.18614338295582808 -0.3028954358807634 -4.97085 -0.2671953530117156 -0.9298121599947992 -0.2530928494737667 -1.38516 -0.23452430028588167 0.3174901385989271 -0.9188026798327548 12.633
0.9340049259296113 -0.181274406227876 -0.3078544915799551 -5.0135 -0.26631212625435013 -0.9276731667537834 -0.2617257096559197 -1.42122 -0.2381441784909065 0.32643848629066197 -0.9147268799587958 12.8486
0.9340088940870679 -0.1787860833071244 -0.30929423237744047 -5.06043 -0.26613394467286616 -0.925777119994881 -0.26853202339170446 -1.46543 -0.23832773497667448 0.3331249923222229 -0.9122651096206664 13.0618
0.9347473597188332 -0.17825058781640227 -0.3073663960841808 -5.1123 -0.26628081696856576 -0.9241778503451472 -0.273842705665088 -1.51189 -0.23524859194737735 0.33781952115668196 -0.9113375176696319 13.2808
0.9367625041954625 -0.17889769667308453 -0.30078501435163213 -5.17956 -0.2651176642672169 -0.9238011803299236 -0.27623179272946696 -1.56139 -0.22844831981641228 0.33850700634714337 -0.9128112465493364 13.4901
0.9394788634537198 -0.1829713710835445 -0.28965659406876104 -5.26057 -0.2653289778691116 -0.9234335869907143 -0.27725609807612084 -1.6161 -0.21674869925016774 0.3373305319434796 -0.9160939436499348 13.7028
0.9426178101203724 -0.1906922606926808 -0.27405861737188375 -5.36171 -0.2671323893451932 -0.9231529758232868 -0.2764577179087941 -1.68098 -0.2002796809629026 0.3338039019252545 -0.9211205157051239 13.9093
0.9460030663681298 -0.20148073571799963 -0.2539364321176263 -5.49378 -0.27013740959556914 -0.9230062891285864 -0.27401673336873544 -1.75049 -0.17917583084526764 0.3278183999771985 -0.927594263822981 14.0996
0.9496516469452384 -0.21363452802747077 -0.22917687031783116 -5.65282 -0.2728083310606097 -0.92353736662874 -0.2695447030538292 -1.80761 -0.1540693478863365 0.31849493068953544 -0.9353200602825468 14.2735
0.9527482918278253 -0.22952464981945225 -0.1989701674734652 -5.83619 -0.2775793578439089 -0.9238900700373177 -0.26339483401426733 -1.86687 -0.12337095492101911 0.3061789895007463 -0.9439459909709759 14.4374
0.955064493090384 -0.24563352015168818 -0.16587943759218082 -6.02484 -0.28215271623837807 -0.9248640755929318 -0.25498291393137934 -1.91152 -0.09078358198106808 0.29032846132531015 -0.9526110044436631 14.5994
0.9563175034693464 -0.26191989586748526 -0.12982604017269583 -6.21103 -0.2869741072080359 -0.9257588112250655 -0.2462041535622502 -1.9409 -0.055701834353165565 0.2727060534493487 -0.960483583442098 14.7692
0.9562355751278311 -0.2780037262212882 -0.09125487968884181 -6.39642 -0.2919751085161598 -0.9269444312226813 -0.23563649427080713 -1.96615 -0.019080379108462095 0.25196815201992984 -0.9675474094331185 14.94
0.9542142131455825 -0.29461770447035557 -0.05172662412699884 -6.50027 -0.29857604719502034 -0.9276533117304736 -0.2243026466114087 -1.99378 0.018099156675230713 0.2294771044093588 -0.9731457645592166 15.0446
0.950143736769476 -0.3116162606486524 -0.011053758505019783 -6.6738 -0.30670563583646854 -0.9276061097832935 -0.21325702342209446 -2.00794 0.05620082227052976 0.2060150751572694 -0.9769335987589232 15.2407
0.9436547698196197 -0.32930041008317 0.03281638791422503 -6.85315 -0.3162499852069929 -0.9265541730428529 -0.2036745228875029 -2.02969 0.09747626507646695 0.18182025282110678 -0.9784885147056205 15.4297
0.9358528825094188 -0.343237822754247 0.07979460714694636 -7.04527 -0.3240096112119008 -0.9271607340595804 -0.18812428089008723 -2.04992 0.1385537951162806 0.1502024309025113 -0.9788983990230302 15.6206
0.9262219515439091 -0.35471753102709075 0.12762589729454338 -7.23925 -0.3312139646850995 -0.9274013227163537 -0.1738507872330041 -2.06674 0.1800283479782283 0.11875293598897894 -0.9764668627855363 15.8103
0.9136927024428232 -0.3658926482611074 0.17688475189004932 -7.44281 -0.3400780041238644 -0.9266577671020635 -0.16016345956724032 -2.08305 0.2225142615965539 0.08618557082187073 -0.971112481007349 16.014
0.8989698156413268 -0.3765027216487423 0.22382799457817804 -7.63919 -0.3505882609580071 -0.9248288091190344 -0.14757894532049343 -2.10558 0.26256645224445474 0.05419754989442372 -0.9633906184623153 16.2262
0.8825252013307217 -0.38680254390880786 0.2674566526408418 -7.82834 -0.3626794913886502 -0.9218641935193135 -0.13649174053053711 -2.13061 0.2993540638478775 0.02345635804340148 -0.953853732877898 16.4454
0.8657732742887072 -0.39485006359900354 0.3074574194962182 -8.01006 -0.3738955836537696 -0.9187320308417413 -0.12701790436633853 -2.15695 0.3326240070283827 -0.0049882643546856065 -0.9430463335208454 16.6691
0.8496004205015021 -0.39933409183872953 0.34454521993347703 -8.18936 -0.3827381921762137 -0.9162656537425645 -0.11818937355530079 -2.17247 0.36289199733991745 -0.031456873128902337 -0.9313000930954519 16.8963
0.8318383358706278 -0.4071389561657952 0.3772039943428649 -8.35936 -0.39594262298149396 -0.9115719274043927 -0.11075224817029945 -2.21141 0.3889401268608317 -0.05722317310729784 -0.9194841413406829 17.1393
0.815767405419895 -0.40949382520339017 0.40845850141083817 -8.52478 -0.4046612760256121 -0.9086711794141645 -0.10279075535958637 -2.24516 0.41324664782647147 -0.08143399058357811 -0.9069706242419419 17.3734
0.799673468709928 -0.41119332459441105 0.4375413046221203 -8.68255 -0.41371738596948915 -0.905456217964702 -0.094799588056229 -2.28423 0.4351554526695081 -0.10520972938874669 -0.8941871419641091 17.6091
0.7880461942659489 -0.41179945306104004 0.4576072619196319 -8.80548 -0.4204423813943171 -0.9029877225953384 -0.08855154865703817 -2.3174 0.44967921858857335 -0.12261477602928812 -0.8847339809619938 17.8396
0.7781287030905121 -0.41289988882221446 0.47331744446753776 -8.91221 -0.4278445792607756 -0.9001372338005039 -0.08186559914363802 -2.34828 0.45985295195730513 -0.13880433039563242 -0.8770795975506286 18.0759
0.7716881071507931 -0.41353720189071524 0.4832022846949548 -8.99272 -0.43252666952542324 -0.898242460620785 -0.07798180612914095 -2.36266 0.46628118708701044 -0.1488202425421873 -0.8720288928575779 18.3056
0.7657374802230908 -0.4155621848184871 0.49087084037501894 -9.06613 -0.43901358300748566 -0.8954885795991673 -0.07326170720366351 -2.36642 0.47001402672316195 -0.15939973135595745 -0.8681466122304041 18.5447
0.7636089370837046 -0.4172637336946644 0.4927396551416202 -9.11969 -0.44349267507945045 -0.8935855540613623 -0.06941977185010673 -2.35707 0.46927139094213666 -0.1655168695814298 -0.8674033246000362 18.7735
0.7634810013035269 -0.416129875471052 0.4938954215104755 -9.17165 -0.4438562905766334 -0.8936064685145289 -0.06677628878983374 -2.3288 0.46913575217000325 -0.16823616189582674 -0.8669534242774788 18.9945
0.7676821750248288 -0.41464937485443426 0.48860001441053474 -9.20785 -0.4424820190743535 -0.8944984445540527 -0.06389206121470611 -2.30055 0.46354475614015017 -0.16714792437600653 -0.8701654040650901 19.2
0.7731465939498756 -0.41219966743871583 0.48201221813053485 -9.24402 -0.4391744458541572 -0.8962589436841988 -0.062013804711358526 -2.26995 0.45756983114318217 -0.16374168690195115 -0.8739671101352176 19.397
0.7782089793257897 -0.4098486663065713 0.4758307001691228 -9.28539 -0.43609644213897175 -0.8978871040573079 -0.06015514542673709 -2.24517 0.45189675552104086 -0.1606948010805148 -0.8774773519899249 19.5907
0.7872056965792837 -0.4089380968956529 0.46160245252867377 -9.31069 -0.4308011812723784 -0.9002545059092373 -0.06286626125704203 -2.22729 0.441268097065093 -0.14937020284339458 -0.8848564906328455 19.7714
0.7990200876168747 -0.40801536067231403 0.4416903497249664 -9.32926 -0.425895996885548 -0.9025554155028404 -0.06329551155777612 -2.22652 0.42447555809679655 -0.13753976662019174 -0.894932015952316 19.9358
0.8111413526839072 -0.4047281950659862 0.4221904713334377 -9.35923 -0.41738165696231305 -0.906266836979578 -0.06688028575316515 -2.22681 0.4096855603966477 -0.1219651930251415 -0.9040366327161885 20.0948
0.8232529853319 -0.40524141537533087 0.3975348002461091 -9.38358 -0.41048273086456954 -0.9086768277631527 -0.07622565413467769 -2.23757 0.3921204531825402 -0.10042817309347371 -0.9144155140006249 20.2439
0.8368320463760229 -0.4013650069055827 0.37231472894555134 -9.40971 -0.3994270686025638 -0.9127079730784221 -0.08615203274816606 -2.24422 0.374393032822034 -0.07661779891617772 -0.9240993290028726 20.3805
0.84539249543367 -0.4019473859497195 0.35178093693749124 -9.44721 -0.3952743378645334 -0.913728636618927 -0.09411788591055043 -2.2662 0.3592627541092823 -0.059483422486470344 -0.9313388190981353 20.515
0.8516273270427808 -0.4064846521242565 0.3309095396349147 -9.48228 -0.396415968302504 -0.912528992307164 -0.10072347429303892 -2.28972 0.3429070951566286 -0.04539896239226755 -0.9382716335395358 20.6475
0.8572537656628343 -0.4076243993537526 0.31457642999497404 -9.49437 -0.39546331208170504 -0.9124926720053081 -0.10471815665862966 -2.31868 0.3297343628654107 -0.0346334027797702 -0.9434382742700425 20.7645
0.8620069044233943 -0.4103997293564663 0.2975166530978324 -9.5299 -0.39454813322157756 -0.911714189674851 -0.11449457156082782 -2.34249 0.31823869547521233 -0.01868952887764947 -0.9478263734527362 20.8783
0.8659364815219218 -0.4122229997950206 0.28324231394590027 -9.56209 -0.3941761887479161 -0.9110560241507762 -0.12083895515414997 -2.36125 0.3078622130005576 -0.007008516146365773 -0.951405138995909 20.9889
0.8684485123206817 -0.4147891492918305 0.2715642522088547 -9.59414 -0.394573959726582 -0.9099088244984846 -0.12797390908099826 -2.39077 0.30018089838242634 0.00398656864301912 -0.953873962070867 21.0891
0.8698917614121423 -0.41743433353236564 0.26274874046447944 -9.62287 -0.39567463125590335 -0.908624732377587 -0.13357650202136417 -2.43214 0.29449942208395846 0.012234087630401125 -0.9555733449045481 21.176
0.8704792273097052 -0.4206848911060473 0.25551934802944387 -9.63769 -0.3968874670508668 -0.9069536482069497 -0.14112199864674513 -2.45852 0.2911120975161391 0.021431341516525093 -0.9564488717545524 21.2536
0.870395879716521 -0.42304033441510214 0.2518886421227879 -9.66934 -0.397401974285859 -0.9056606423239006 -0.14781905079914753 -2.48338 0.2906590501020136 0.028560049079405035 -0.9564003555992526 21.295
0.8702100039004963 -0.42556323196506446 0.24825487852396091 -9.69184 -0.3982275251445739 -0.9042404746186892 -0.15415577277090584 -2.50379 0.29008513806937025 0.035285969744590195 -0.9563500996028902 21.3263
0.8701676044292054 -0.4255148613354553 0.24848630341450784 -9.72113 -0.39672507612954483 -0.9040809810926601 -0.15889239628295862 -2.50316 0.2922628169506779 0.039682268196288256 -0.9555143972849666 21.3453
0.868994913130524 -0.42800610658144056 0.24831152547207624 -9.74731 -0.3976422044260408 -0.9026998892823593 -0.1643581064286609 -2.50345 0.29449705976880614 0.04408721604516222 -0.9546349035987084 21.3653
0.8678537915890857 -0.42947656166350573 0.24975924288430443 -9.77069 -0.39745763339623946 -0.9018040202393701 -0.16963766897470237 -2.49743 0.2980892921248741 0.04795197662039744 -0.9533327760329487 21.3849
0.8676956038193765 -0.4296735395845013 0.24996997518392702 -9.78085 -0.39534901555012014 -0.9013250365234696 -0.17695291588305795 -2.4906 0.3013361827196959 0.05471588358869583 -0.951946782686422 21.3879
0.8669580005070212 -0.43156199902109854 0.24927508170248577 -9.78045 -0.3944926471689923 -0.8998902083200251 -0.1859386035747886 -2.48365 0.3045642406561686 0.06286377311818592 -0.950415051092351 21.392
0.8655879025983023 -0.43471439118586896 0.24855780207302094 -9.78442 -0.39598347839061776 -0.8980388750369813 -0.19163314891735206 -2.47271 0.30652025661795806 0.06745055239367737 -0.9494713030232399 21.3985
0.8648239981347563 -0.43678682005241465 0.2475817563527543 -9.79402 -0.39670074742331474 -0.896715932848561 -0.1962881880534805 -2.46664 0.3077465990778753 0.07153886778552329 -0.948775116216676 21.4003
0.86456868279001 -0.43801339325339783 0.24630318729036255 -9.80227 -0.3966522400894349 -0.8957675479719075 -0.2006676367340518 -2.45173 0.3085255146187758 0.07579424338985345 -0.948191562659244 21.3985
0.8635223967729854 -0.44261268972654527 0.2417086617489571 -9.80449 -0.4002024870796152 -0.8930637273180281 -0.20560921254681425 -2.45052 0.30686648498447855 0.08081575243641313 -0.9483152295262408 21.4068
0.8625398770122112 -0.44738786729892194 0.2363663613069367 -9.80766 -0.40392071648128963 -0.8901543776789016 -0.21088679118505413 -2.43901 0.30475074300319716 0.08642499692108321 -0.9485028753494582 21.4288
0.8623322051202327 -0.45248746125468337 0.22724054528135665 -9.8131 -0.40893780150520803 -0.8870157915929187 -0.21441282602697756 -2.42519 0.2985850674641382 0.09196783607370171 -0.9499415111549534 21.4431
0.8607238977702774 -0.4581122882812691 0.22200788979862834 -9.84004 -0.41314734599997943 -0.8834071747655172 -0.22113578196659983 -2.42542 0.2974283818002475 0.09861488172941081 -0.9496375428557886 21.4726
0.8577344905929057 -0.46534176456704485 0.21851449791022357 -9.87581 -0.4177569324502817 -0.8786287630264161 -0.231280440531404 -2.42374 0.2996175713089252 0.10709126450041817 -0.9480299425812678 21.5033
0.857415301053712 -0.47084157191276815 0.20771907875225495 -9.87802 -0.4218971327713002 -0.8742493597154222 -0.24018923039247592 -2.40768 0.29468934639434774 0.11830583753935191 -0.9482414871359426 21.4961
0.8570615916532097 -0.4743453999987315 0.20110164000552103 -9.88992 -0.42331588298128553 -0.8708235371937082 -0.24994005338323172 -2.39832 0.293681956082837 0.12908450166259905 -0.9471473486748917 21.4926
0.8553700925345114 -0.4811784188779182 0.19185758781879955 -9.91069 -0.4294931291314443 -0.8658290485331228 -0.25666263994806093 -2.39658 0.28961639599025163 0.13714003034261776 -0.9472670981572431 21.4988
0.8569370861617489 -0.4841735376495964 0.17673374267662173 -9.89965 -0.4312710775155966 -0.861329787292406 -0.26854469873999637 -2.38593 0.2822482737930345 0.15390576000492634 -0.9469154814333529 21.4805
0.8662520157642665 -0.4778487209875184 0.14583567819617277 -9.86552 -0.4284578761512762 -0.8606694078641602 -0.27508547531756994 -2.37279 0.2569655493413126 0.17580890255430318 -0.9502946575848824 21.3773
0.870796441906746 -0.47988409689102085 0.10688690431311182 -9.83241 -0.4376835968971764 -0.8557049034459578 -0.27604743654976016 -2.38046 0.22393442292265175 0.1935984808040423 -0.9551821828639109 21.2888
0.8772146139769917 -0.4756362294140604 0.06530465752128539 -9.80903 -0.44194944374539397 -0.8531427240507151 -0.2771789702925929 -2.3766 0.18755055371374924 0.21428408636224144 -0.9585964323601278 21.2013
0.8802112855144945 -0.47382338782547184 0.026823310804470146 -9.80079 -0.4488935162988824 -0.8495787889171337 -0.2769665908497284 -2.37396 0.15402176429889933 0.2317483086706101 -0.960505084604223 21.121
0.8811813900822236 -0.47273748924578246 -0.006214823758851039 -9.79941 -0.45523060046776026 -0.8448538317783836 -0.28104644336327267 -2.3761 0.1276105723305179 0.25048207359205665 -0.9596740449957482 21.0389
0.8832027935652185 -0.46477866431639114 -0.062718566906986 -9.77695 -0.4634205148146169 -0.8443222077101828 -0.269000810438108 -2.36802 0.07207115850012531 0.26664733781471506 -0.9610957004111378 20.9746
0.8797363156288756 -0.4601361411536074 -0.11974450537707063 -9.75245 -0.4751474883771191 -0.8416590322221151 -0.25660268464661196 -2.3681 0.01728812461336692 0.28263900134836417 -0.9590705478035244 20.9225
0.8742622005205161 -0.4518936955637469 -0.1773631659921655 -9.72955 -0.4837981986406742 -0.8411973562955208 -0.24150840721073297 -2.36152 -0.04006129969264087 0.29694965174447685 -0.9540524076777808 20.8657
0.8611935701513619 -0.4481106643069928 -0.23988011018902078 -9.67676 -0.4990685783591569 -0.8349246285258692 -0.23201598818941163 -2.36601 -0.09631297329291215 0.31952730276970814 -0.9426696738307613 20.8226
0.846862555377087 -0.4411495061547689 -0.2970032415977877 -9.64788 -0.509969125593367 -0.8320495325670956 -0.21823168032257523 -2.36328 -0.15084861034072192 0.33627472187823093 -0.9296042212597744 20.781
0.8307321856768327 -0.43266087331507086 -0.350269331205049 -9.62374 -0.5180489444814121 -0.8311599819666297 -0.20198607748784644 -2.35875 -0.20373837832447475 0.3492529929427546 -0.9146108572055337 20.74
0.8123582179883846 -0.42456266974200124 -0.39977576856067826 -9.59889 -0.5252359155043131 -0.8305466041433605 -0.18525542208064683 -2.35561 -0.2533798704141325 0.3604703563505285 -0.8976969218290998 20.7021
0.7929574979924536 -0.4169028208615445 -0.44430895144621463 -9.57756 -0.5276162001075883 -0.8345537978992568 -0.15855946454234704 -2.35112 -0.3046958348280744 0.36015551692236136 -0.8817303736793973 20.6643
0.7736460995870803 -0.40960734096033635 -0.48341859586190966 -9.5618 -0.5262601857173551 -0.8402941084590155 -0.13021531483586524 -2.34414 -0.3528766491600606 0.3551445304667824 -0.8656502948402988 20.6303
0.7539976012045722 -0.4049285101018878 -0.5172238578066717 -9.54574 -0.5255526127704103 -0.8442318693733954 -0.10519981912768278 -2.3398 -0.394058458338285 0.3511487611269152 -0.8493600408372686 20.5997
0.7353823751275453 -0.4025323621205179 -0.5451426050103282 -9.5318 -0.5252102039235134 -0.8469010218814598 -0.08314385624182224 -2.33613 -0.42821373640553845 0.3474569852252441 -0.8342101889642638 20.5729
0.7191780135275615 -0.4017689615444833 -0.5668903654129414 -9.52881 -0.5244317680894487 -0.8490774432950202 -0.06355167901925471 -2.3289 -0.4558007300094258 0.34300028691979123 -0.8213382358662086 20.5526
0.7051113935959267 -0.4043608580946531 -0.5825034069103511 -9.51311 -0.5258156204422286 -0.8493032672527471 -0.04692433838386137 -2.32471 -0.47574768094039543 0.33937627594568953 -0.8114726658397503 20.5236
0.6941138259623255 -0.41060397074214583 -0.5912785940812719 -9.50271 -0.530078316430989 -0.8472709434586806 -0.03389582305130559 -2.32037 -0.4870554127177223 0.3369515211145665 -0.8057547377216897 20.4956
0.6878654910928635 -0.4193198260236312 -0.592462614573346 -9.49323 -0.5353482996676346 -0.8442903108588858 -0.024001438139791775 -2.31339 -0.49014616616530415 0.3336836143614449 -0.8052403251825734 20.4619
0.685507135511101 -0.43126425223084613 -0.5865927990617802 -9.48369 -0.5343981911999163 -0.8452271724558832 -0.0030984164488488952 -2.3031 -0.49446793668105793 0.3155981173739822 -0.8098760941677284 20.4263
0.6864506388051127 -0.4465810031940594 -0.5738910419846615 -9.46095 -0.5351711012012725 -0.844571038312372 0.017077871148928336 -2.29467 -0.49231840603726185 0.2954067853488637 -0.8187535760207586 20.389
0.6915028422100034 -0.4640903312101435 -0.553573828583638 -9.43672 -0.5367278397176378 -0.8429762739927846 0.036252276580648335 -2.28461 -0.4834739344447904 0.2720499328478164 -0.8320106902858722 20.3351
0.6991557237755697 -0.48308913083533184 -0.5270732070411315 -9.4107 -0.5394158543372284 -0.8402662574032382 0.0546182456619899 -2.27712 -0.4692673118825749 0.24612498519719433 -0.8480628995895196 20.2776
0.7099015359037206 -0.501679396809248 -0.4943253909507857 -9.38439 -0.5411308374727067 -0.8377552619749229 0.07309950594508162 -2.26303 -0.45079621344641435 0.21560126124500523 -0.8661979393256125 20.212
0.7227528392471393 -0.5192025603282715 -0.45613269418971353 -9.35542 -0.5428803256568031 -0.8349525116164828 0.09019565044995735 -2.24721 -0.42767895128818595 0.1824363031139774 -0.8853291534402009 20.1394
0.7347763195825503 -0.5371571111870448 -0.41420526080907133 -9.31939 -0.5473007825291893 -0.8302236430905452 0.1057854238371234 -2.23373 -0.400706393290223 0.14896623897599 -0.904015180194276 20.0639
0.7469316491580639 -0.5534953712472962 -0.36842364947683964 -9.29038 -0.552030572594996 -0.8250875514818184 0.12038595977180676 -2.21738 -0.37061483835169945 0.11346103471040588 -0.9218303722464282 19.9887
0.7589598673417198 -0.5674165035240872 -0.31940324245871266 -9.25616 -0.5575310948256176 -0.8196936744432507 0.1313824888646539 -2.2008 -0.33636140989594476 0.07836320313911554 -0.9384669468482044 19.8996
0.769679584622774 -0.5795993790166476 -0.2676899267033236 -9.22078 -0.5636831296111533 -0.8138121991778391 0.1413189083636907 -2.18314 -0.29975767947909193 0.04212201696080031 -0.9530850273089302 19.808
0.7758194866992405 -0.5923524706088927 -0.21730778776028298 -9.17222 -0.5733315409559399 -0.8056301936122483 0.1491674739525306 -2.17439 -0.2634294368570353 0.008862375744254775 -0.9646379580409188 19.7153
0.7838860552337575 -0.5977275123787977 -0.16806092155975114 -9.11487 -0.5778785002425519 -0.8013368035848004 0.15464723139427422 -2.15462 -0.22711030660777468 -0.024107014870149587 -0.9735706242828884 19.6053
0.789121091453497 -0.6025373683047665 -0.11931731986433708 -9.05878 -0.584200342318952 -0.7962376249650258 0.15721197354042293 -2.13368 -0.18973102818901705 -0.05435406504045119 -0.9803304404923461 19.4953
0.7973918383607397 -0.5996074419545837 -0.0680967816299725 -9.01343 -0.584500798774176 -0.7954689372640114 0.159962452095528 -2.10703 -0.1500835512240759 -0.08775013048847527 -0.9847714670172085 19.3614
0.7992385778657657 -0.6006309852550835 -0.02145029609625205 -8.96314 -0.5905663815851108 -0.7914706686789944 0.15749771287957015 -2.09133 -0.11157528665694147 -0.11321042430948548 -0.9872863592874604 19.2398
0.7995878923662649 -0.6002356274613828 0.019400873880188012 -8.90312 -0.5955118878450346 -0.7882920097947808 0.15479437563732346 -2.07553 -0.07761954532537332 -0.13532515959623354 -0.9877561983423524 19.1105
0.7993584080642463 -0.5985859541830317 0.05216311830961836 -8.83594 -0.5989265187697029 -0.7868360617500126 0.1489162081310651 -2.05769 -0.04809532795811245 -0.15027929792396405 -0.9874730234513153 18.9755
0.8000488440010154 -0.59449533594026 0.08060485567207545 -8.77371 -0.5995811303696508 -0.787714300654992 0.14145193052153288 -2.03567 -0.020598915439671538 -0.16149760397260987 -0.9866581011646411 18.8322
0.8014816314188002 -0.589347669719384 0.10147176304071277 -8.70817 -0.5980018176124133 -0.7911372225311191 0.12843566972611986 -2.01539 0.004584826115428181 -0.1636191288391391 -0.9865129294882116 18.6766
0.8023362386478536 -0.5858401791087304 0.11422716268149652 -8.64306 -0.5965094507989821 -0.7936998909761508 0.119234886555669 -2.0023 0.020809499271036543 -0.16380405247214447 -0.9862733886371424 18.5148
0.8058436723480507 -0.5805204373969998 0.11667046541864876 -8.57606 -0.5912763231547299 -0.7994755995048284 0.10597676855339239 -1.98463 0.031753510250545576 -0.1543851921681348 -0.9875003427979034 18.3458
0.8099159421674108 -0.576194147028338 0.10971085430968398 -8.50664 -0.585400529788054 -0.8057519983899047 0.08983282704301462 -1.96925 0.036638590951897546 -0.13698183098849429 -0.989895747860399 18.1699
0.815128071501723 -0.5711194647170081 0.09689573814797314 -8.44326 -0.5781039664872993 -0.812667983490721 0.07325675764581116 -1.95923 0.036905703915979 -0.11572945014335714 -0.9925949140449907 17.9846
0.8218471707458745 -0.5645810463627734 0.07625922911305684 -8.37926 -0.5688120348705208 -0.8206744967407855 0.05427927215536716 -1.94732 0.03193895620491122 -0.08798643354048893 -0.9956095070806457 17.7875
0.8280287731562084 -0.558451487650264 0.050002867584084294 -8.31941 -0.5602410097403614 -0.8276262373364611 0.03412949277958969 -1.94229 0.02232401913913818 -0.0562738590599483 -0.9981657632657897 17.586
0.8342959883377599 -0.5509711419606008 0.01951933836357001 -8.26758 -0.5512410201187042 -0.8342453023733782 0.012965847694653063 -1.93968 0.00914010842443452 -0.021577214708623938 -0.99972540341006 17.3908
0.8398472845815892 -0.5425475717835697 -0.017282098619215893 -8.21062 -0.5427438913184999 -0.8398422530035798 -0.0096983764787856 -1.93915 -0.009252406032184312 0.01752490860530134 -0.9998036159971577 17.2011
0.8461061929090483 -0.5300940720796868 -0.05571880353105302 -8.16106 -0.5321791341065566 -0.8460017495277952 -0.03265591856778144 -1.93293 -0.029827496417768426 0.05728275955194259 -0.9979123237617433 17.0113
0.8527571517971092 -0.5137679054536788 -0.09406263543310478 -8.11982 -0.5197625911552524 -0.8524839117613449 -0.05583931431932772 -1.92002 -0.05149843584478386 0.09650761376085586 -0.9939990903374739 16.8194
0.8564456719169256 -0.49780359100464666 -0.13672013691349255 -8.06659 -0.5103615956125654 -0.8563081482451083 -0.07916689316140903 -1.91988 -0.07766500356377987 0.13757885023473687 -0.9874412423985166 16.6374
0.8595834199928677 -0.47911820827387286 -0.17765721649794944 -8.02055 -0.5003636338962438 -0.8597427913128793 -0.10236487024211267 -1.91293 -0.10369463798823506 0.17688435568464705 -0.9787539766287116 16.4564
0.8592799762074916 -0.4624995829303526 -0.21847667673713572 -7.97037 -0.4945728235568692 -0.8602238723977274 -0.12414753946834696 -1.92888 -0.13052066766546538 0.21473012165578637 -0.9679128732307742 16.285
0.8594338461281292 -0.44182785040137124 -0.25721900151255245 -7.92202 -0.4864976377508882 -0.8614248345718725 -0.14583313356582422 -1.9263 -0.15714169590600857 0.2504703674938924 -0.9552858642392119 16.1145
