1 0 0 0 0 1 0 0 0 0 1 0
0.999451 0.0205083 0.0260421 0.0169779 -0.0208796 0.999683 0.0140695 -0.0590017 -0.0257453 -0.0146056 0.999562 0.125791
0.997903 0.0374695 0.0527924 0.0699088 -0.0389188 0.998886 0.0266981 -0.10849 -0.0517332 -0.0286966 0.998249 0.254809
0.995248 0.0545492 0.0806644 0.118737 -0.0579447 0.997504 0.0403704 -0.159352 -0.0782608 -0.0448526 0.995924 0.383154
0.991381 0.0719352 0.1095 0.15958 -0.0781486 0.995503 0.0535464 -0.205208 -0.105156 -0.0616419 0.992544 0.515449
0.986165 0.0890952 0.139793 0.192401 -0.0990538 0.992894 0.0659653 -0.248217 -0.132922 -0.0788998 0.987981 0.648152
0.979365 0.106917 0.171505 0.217564 -0.121545 0.989583 0.0771607 -0.286251 -0.161469 -0.0964138 0.982158 0.780956
0.971212 0.124422 0.203147 0.238475 -0.144693 0.985545 0.0881319 -0.324571 -0.189245 -0.114989 0.975174 0.913284
0.961693 0.140775 0.235223 0.254578 -0.167592 0.980963 0.0981085 -0.363109 -0.216934 -0.133771 0.966978 1.04736
0.951376 0.156116 0.265544 0.270275 -0.190073 0.975896 0.107245 -0.402194 -0.242401 -0.152502 0.958116 1.18137
0.940441 0.169542 0.294667 0.280713 -0.211327 0.970501 0.116064 -0.444659 -0.266296 -0.171422 0.948527 1.31834
0.929512 0.18158 0.320996 0.292281 -0.231476 0.964842 0.124498 -0.488181 -0.287104 -0.190025 0.938863 1.45516
0.918117 0.192457 0.346444 0.296689 -0.250843 0.958983 0.132031 -0.530429 -0.306823 -0.208122 0.928734 1.59962
0.90627 0.201988 0.371319 0.289396 -0.26934 0.952965 0.138985 -0.571718 -0.32578 -0.225969 0.918046 1.74925
0.894356 0.210703 0.394631 0.265962 -0.286943 0.946957 0.144698 -0.61056 -0.34321 -0.242648 0.907376 1.89641
0.882962 0.218253 0.415627 0.231635 -0.302671 0.941436 0.148633 -0.641212 -0.358845 -0.257036 0.89731 2.04457
0.872271 0.224342 0.434531 0.185836 -0.31722 0.935827 0.153628 -0.679201 -0.37218 -0.271847 0.88746 2.19609
0.863627 0.227926 0.449668 0.132292 -0.329415 0.930341 0.161105 -0.725564 -0.381624 -0.287261 0.878549 2.33963
0.856054 0.230676 0.462563 0.063239 -0.339618 0.925636 0.166917 -0.763684 -0.38966 -0.299984 0.870735 2.48627
0.850524 0.231715 0.472143 -0.0189684 -0.346367 0.922329 0.171298 -0.797043 -0.395778 -0.309228 0.864721 2.6204
0.846387 0.231283 0.479731 -0.116736 -0.351251 0.919515 0.176404 -0.831288 -0.40032 -0.317811 0.859502 2.76235
0.845957 0.227725 0.482184 -0.215589 -0.35094 0.918566 0.181883 -0.865314 -0.401497 -0.323083 0.856984 2.8998
0.848073 0.224715 0.479874 -0.315255 -0.349511 0.917911 0.187846 -0.897941 -0.398269 -0.327027 0.856994 3.03095
0.852163 0.219423 0.475052 -0.421397 -0.344319 0.918742 0.193291 -0.925888 -0.394036 -0.328285 0.858469 3.15963
0.858398 0.212124 0.467076 -0.531515 -0.335554 0.920879 0.198466 -0.95083 -0.388021 -0.327091 0.861659 3.29214
0.865895 0.205607 0.456021 -0.644293 -0.326032 0.923362 0.202756 -0.970427 -0.379382 -0.324242 0.866569 3.4209
0.874259 0.197949 0.443275 -0.757383 -0.3149 0.926173 0.207477 -0.989405 -0.369479 -0.320974 0.872047 3.55277
0.884642 0.187304 0.427 -0.865337 -0.300004 0.929688 0.213732 -1.01346 -0.356942 -0.317177 0.878633 3.68354
0.895043 0.176458 0.409593 -0.98215 -0.284132 0.933508 0.21872 -1.03091 -0.343762 -0.312141 0.885665 3.81583
0.906116 0.164057 0.389927 -1.09604 -0.265977 0.937702 0.223557 -1.04844 -0.328958 -0.306279 0.893301 3.95161
0.916633 0.152698 0.369423 -1.21588 -0.248214 0.941835 0.226586 -1.06081 -0.313335 -0.299391 0.901217 4.08235
0.927919 0.138746 0.346004 -1.32879 -0.227076 0.946464 0.229452 -1.07476 -0.295643 -0.291481 0.909748 4.20975
0.937595 0.125806 0.324184 -1.45436 -0.207111 0.950904 0.229987 -1.0802 -0.279333 -0.282775 0.917615 4.34701
0.947084 0.112254 0.300724 -1.57461 -0.187128 0.954276 0.233126 -1.09461 -0.260803 -0.277063 0.924784 4.48746
0.955172 0.0996822 0.278775 -1.70667 -0.167925 0.95791 0.232846 -1.09694 -0.243829 -0.26922 0.931706 4.62629
0.962645 0.0853876 0.256961 -1.83807 -0.14813 0.960455 0.235784 -1.11494 -0.226664 -0.265039 0.937223 4.7731
0.969155 0.0716283 0.235833 -1.97073 -0.128206 0.963711 0.234163 -1.1061 -0.2105 -0.257174 0.943166 4.91009
0.978574 0.0645523 0.195534 -2.01354 -0.110454 0.965974 0.233893 -1.09759 -0.17378 -0.250479 0.952402 4.91882
0.983242 0.0516187 0.174873 -2.13557 -0.093027 0.966889 0.237656 -1.11946 -0.156814 -0.24994 0.955485 5.06538
0.986871 0.0405946 0.156353 -2.26015 -0.0776268 0.968004 0.238653 -1.12973 -0.14166 -0.247657 0.958441 5.20185
0.989684 0.0297692 0.140175 -2.3969 -0.0634185 0.968168 0.242155 -1.1432 -0.128503 -0.248545 0.960065 5.36763
0.991749 0.0203873 0.126594 -2.53542 -0.0512049 0.968113 0.245252 -1.15212 -0.117554 -0.24971 0.961165 5.54079
0.993287 0.0119049 0.115111 -2.67321 -0.0405373 0.967467 0.249752 -1.16518 -0.108392 -0.25274 0.961451 5.71518
0.994569 0.00452235 0.104024 -2.80068 -0.0308235 0.967066 0.25268 -1.17254 -0.0994529 -0.254514 0.961948 5.88663
0.99555 -0.00138347 0.0942872 -2.92668 -0.022732 0.966884 0.254223 -1.16989 -0.0915153 -0.255234 0.962547 6.05494
0.996265 -0.00742145 0.0860774 -3.05364 -0.0151296 0.965924 0.258414 -1.17592 -0.0850599 -0.258751 0.962199 6.23909
0.996778 -0.0127888 0.0792594 -3.17996 -0.00850479 0.964857 0.262661 -1.17911 -0.0798319 -0.262487 0.961636 6.42822
0.997221 -0.017741 0.0724254 -3.30074 -0.00228904 0.963543 0.26757 -1.18677 -0.0745298 -0.266992 0.96082 6.62394
0.997546 -0.0224613 0.0664158 -3.42151 0.00354953 0.962257 0.272142 -1.19068 -0.0700206 -0.271237 0.959971 6.82969
0.99776 -0.0267329 0.0614038 -3.54449 0.00882125 0.961346 0.27523 -1.1835 -0.066386 -0.274071 0.959423 7.04958
0.997943 -0.0312399 0.0560936 -3.66189 0.0143666 0.960141 0.279168 -1.17687 -0.0625779 -0.277786 0.958611 7.28665
0.998043 -0.0359453 0.0512773 -3.77259 0.0200056 0.958953 0.282886 -1.16876 -0.0593389 -0.281305 0.957789 7.53108
0.998146 -0.0395701 0.0463955 -3.881 0.0245992 0.957488 0.287446 -1.16374 -0.0557963 -0.28577 0.956682 7.79551
0.998164 -0.0459281 0.0396048 -3.97105 0.0322709 0.955153 0.294376 -1.16797 -0.051347 -0.292557 0.954875 8.07631
0.998321 -0.0487914 0.031439 -4.05226 0.0373551 0.954642 0.295425 -1.15368 -0.0444262 -0.293753 0.954858 8.35226
0.998368 -0.0513835 0.0251078 -4.1443 0.0416879 0.9544 0.295632 -1.14112 -0.0391518 -0.294102 0.954979 8.63166
0.998343 -0.0554557 0.0157993 -4.2251 0.048344 0.954304 0.294927 -1.12363 -0.0314318 -0.293672 0.955398 8.90881
0.998121 -0.0610629 0.00598088 -4.29972 0.0565656 0.953553 0.295893 -1.12198 -0.0237698 -0.294998 0.955209 9.17525
0.997768 -0.0667452 -0.00432352 -4.37805 0.0650658 0.953586 0.294031 -1.11481 -0.0155015 -0.293654 0.955795 9.42909
0.997123 -0.0739892 -0.0167791 -4.44964 0.0756638 0.953478 0.29184 -1.11162 -0.00559331 -0.292269 0.956327 9.67346
0.995907 -0.0837695 -0.0341543 -4.50321 0.0900911 0.952741 0.290142 -1.11294 0.00823571 -0.29203 0.956383 9.91407
0.994192 -0.0941785 -0.0521821 -4.56246 0.105262 0.952122 0.287056 -1.11669 0.0226503 -0.290881 0.956499 10.1482
0.991822 -0.105829 -0.0714508 -4.6199 0.121935 0.951087 0.283869 -1.12735 0.0379147 -0.290258 0.956207 10.37
0.988736 -0.117672 -0.0925544 -4.66449 0.139125 0.950547 0.277708 -1.1358 0.0552997 -0.287456 0.956204 10.5732
0.985119 -0.128816 -0.113857 -4.70834 0.155555 0.949878 0.271204 -1.14691 0.0732149 -0.284877 0.955774 10.7704
0.979717 -0.141395 -0.142033 -4.71461 0.175157 0.948512 0.263935 -1.15985 0.0974014 -0.283459 0.954033 10.9581
0.973914 -0.154562 -0.166191 -4.73844 0.193857 0.947318 0.255 -1.16819 0.118022 -0.280563 0.952562 11.1338
0.967051 -0.168763 -0.190641 -4.75654 0.213568 0.94533 0.246493 -1.18185 0.13862 -0.279085 0.950216 11.3175
0.960129 -0.182149 -0.212113 -4.78503 0.231227 0.943814 0.23615 -1.19338 0.15718 -0.275779 0.948294 11.4936
0.952696 -0.19547 -0.232753 -4.80923 0.248609 0.941704 0.226728 -1.21272 0.174865 -0.273866 0.945746 11.6769
0.9443 -0.208453 -0.254681 -4.82252 0.265767 0.939424 0.216489 -1.23109 0.194125 -0.272115 0.942491 11.8655
0.937228 -0.220989 -0.26978 -4.85914 0.280746 0.937039 0.207746 -1.26076 0.206884 -0.270443 0.940253 12.0555
0.930787 -0.232195 -0.282378 -4.90471 0.293617 0.934991 0.198995 -1.28877 0.217814 -0.268131 0.938447 12.2537
0.924332 -0.243173 -0.294093 -4.94341 0.306181 0.932585 0.191203 -1.31474 0.227771 -0.26678 0.936465 12.4677
0.918859 -0.253128 -0.302723 -4.98027 0.317115 0.930239 0.184695 -1.34283 0.234852 -0.265705 0.935022 12.6785
0.91478 -0.261757 -0.307693 -5.02277 0.326057 0.928099 0.17983 -1.37922 0.238497 -0.26483 0.934345 12.8939
0.91229 -0.268381 -0.30938 -5.06871 0.332568 0.926311 0.177104 -1.42317 0.239049 -0.264459 0.934312 13.1068
0.911368 -0.27363 -0.307487 -5.12063 0.337208 0.924741 0.176532 -1.46985 0.23604 -0.264572 0.935042 13.3257
0.91286 -0.275975 -0.300907 -5.18798 0.337867 0.924375 0.177191 -1.51976 0.229249 -0.263415 0.937059 13.5349
0.916138 -0.277001 -0.289786 -5.26889 0.336718 0.924003 0.181268 -1.57488 0.217551 -0.263641 0.939778 13.7475
0.921124 -0.276272 -0.274269 -5.36951 0.333283 0.923734 0.188832 -1.63959 0.201181 -0.265345 0.942943 13.9541
0.927599 -0.273838 -0.25414 -5.50169 0.327346 0.923591 0.199614 -1.7095 0.180058 -0.268353 0.946353 14.1443
0.935318 -0.269391 -0.229412 -5.6605 0.318111 0.924107 0.211785 -1.76699 0.154947 -0.271062 0.950022 14.3182
0.943952 -0.263227 -0.199206 -5.84393 0.305842 0.924472 0.22767 -1.82657 0.124231 -0.275833 0.953154 14.4819
0.952583 -0.255344 -0.16555 -6.02763 0.290377 0.925445 0.243422 -1.86974 0.0910505 -0.279949 0.9557 14.6377
0.960442 -0.246573 -0.1295 -6.2137 0.272842 0.926349 0.259726 -1.89959 0.0559202 -0.284783 0.956971 14.8075
0.967498 -0.236004 -0.0909506 -6.399 0.252191 0.927544 0.275833 -1.9253 0.0192623 -0.289802 0.956906 14.9784
0.973087 -0.224667 -0.0514193 -6.50283 0.229776 0.928276 0.292458 -1.95317 -0.0179741 -0.2964 0.954907 15.083
0.976698 -0.214481 -0.00907816 -6.68177 0.206692 0.928105 0.309711 -1.96855 -0.0580016 -0.304366 0.950802 15.279
0.978355 -0.203967 0.0351827 -6.8629 0.181637 0.927571 0.326568 -1.98868 -0.0992423 -0.313107 0.944531 15.4673
0.978583 -0.188948 0.0818456 -7.0532 0.150611 0.927839 0.341252 -2.01091 -0.140418 -0.321613 0.936416 15.6598
0.976058 -0.174705 0.12965 -7.24676 0.11926 0.928086 0.35279 -2.02831 -0.181958 -0.328878 0.926691 15.8501
0.970614 -0.161058 0.178869 -7.44979 0.0868015 0.927355 0.364009 -2.04505 -0.2245 -0.337781 0.914074 16.0542
0.96282 -0.148624 0.225629 -7.64508 0.0549579 0.925388 0.375053 -2.06908 -0.264533 -0.348705 0.89914 16.2676
0.953222 -0.137552 0.269208 -7.83373 0.0242698 0.922445 0.385397 -2.09457 -0.30134 -0.36083 0.882623 16.4873
0.94235 -0.128093 0.309176 -8.015 -0.00412672 0.919343 0.393473 -2.1213 -0.334636 -0.372062 0.865804 16.7112
0.930547 -0.119283 0.346235 -8.19381 -0.0305472 0.916896 0.39799 -2.13723 -0.364933 -0.380919 0.849561 16.9387
0.918677 -0.111852 0.378876 -8.36337 -0.0562924 0.912239 0.405812 -2.1766 -0.39101 -0.394133 0.831746 17.1821
0.906112 -0.103918 0.410106 -8.52833 -0.0804331 0.90938 0.408148 -2.21059 -0.415353 -0.402808 0.815633 17.4163
0.893326 -0.0960368 0.439056 -8.68506 -0.104049 0.906184 0.409924 -2.25026 -0.437227 -0.411873 0.799515 17.652
0.883838 -0.0897126 0.459138 -8.80778 -0.121406 0.903841 0.410316 -2.28286 -0.451795 -0.418388 0.787949 17.8823
0.876153 -0.082979 0.474864 -8.91413 -0.137636 0.901021 0.411399 -2.31424 -0.461994 -0.425801 0.778002 18.1188
0.871097 -0.0791212 0.484724 -8.99408 -0.1476 0.899154 0.412025 -2.329 -0.468437 -0.430451 0.771563 18.3485
0.867366 -0.0743373 0.492115 -9.05475 -0.157817 0.896688 0.413614 -2.32876 -0.472014 -0.436413 0.766016 18.5805
0.866616 -0.0704796 0.494 -9.10801 -0.163979 0.894785 0.415329 -2.32011 -0.471293 -0.440929 0.76387 18.8095
0.866167 -0.0678362 0.495157 -9.15957 -0.166698 0.894812 0.414195 -2.29246 -0.471162 -0.441298 0.763738 19.0307
0.869164 -0.0639357 0.490402 -9.17657 -0.167639 0.894825 0.41378 -2.25409 -0.465276 -0.441845 0.767022 19.2275
0.872973 -0.0620475 0.483834 -9.21238 -0.164246 0.896585 0.411332 -2.22358 -0.459313 -0.438543 0.772493 19.4245
0.87672 -0.0601615 0.477254 -9.25255 -0.161138 0.898106 0.409229 -2.19921 -0.453242 -0.435675 0.777684 19.6184
0.88413 -0.0628959 0.463017 -9.27751 -0.149799 0.900463 0.408366 -2.18146 -0.442607 -0.430402 0.786694 19.7991
0.894495 -0.0642394 0.442472 -9.29642 -0.136954 0.902702 0.407926 -2.17986 -0.425622 -0.425478 0.798654 19.9652
0.903609 -0.0678113 0.422989 -9.32621 -0.121373 0.906423 0.404601 -2.18018 -0.410837 -0.416934 0.810811 20.1242
0.914008 -0.0771445 0.398332 -9.35035 -0.0998213 0.908838 0.405068 -2.19096 -0.393265 -0.40999 0.822974 20.2733
0.9237 -0.0870525 0.373131 -9.37631 -0.0760237 0.91286 0.401179 -2.19767 -0.375534 -0.398929 0.83658 20.4099
0.930952 -0.0950138 0.352604 -9.41364 -0.0588907 0.913872 0.401747 -2.21972 -0.360403 -0.394765 0.845166 20.5444
0.937883 -0.101647 0.331769 -9.44862 -0.0448077 0.912663 0.406295 -2.24334 -0.344085 -0.395917 0.851406 20.6771
0.956308 -0.0908287 0.277952 -9.44623 -0.0377482 0.904249 0.425372 -2.3508 -0.28997 -0.41727 0.861301 20.7606
0.960175 -0.100631 0.260704 -9.48635 -0.021569 0.903457 0.428179 -2.37251 -0.278617 -0.416743 0.865295 20.8732
0.963391 -0.106556 0.246082 -9.52293 -0.00970227 0.903225 0.429099 -2.3859 -0.267986 -0.415769 0.869113 20.9806
0.965511 -0.113668 0.234304 -9.55908 0.00142744 0.902025 0.431727 -2.41465 -0.260416 -0.416495 0.871064 21.08
0.966952 -0.119197 0.225456 -9.5916 0.00976666 0.900721 0.434328 -2.45362 -0.25484 -0.417763 0.872106 21.1663
0.967663 -0.126682 0.218199 -9.60919 0.0190625 0.899062 0.437452 -2.47759 -0.251586 -0.419139 0.872391 21.2445
0.96758 -0.133347 0.214573 -9.64258 0.0261945 0.897738 0.439793 -2.50182 -0.251271 -0.419906 0.872113 21.285
0.967486 -0.139647 0.210952 -9.66638 0.032928 0.896279 0.442313 -2.522 -0.250834 -0.420978 0.871722 21.3155
0.966734 -0.144445 0.21118 -9.6963 0.0372819 0.896122 0.44228 -2.52123 -0.253124 -0.419685 0.871684 21.3335
0.965931 -0.149814 0.211101 -9.72409 0.0415808 0.894727 0.444719 -2.52097 -0.255498 -0.420783 0.870461 21.3523
0.964852 -0.153864 0.213128 -9.75271 0.0436406 0.89331 0.447359 -2.51894 -0.259217 -0.422325 0.868613 21.378
0.96359 -0.161273 0.213348 -9.76316 0.0503417 0.892858 0.447564 -2.5121 -0.262663 -0.42052 0.868454 21.3804
0.962181 -0.170228 0.212759 -9.76353 0.0583296 0.891422 0.449447 -2.50466 -0.266162 -0.420031 0.867625 21.385
0.961313 -0.175893 0.212064 -9.76727 0.0629164 0.889518 0.452594 -2.49382 -0.268237 -0.421734 0.866158 21.3913
0.960666 -0.180511 0.211123 -9.77701 0.066973 0.888168 0.454655 -2.48776 -0.269579 -0.422623 0.865309 21.3926
0.960216 -0.18481 0.209434 -9.78325 0.0706748 0.88618 0.457965 -2.47527 -0.270227 -0.424936 0.863972 21.3903
0.960268 -0.189587 0.204887 -9.78587 0.075727 0.883391 0.462519 -2.47377 -0.268678 -0.428617 0.862637 21.3984
0.960359 -0.194708 0.199579 -9.7899 0.0813902 0.880388 0.467265 -2.46184 -0.266681 -0.432491 0.861322 21.42
0.961217 -0.197956 0.192125 -9.79712 0.0860106 0.876813 0.473119 -2.45694 -0.26211 -0.438235 0.859821 21.4348
0.960861 -0.204505 0.18697 -9.82529 0.0926801 0.8731 0.478698 -2.45652 -0.261134 -0.442626 0.857867 21.4632
0.959984 -0.213196 0.181704 -9.85817 0.101206 0.868819 0.484717 -2.45043 -0.261202 -0.446921 0.855616 21.4843
0.95988 -0.222416 0.170874 -9.85829 0.113105 0.86446 0.489858 -2.43443 -0.25666 -0.450869 0.85492 21.4759
0.958737 -0.232064 0.164342 -9.8706 0.123868 0.861043 0.493257 -2.42484 -0.255967 -0.452537 0.854247 21.4714
0.958672 -0.238548 0.15518 -9.89184 0.132021 0.855877 0.500091 -2.42315 -0.252104 -0.458928 0.851983 21.4769
0.957704 -0.251441 0.140073 -9.87741 0.150106 0.851566 0.50234 -2.4129 -0.245585 -0.460056 0.853278 21.4566
0.960014 -0.258035 0.108765 -9.83897 0.172502 0.850934 0.496187 -2.40191 -0.22058 -0.457575 0.861404 21.3548
0.963496 -0.258586 0.0696395 -9.80214 0.19098 0.845763 0.49825 -2.41138 -0.187735 -0.466751 0.864261 21.2681
0.965357 -0.259521 0.0278299 -9.77513 0.212416 0.843112 0.494052 -2.40934 -0.151676 -0.471016 0.869014 21.1815
0.96583 -0.259033 -0.0107723 -9.76346 0.230612 0.839375 0.492248 -2.40838 -0.118464 -0.477901 0.870417 21.1017
0.963864 -0.262833 -0.043868 -9.75853 0.249913 0.834516 0.491094 -2.4122 -0.0924636 -0.484301 0.870029 21.0198
0.96296 -0.250351 -0.100367 -9.73349 0.267141 0.833877 0.483039 -2.40547 -0.0372338 -0.491948 0.869856 20.9563
0.958606 -0.237482 -0.157211 -9.70677 0.284294 0.830992 0.478202 -2.40659 0.0170776 -0.503091 0.864093 20.9053
0.951166 -0.222035 -0.21454 -9.68151 0.29979 0.830382 0.469719 -2.40116 0.0738564 -0.511085 0.856381 20.8494
0.936777 -0.213465 -0.277346 -9.63179 0.325519 0.822519 0.46642 -2.40376 0.128557 -0.527202 0.839988 20.8096
0.921374 -0.199234 -0.333797 -9.60117 0.343451 0.819441 0.458914 -2.40184 0.182094 -0.537462 0.823425 20.7691
0.904126 -0.182677 -0.386298 -9.57536 0.357558 0.818451 0.449821 -2.39811 0.233991 -0.544808 0.805285 20.7291
0.884835 -0.164703 -0.435871 -9.53642 0.37021 0.81655 0.442985 -2.40865 0.282946 -0.553319 0.783474 20.701
0.86662 -0.137931 -0.479569 -9.51334 0.371143 0.820587 0.434671 -2.405 0.333568 -0.554671 0.762314 20.6642
0.848488 -0.10967 -0.517768 -9.49619 0.367224 0.826501 0.426718 -2.39876 0.381133 -0.552189 0.741537 20.6308
0.830369 -0.0846483 -0.550784 -9.47751 0.364066 0.830722 0.421197 -2.39451 0.421888 -0.550259 0.720608 20.601
0.813762 -0.0626233 -0.577852 -9.46249 0.361098 0.833533 0.418182 -2.39137 0.455465 -0.548948 0.700899 20.5746
0.799709 -0.0430912 -0.598874 -9.45865 0.357265 0.83581 0.416934 -2.38457 0.48257 -0.547371 0.683786 20.5543
0.788994 -0.0264275 -0.613869 -9.4417 0.354106 0.836053 0.41913 -2.38104 0.502143 -0.548051 0.668987 20.5259
0.782782 -0.0132742 -0.622188 -9.42928 0.352125 0.833814 0.42522 -2.3774 0.513136 -0.551931 0.657355 20.4979
0.782142 -0.00314811 -0.623129 -9.41836 0.348937 0.830737 0.433782 -2.37123 0.516282 -0.556697 0.650841 20.4646
0.786637 0.0176921 -0.617196 -9.40738 0.330991 0.831774 0.4457 -2.36183 0.521244 -0.554879 0.648434 20.4292
0.795657 0.037887 -0.604599 -9.383 0.310794 0.831173 0.461091 -2.35423 0.519988 -0.554761 0.649543 20.3928
0.809342 0.0571404 -0.584588 -9.35646 0.287237 0.829658 0.478762 -2.34539 0.512355 -0.555386 0.655051 20.3397
0.826084 0.0756063 -0.558493 -9.32795 0.261003 0.826989 0.498009 -2.33917 0.499512 -0.557151 0.663418 20.2831
0.845098 0.0941508 -0.526297 -9.29885 0.23011 0.824511 0.516993 -2.3266 0.482604 -0.558003 0.675114 20.2183
0.865254 0.111323 -0.488864 -9.26768 0.196445 0.821829 0.534838 -2.31202 0.461295 -0.558792 0.689211 20.1468
0.885192 0.127093 -0.447578 -9.22835 0.16244 0.817045 0.553265 -2.30021 0.435999 -0.562437 0.702582 20.0728
0.90454 0.14165 -0.402229 -9.19555 0.126562 0.811573 0.57042 -2.2858 0.407232 -0.56686 0.71616 19.998
0.922751 0.152899 -0.353832 -9.15752 0.0907104 0.806066 0.584876 -2.27139 0.374632 -0.571778 0.729914 19.9101
0.938682 0.162313 -0.304266 -9.1081 0.0552245 0.800191 0.597238 -2.25333 0.340404 -0.577404 0.742148 19.8183
0.952003 0.170631 -0.254202 -9.05569 0.0210615 0.791851 0.610393 -2.24658 0.305436 -0.586437 0.750236 19.7274
0.962689 0.176312 -0.205403 -8.99357 -0.01274 0.787484 0.616243 -2.2292 0.270398 -0.590618 0.760335 19.6196
0.971238 0.17918 -0.156962 -8.93276 -0.0438789 0.782253 0.621455 -2.21068 0.234132 -0.59668 0.7676 19.5116
0.977571 0.181949 -0.106282 -8.88152 -0.078139 0.781453 0.619091 -2.1871 0.195694 -0.596885 0.77813 19.3792
0.98154 0.181054 -0.0620117 -8.81615 -0.104359 0.777984 0.619599 -2.17183 0.160422 -0.601675 0.7825 19.256
0.983716 0.178611 -0.0212038 -8.75025 -0.1273 0.774656 0.619477 -2.15882 0.127069 -0.606673 0.784765 19.1294
0.984897 0.172891 0.0115548 -8.67692 -0.142953 0.773061 0.618057 -2.1439 0.0979215 -0.610359 0.786084 18.9974
0.985431 0.16546 0.0399702 -8.60821 -0.154847 0.773857 0.61418 -2.12501 0.0706893 -0.611404 0.78819 18.8566
0.986479 0.152357 0.0607773 -8.53557 -0.157572 0.777252 0.609184 -2.10806 0.0455731 -0.610509 0.790733 18.7038
0.987013 0.143383 0.0727725 -8.46141 -0.157947 0.779772 0.605854 -2.09974 0.0301224 -0.609463 0.792278 18.5464
0.988708 0.129867 0.0750848 -8.38655 -0.148799 0.785594 0.60063 -2.08575 0.0190154 -0.605005 0.796031 18.3803
0.991125 0.114795 0.0673998 -8.30744 -0.132266 0.792009 0.596052 -2.0758 0.0150418 -0.59966 0.800148 18.2107
0.99374 0.0977518 0.0545273 -8.23575 -0.111018 0.798739 0.591395 -2.07021 0.0142565 -0.593731 0.804573 18.0288
0.996389 0.0782976 0.0336089 -8.16226 -0.0831333 0.806854 0.584915 -2.06277 0.0186796 -0.58558 0.810434 17.8348
0.998332 0.0577162 0.00710815 -8.09267 -0.0511735 0.813913 0.578778 -2.06227 0.0276191 -0.578161 0.815491 17.6363
0.999095 0.0361048 -0.0236119 -8.0314 -0.0161539 0.820632 0.571274 -2.06411 0.0400015 -0.570358 0.820456 17.4439
0.998104 0.0130282 -0.0605786 -7.96535 0.023371 0.826328 0.562756 -2.06781 0.0573888 -0.563089 0.824437 17.2572
0.995035 -0.0104874 -0.0992377 -7.90656 0.0636559 0.832589 0.550267 -2.06594 0.0768519 -0.553835 0.829106 17.0699
0.989892 -0.0342862 -0.137804 -7.85603 0.103396 0.839228 0.533914 -2.05753 0.0973414 -0.54275 0.834271 16.88
0.981862 -0.0580739 -0.180625 -7.79362 0.145127 0.843126 0.517812 -2.06153 0.122216 -0.534617 0.836244 16.7011
0.971741 -0.0817441 -0.221561 -7.73894 0.184999 0.846655 0.499009 -2.05881 0.146792 -0.52588 0.837832 16.5226
0.959435 -0.103773 -0.262239 -7.68043 0.223424 0.847125 0.482197 -2.07885 0.172107 -0.521211 0.835928 16.3544
0.945387 -0.125793 -0.300785 -7.62414 0.259668 0.848413 0.461331 -2.08031 0.197154 -0.514225 0.834723 16.1863
0.92944 -0.147958 -0.338086 -7.5605 0.294616 0.849211 0.438286 -2.07176 0.222254 -0.506951 0.832864 16.024
0.913654 -0.164873 -0.371625 -7.49974 0.323157 0.849186 0.417746 -2.08321 0.246698 -0.501753 0.829122 15.8668
0.897632 -0.182974 -0.401039 -7.44174 0.349644 0.849591 0.394965 -2.0752 0.268446 -0.494738 0.826577 15.7099
0.882193 -0.197082 -0.427723 -7.38385 0.371021 0.850246 0.373475 -2.06291 0.290059 -0.488156 0.823183 15.5662
0.868901 -0.207189 -0.449598 -7.31764 0.386333 0.851695 0.354142 -2.05835 0.30954 -0.481394 0.820064 15.4141
0.857642 -0.214042 -0.467641 -7.25148 0.397478 0.852892 0.338592 -2.04945 0.326368 -0.476254 0.816534 15.2776
0.850412 -0.216396 -0.479611 -7.19505 0.40169 0.855768 0.326129 -2.03928 0.339856 -0.469984 0.814661 15.1471
0.847138 -0.214557 -0.486186 -7.14373 0.400303 0.859383 0.318242 -2.03432 0.349531 -0.464202 0.813884 15.029
0.847729 -0.207039 -0.488411 -7.11743 0.392276 0.864476 0.314411 -2.03766 0.357117 -0.458112 0.81404 14.9446
0.85102 -0.197468 -0.486649 -7.09349 0.381209 0.869656 0.31375 -2.01657 0.361254 -0.452507 0.81535 14.8633
0.858195 -0.184497 -0.47908 -7.06389 0.364092 0.876649 0.314605 -1.98651 0.361933 -0.444408 0.819491 14.76
0.867664 -0.169486 -0.467429 -7.03569 0.343882 0.88358 0.317951 -1.94488 0.359114 -0.4366 0.824913 14.659
0.879083 -0.150723 -0.452273 -6.99117 0.319398 0.890528 0.324036 -1.90879 0.353914 -0.429295 0.83097 14.5614
0.89231 -0.129439 -0.432533 -6.9496 0.291019 0.897364 0.331823 -1.87818 0.345181 -0.42195 0.838375 14.4646
0.905473 -0.106953 -0.410773 -6.90114 0.26156 0.902783 0.341502 -1.84499 0.334306 -0.416648 0.845402 14.3878
0.919624 -0.0821757 -0.384183 -6.86343 0.22791 0.908133 0.351302 -1.80956 0.320013 -0.41061 0.853847 14.3063
0.933881 -0.0548567 -0.353433 -6.81938 0.190306 0.912911 0.361152 -1.78622 0.302834 -0.404518 0.862971 14.2155
0.947462 -0.0249569 -0.318985 -6.78448 0.148884 0.916864 0.370483 -1.76441 0.283212 -0.398496 0.872386 14.1254
0.958729 0.0036893 -0.284398 -6.73526 0.109317 0.918356 0.380429 -1.74313 0.262575 -0.395803 0.880033 14.0502
0.968634 0.0335901 -0.246331 -6.69466 0.06637 0.919964 0.386425 -1.71484 0.239589 -0.390638 0.888855 13.9699
0.976533 0.0625589 -0.206228 -6.65586 0.0236501 0.920078 0.391093 -1.68973 0.214206 -0.386777 0.896986 13.8974
0.982096 0.0899847 -0.16568 -6.61492 -0.0174202 0.918336 0.395499 -1.67194 0.187732 -0.385517 0.903437 13.8284
0.985392 0.115685 -0.125219 -6.5713 -0.0564003 0.914395 0.400947 -1.66557 0.160877 -0.388012 0.907541 13.7724
0.986572 0.141284 -0.0823081 -6.54041 -0.096964 0.910856 0.401251 -1.65136 0.131657 -0.387868 0.9123 13.7092
0.98567 0.163787 -0.0411011 -6.50434 -0.134285 0.907831 0.397328 -1.63047 0.102385 -0.3861 0.916794 13.646
0.982825 0.184707 0.000156276 -6.4743 -0.169897 0.903698 0.393102 -1.61797 0.072464 -0.386362 0.919533 13.5912
0.978596 0.202219 0.0389732 -6.44091 -0.201502 0.90112 0.383978 -1.58568 0.0425248 -0.383597 0.922557 13.538
0.979651 0.186295 0.0750989 -6.40634 -0.200849 0.904539 0.37621 -1.57469 0.00215443 -0.383622 0.923524 13.4909
0.978033 0.175561 0.112661 -6.39096 -0.205093 0.90791 0.365643 -1.5639 -0.0380948 -0.380701 0.92395 13.4418
0.975532 0.164109 0.146518 -6.36701 -0.206876 0.910876 0.357174 -1.56141 -0.0748438 -0.37873 0.922513 13.4015
0.971869 0.154148 0.178247 -6.3432 -0.208723 0.914216 0.347423 -1.55384 -0.109401 -0.374838 0.920649 13.3662
0.966804 0.146371 0.209592 -6.32849 -0.212002 0.917224 0.337375 -1.55109 -0.142859 -0.370594 0.91778 13.3318
0.961117 0.14101 0.237556 -6.31162 -0.215411 0.920934 0.324868 -1.53833 -0.172962 -0.363392 0.915477 13.2972
0.954863 0.136612 0.26389 -6.29895 -0.218545 0.924591 0.312146 -1.53181 -0.201344 -0.355713 0.912687 13.2636
0.947474 0.132526 0.291193 -6.29731 -0.222269 0.927339 0.301163 -1.52907 -0.230119 -0.350051 0.908063 13.2366
0.940661 0.128195 0.314306 -6.287 -0.224351 0.929688 0.292257 -1.52795 -0.254734 -0.345415 0.903254 13.2198
0.933706 0.123796 0.336053 -6.27829 -0.225635 0.932064 0.283559 -1.5269 -0.278114 -0.340571 0.898183 13.2048
0.927261 0.119405 0.354958 -6.26581 -0.226239 0.933939 0.276839 -1.53129 -0.298446 -0.336993 0.892992 13.1935
0.920861 0.117002 0.372007 -6.25594 -0.227487 0.936 0.268729 -1.52447 -0.316751 -0.332074 0.888518 13.186
0.916317 0.111604 0.384672 -6.2325 -0.225519 0.93748 0.265217 -1.53719 -0.331014 -0.329759 0.884171 13.179
0.909697 0.109689 0.400605 -6.23541 -0.227704 0.938372 0.260138 -1.53886 -0.347375 -0.32785 0.878587 13.185
0.903621 0.107507 0.414701 -6.23477 -0.229352 0.939023 0.256323 -1.53875 -0.361848 -0.326716 0.873151 13.1945
0.898193 0.106028 0.426699 -6.23721 -0.23101 0.939567 0.252803 -1.54633 -0.3741 -0.325623 0.868383 13.1944
0.892954 0.105177 0.437764 -6.23957 -0.232911 0.940054 0.24924 -1.5467 -0.385296 -0.324505 0.863895 13.1954
0.889561 0.102825 0.445166 -6.22817 -0.233064 0.940194 0.248556 -1.5535 -0.392975 -0.324843 0.860301 13.1953
0.886845 0.100737 0.451025 -6.21758 -0.23266 0.940603 0.247397 -1.55799 -0.399301 -0.324324 0.85758 13.1902
0.885386 0.0990707 0.454248 -6.20283 -0.231829 0.941006 0.246632 -1.56345 -0.403007 -0.323657 0.856097 13.1801
0.884988 0.0866578 0.457552 -6.19638 -0.219557 0.944152 0.245849 -1.56747 -0.410682 -0.318017 0.854562 13.1723
0.885794 0.0742307 0.458174 -6.18113 -0.206536 0.94708 0.245859 -1.57023 -0.415667 -0.312395 0.854225 13.1631
0.886299 0.0629901 0.458882 -6.1728 -0.194582 0.949715 0.245458 -1.57058 -0.420333 -0.306825 0.853962 13.1541
0.887195 0.0521863 0.458503 -6.1666 -0.182935 0.951981 0.245624 -1.57286 -0.423658 -0.301779 0.854116 13.1423
0.888619 0.0417413 0.456816 -6.15561 -0.170974 0.954264 0.245394 -1.56983 -0.425667 -0.296151 0.855087 13.1272
0.890152 0.031579 0.454638 -6.14717 -0.159632 0.956031 0.246144 -1.57085 -0.426865 -0.291667 0.85603 13.1119
0.891914 0.0216073 0.451763 -6.138 -0.148671 0.95739 0.247734 -1.57192 -0.427147 -0.288107 0.857095 13.1001
0.893805 0.0127473 0.448346 -6.13111 -0.138681 0.9585 0.249218 -1.56914 -0.426552 -0.284916 0.858456 13.0877
0.895968 0.00384515 0.444177 -6.12618 -0.128765 0.959307 0.251436 -1.56958 -0.425122 -0.282459 0.859977 13.0711
0.898441 -0.00525621 0.439136 -6.11734 -0.11839 0.960042 0.25371 -1.57129 -0.422911 -0.279919 0.861895 13.0562
0.900754 -0.0136222 0.434193 -6.11183 -0.109199 0.960347 0.256672 -1.57126 -0.420459 -0.278597 0.863522 13.0457
0.903048 -0.0215437 0.429074 -6.10707 -0.100607 0.960397 0.259965 -1.57373 -0.417671 -0.277915 0.865092 13.0295
0.905287 -0.0294356 0.42386 -6.10063 -0.0923079 0.960178 0.263837 -1.57218 -0.414733 -0.277959 0.866491 13.0227
0.906635 -0.0358862 0.420465 -6.10523 -0.0865725 0.959399 0.268558 -1.57224 -0.413021 -0.279871 0.866693 13.0216
0.908988 -0.0439003 0.414586 -6.09637 -0.0785921 0.958601 0.273824 -1.57347 -0.40943 -0.281471 0.867879 13.0137
0.910561 -0.0502589 0.410387 -6.09326 -0.0731055 0.957405 0.279458 -1.5709 -0.406941 -0.284451 0.868077 13.0092
0.91198 -0.0569091 0.406352 -6.09015 -0.0674476 0.956106 0.285278 -1.57316 -0.404738 -0.28756 0.868084 13.0015
0.912883 -0.0629645 0.403417 -6.08854 -0.0629791 0.95453 0.291497 -1.56935 -0.403417 -0.291496 0.867385 12.998
0.913108 -0.0683123 0.402041 -6.09192 -0.060376 0.952394 0.298953 -1.57036 -0.40331 -0.297235 0.865486 13.0001
0.913225 -0.0737103 0.400814 -6.08987 -0.0582146 0.949858 0.30732 -1.57043 -0.403358 -0.303971 0.863119 13.0011
0.912781 -0.0785394 0.400913 -6.08999 -0.0575512 0.946874 0.316527 -1.57267 -0.40446 -0.311977 0.859742 12.9992
0.911804 -0.0829644 0.402237 -6.08987 -0.0578255 0.943726 0.325733 -1.57159 -0.406615 -0.32025 0.855673 12.9992
0.910493 -0.0861667 0.404534 -6.08704 -0.059112 0.940944 0.333471 -1.56252 -0.409364 -0.327519 0.851602 12.9954
0.908717 -0.0905177 0.40756 -6.08157 -0.0606384 0.937275 0.343371 -1.56306 -0.413066 -0.336725 0.846206 12.9917
0.905728 -0.0935027 0.413501 -6.08225 -0.0648355 0.933383 0.353079 -1.56067 -0.418955 -0.346586 0.839303 12.9932
0.902945 -0.0969307 0.418761 -6.07281 -0.0685852 0.9293 0.362993 -1.5608 -0.424328 -0.356467 0.832436 12.9898
0.899482 -0.0992764 0.425612 -6.06261 -0.0733843 0.925756 0.371031 -1.55468 -0.430833 -0.364951 0.82539 12.9854
0.894311 -0.099822 0.436245 -6.06521 -0.0819492 0.921825 0.378933 -1.55184 -0.439955 -0.374617 0.816195 12.9846
0.888404 -0.0999068 0.448137 -6.06677 -0.0914862 0.917982 0.386022 -1.54878 -0.449933 -0.383924 0.806373 12.985
0.880482 -0.100214 0.463439 -6.07349 -0.102708 0.913923 0.392763 -1.54657 -0.462895 -0.393401 0.794378 12.9932
0.872552 -0.0983223 0.478597 -6.07681 -0.114665 0.911012 0.396211 -1.54272 -0.474948 -0.400574 0.783607 12.9892
0.865403 -0.096113 0.49184 -6.0633 -0.124914 0.909121 0.397446 -1.53423 -0.485328 -0.405371 0.774728 12.9747
0.859694 -0.0947701 0.502011 -6.0302 -0.132981 0.907292 0.399013 -1.53259 -0.493269 -0.409768 0.767367 12.952
0.848877 -0.0917503 0.520631 -6.02476 -0.147457 0.904675 0.399858 -1.53415 -0.507675 -0.416182 0.754408 12.9505
0.837587 -0.0875346 0.539311 -6.01585 -0.161619 0.903248 0.397613 -1.53319 -0.521919 -0.420179 0.742378 12.9428
0.824735 -0.0819339 0.559613 -6.00557 -0.176837 0.902518 0.392756 -1.53169 -0.537226 -0.422861 0.729829 12.9358
0.810081 -0.0748959 0.581575 -5.99401 -0.193049 0.902488 0.385126 -1.52726 -0.55369 -0.424236 0.716608 12.9301
0.793525 -0.0664795 0.60495 -5.98576 -0.209885 0.903171 0.374563 -1.52461 -0.571259 -0.424177 0.702717 12.9246
0.775457 -0.0563186 0.628941 -5.97504 -0.227187 0.904468 0.361106 -1.52318 -0.589174 -0.42289 0.68856 12.916
0.75547 -0.0451127 0.65368 -5.96352 -0.244433 0.906238 0.34504 -1.52433 -0.607939 -0.420429 0.67359 12.9067
0.733423 -0.0411268 0.678581 -5.94873 -0.249305 0.912391 0.324754 -1.52342 -0.632465 -0.407336 0.658894 12.8941
0.709551 -0.0350383 0.703831 -5.93809 -0.2541 0.918886 0.30191 -1.53038 -0.6573 -0.393046 0.643075 12.8778
0.684349 -0.0250873 0.728773 -5.92256 -0.260555 0.925053 0.276519 -1.52887 -0.681068 -0.379101 0.626503 12.8721
0.659478 -0.0124534 0.751666 -5.90855 -0.265127 0.931798 0.24805 -1.54077 -0.703471 -0.362853 0.611181 12.8424
0.631668 0.0036389 0.775278 -5.88988 -0.269068 0.938898 0.214823 -1.53143 -0.7271 -0.344281 0.594031 12.8257
0.60384 0.0211504 0.796868 -5.88194 -0.273577 0.944465 0.18224 -1.53838 -0.748738 -0.328032 0.576075 12.7995
0.57516 0.0413995 0.817038 -5.85654 -0.277155 0.949554 0.146995 -1.52828 -0.769709 -0.310974 0.557602 12.7853
0.545976 0.063036 0.835467 -5.83159 -0.280576 0.953379 0.111424 -1.52399 -0.78947 -0.295232 0.538192 12.77
0.517084 0.0863775 0.851609 -5.80687 -0.284299 0.955783 0.0756804 -1.51817 -0.80739 -0.281228 0.518759 12.7523
0.487848 0.109901 0.866022 -5.78417 -0.287534 0.956948 0.0405352 -1.5123 -0.82426 -0.268771 0.498431 12.7373
0.459529 0.133577 0.878103 -5.75464 -0.289335 0.95725 0.00580082 -1.50567 -0.839762 -0.256716 0.478515 12.7178
0.43228 0.157109 0.887987 -5.73324 -0.291549 0.956204 -0.0272488 -1.50236 -0.853352 -0.247098 0.459138 12.6944
0.406061 0.179876 0.896011 -5.70877 -0.292759 0.954409 -0.0589224 -1.49514 -0.86573 -0.238374 0.440191 12.6697
0.381425 0.200637 0.902402 -5.68067 -0.293602 0.951946 -0.0875528 -1.49334 -0.876579 -0.231538 0.42199 12.6476
0.357076 0.221439 0.907491 -5.64847 -0.294562 0.948657 -0.115579 -1.47015 -0.886461 -0.226027 0.403955 12.6371
0.336789 0.237503 0.911173 -5.62389 -0.294358 0.945758 -0.137716 -1.47109 -0.89443 -0.221816 0.388419 12.6086
0.318382 0.250959 0.914184 -5.58326 -0.294048 0.942941 -0.156444 -1.47898 -0.901251 -0.21899 0.373994 12.5846
0.302393 0.259915 0.9171 -5.55507 -0.293306 0.940833 -0.169929 -1.49296 -0.906978 -0.217592 0.360724 12.5654
0.290363 0.265343 0.919435 -5.53064 -0.29238 0.939481 -0.178791 -1.50616 -0.911201 -0.216896 0.350357 12.536
0.282931 0.267826 0.921027 -5.50405 -0.292213 0.938682 -0.183194 -1.51315 -0.913588 -0.217291 0.343832 12.4935
0.282238 0.263479 0.922497 -5.48009 -0.280229 0.942293 -0.183395 -1.51277 -0.91755 -0.206735 0.339771 12.4497
0.285678 0.255455 0.923689 -5.45539 -0.267486 0.946805 -0.179118 -1.51058 -0.920282 -0.195891 0.3388 12.4008
0.292531 0.245026 0.924374 -5.42834 -0.254888 0.951665 -0.171594 -1.49969 -0.921707 -0.185402 0.340831 12.3424
0.301668 0.230565 0.925153 -5.40029 -0.24212 0.957072 -0.159571 -1.49742 -0.922201 -0.175848 0.34453 12.2892
0.312885 0.213017 0.925639 -5.36945 -0.228109 0.962896 -0.144484 -1.4972 -0.922038 -0.165927 0.349852 12.2375
0.326662 0.193369 0.925188 -5.32951 -0.213701 0.968646 -0.126998 -1.4967 -0.920709 -0.156216 0.35773 12.1769
0.341594 0.172123 0.923995 -5.29677 -0.199234 0.974046 -0.107789 -1.49073 -0.918534 -0.147259 0.367006 12.1138
0.358984 0.148325 0.921522 -5.25324 -0.183995 0.9792 -0.0859323 -1.49557 -0.915073 -0.138695 0.378795 12.0437
0.378343 0.12353 0.91743 -5.19311 -0.167491 0.983872 -0.0634015 -1.50047 -0.910433 -0.129662 0.392916 11.9599
0.395947 0.0988966 0.912972 -5.14678 -0.151584 0.98762 -0.0412416 -1.4997 -0.905721 -0.122052 0.406022 11.8909
0.413586 0.0738008 0.907513 -5.10091 -0.135347 0.990658 -0.0188776 -1.50091 -0.900396 -0.11501 0.419695 11.8173
0.432357 0.0483697 0.900445 -5.04449 -0.118535 0.992979 0.00357605 -1.50601 -0.893924 -0.10827 0.43504 11.7327
0.449146 0.0238408 0.893185 -4.99684 -0.102361 0.994474 0.0249308 -1.51163 -0.887623 -0.102613 0.449088 11.6536
0.465163 0.00108511 0.885266 -4.93097 -0.0860812 0.995351 0.044012 -1.5142 -0.881077 -0.0966673 0.463079 11.5702
0.481194 -0.0202389 0.876427 -4.8746 -0.0705502 0.995636 0.0617288 -1.51824 -0.873819 -0.0915247 0.477649 11.4777
0.493795 -0.0385096 0.868768 -4.81747 -0.0564077 0.995532 0.0761907 -1.51577 -0.867794 -0.0866179 0.4894 11.397
0.50559 -0.0550381 0.861063 -4.75722 -0.0423172 0.99522 0.0884628 -1.52081 -0.861784 -0.0811531 0.500826 11.3123
0.51607 -0.0669887 0.853966 -4.69991 -0.0309409 0.994865 0.0967405 -1.51722 -0.856035 -0.0763379 0.511331 11.2201
0.520371 -0.0717909 0.850965 -4.65204 -0.0239897 0.994877 0.0986041 -1.49919 -0.853652 -0.0717148 0.515965 11.1488
0.524343 -0.0748393 0.848255 -4.59797 -0.0176437 0.994998 0.0986931 -1.48691 -0.851372 -0.0667061 0.520383 11.0668
0.527667 -0.0743477 0.846239 -4.53396 -0.0119356 0.995454 0.094902 -1.47716 -0.849417 -0.0601672 0.524363 10.9782
0.530128 -0.0686724 0.845176 -4.47422 -0.00904835 0.996237 0.0866227 -1.46083 -0.847917 -0.0535597 0.527494 10.8755
0.531119 -0.0579176 0.845363 -4.40124 -0.00806125 0.99731 0.0733948 -1.43619 -0.847308 -0.0457865 0.529205 10.7713
0.530526 -0.0454953 0.846491 -4.32639 -0.00747234 0.998305 0.0583387 -1.4178 -0.847684 -0.037267 0.529269 10.6637
0.528577 -0.0291505 0.848433 -4.24908 -0.00812368 0.999231 0.039395 -1.38789 -0.848896 -0.0277068 0.527915 10.5532
0.524253 -0.0100193 0.851548 -4.17222 -0.0108359 0.999808 0.0184358 -1.35681 -0.851542 -0.0188844 0.524026 10.4446
0.518909 0.00997847 0.85482 -4.08945 -0.0126749 0.999952 -0.00397629 -1.31717 -0.854786 -0.00876327 0.518991 10.3322
0.511756 0.033736 0.858512 -4.01055 -0.0163858 0.999467 -0.0295066 -1.26953 -0.859023 0.00104007 0.512018 10.2292
0.502817 0.0614764 0.862253 -3.93419 -0.0217046 0.998092 -0.0585025 -1.20139 -0.86417 0.0107084 0.503173 10.138
0.493098 0.0896876 0.865383 -3.8629 -0.0267242 0.995801 -0.0879758 -1.13571 -0.869611 0.0202604 0.493407 10.0514
0.482465 0.11878 0.867874 -3.79005 -0.0311696 0.992505 -0.118508 -1.06031 -0.87541 0.030131 0.482532 9.97404
0.471702 0.147982 0.869297 -3.72804 -0.0350644 0.988223 -0.149199 -0.985288 -0.881109 0.0399016 0.471318 9.89271
0.460943 0.175991 0.869854 -3.6751 -0.0373281 0.983159 -0.179133 -0.907544 -0.886694 0.0501053 0.459731 9.81988
0.44924 0.20452 0.869732 -3.6213 -0.0391632 0.977056 -0.209528 -0.829972 -0.892601 0.0600715 0.446925 9.75012
0.436807 0.232779 0.868966 -3.56943 -0.0408162 0.970117 -0.239357 -0.750888 -0.898679 0.0690891 0.433237 9.6868
0.424389 0.260265 0.867315 -3.52124 -0.0409574 0.962378 -0.26875 -0.669826 -0.904601 0.0785353 0.419066 9.62465
0.412098 0.285552 0.865289 -3.48387 -0.0398081 0.954402 -0.296 -0.594849 -0.91032 0.0875386 0.404657 9.55998
0.399188 0.309477 0.863106 -3.44454 -0.0378856 0.946117 -0.321718 -0.521023 -0.916133 0.0957299 0.389387 9.50659
0.386253 0.331747 0.860722 -3.41162 -0.0347396 0.9377 -0.345826 -0.446506 -0.921789 0.103678 0.373697 9.45557
0.374247 0.351038 0.858365 -3.37887 -0.0300176 0.929724 -0.367133 -0.379208 -0.92689 0.111635 0.358469 9.4066
0.362281 0.3681 0.856356 -3.35071 -0.0237986 0.922114 -0.386297 -0.312251 -0.931815 0.11957 0.342808 9.36163
0.35129 0.382887 0.854442 -3.32042 -0.0172087 0.915085 -0.402986 -0.250117 -0.936155 0.126863 0.328034 9.3166
0.34105 0.396043 0.852599 -3.29007 -0.0100808 0.908458 -0.417957 -0.187503 -0.94004 0.13395 0.313807 9.27055
0.330272 0.407916 0.851236 -3.2665 -0.0022591 0.902176 -0.431449 -0.124504 -0.943929 0.140574 0.298872 9.23125
0.319817 0.417084 0.850793 -3.2479 0.00611895 0.897019 -0.442045 -0.0688404 -0.947509 0.14658 0.284315 9.19344
0.308945 0.417608 0.854538 -3.23227 0.0140907 0.896379 -0.443149 -0.0156216 -0.951021 0.14895 0.271034 9.16
0.29823 0.41672 0.858774 -3.22046 0.0227242 0.896356 -0.442847 0.0304519 -0.954273 0.151586 0.257837 9.12751
0.288252 0.416093 0.862471 -3.20839 0.0315624 0.896079 -0.442855 0.0734441 -0.95708 0.154876 0.245152 9.09278
0.278636 0.416605 0.865386 -3.19004 0.0386756 0.895468 -0.443538 0.11409 -0.959667 0.157055 0.233384 9.056
0.268925 0.415775 0.868845 -3.17896 0.0459409 0.895508 -0.442754 0.141745 -0.962111 0.158983 0.221713 9.0195
0.258875 0.417334 0.871153 -3.1709 0.0512232 0.894692 -0.443832 0.176312 -0.964601 0.15952 0.210224 8.9891
0.248316 0.418634 0.873593 -3.15733 0.0557874 0.894159 -0.444347 0.201699 -0.967117 0.159074 0.19867 8.96161
0.237687 0.420721 0.875551 -3.15087 0.0591999 0.893429 -0.445382 0.225725 -0.969585 0.157694 0.187439 8.93483
0.227376 0.42288 0.877243 -3.14492 0.0606303 0.892939 -0.446162 0.242515 -0.971964 0.154634 0.177384 8.90913
0.217151 0.424157 0.87922 -3.13974 0.060517 0.893126 -0.445812 0.252693 -0.974309 0.150016 0.168265 8.88417
0.207274 0.426544 0.880443 -3.13517 0.0577665 0.893077 -0.446264 0.265743 -0.976622 0.143359 0.160463 8.85885
0.195917 0.429226 0.881745 -3.1311 0.0536792 0.893124 -0.446692 0.276175 -0.979199 0.134846 0.151928 8.84522
0.184879 0.431887 0.882822 -3.13019 0.0469385 0.893399 -0.446891 0.284677 -0.981685 0.12406 0.144891 8.83028
0.173441 0.434788 0.883725 -3.12763 0.0376447 0.893738 -0.447102 0.289915 -0.984173 0.110815 0.138634 8.81857
0.160664 0.437831 0.884632 -3.12353 0.0261408 0.894069 -0.44725 0.291839 -0.986709 0.094984 0.132191 8.81441
0.147809 0.436403 0.887579 -3.12188 0.0117464 0.896595 -0.442792 0.296786 -0.988996 0.075877 0.12739 8.81171
0.134412 0.434695 0.890537 -3.11946 -0.00515703 0.898983 -0.43804 0.300986 -0.990958 0.0542888 0.123068 8.81084
