1 0 0 0 0 1 0 0 0 0 1 0
0.999994 -0.00243927 -0.0026395 0.12238 0.00244228 0.999996 0.00122575 -0.057676 0.00263653 -0.00123217 0.999996 -0.0493448
0.999966 -0.00635587 -0.00515375 0.25229 0.00636997 0.999976 0.00272767 -0.117278 0.00513631 -0.00276042 0.999983 -0.0960993
0.999944 -0.00969501 -0.00436369 0.364826 0.0097044 0.999951 0.00219879 -0.165873 0.00434221 -0.00224084 0.999989 -0.137945
0.9999 -0.0135311 -0.00409279 0.478887 0.0135401 0.999907 0.00220815 -0.213927 0.00406251 -0.00226331 0.99999 -0.171685
0.999809 -0.0183665 -0.00680855 0.605778 0.0183799 0.99983 0.00194864 -0.262438 0.00677169 -0.00207316 0.999976 -0.212507
0.999752 -0.0217312 -0.00505237 0.708449 0.0217263 0.999765 -0.000984287 -0.296261 0.0050726 0.00087443 0.999988 -0.245669
0.999691 -0.0248131 -0.00185943 0.802819 0.0248079 0.99969 -0.00257971 -0.332397 0.00192299 0.00253328 0.999996 -0.273498
0.999605 -0.0281446 0.000324627 0.900065 0.0281455 0.999594 -0.00488231 -0.363634 -0.000187063 0.00488982 0.99999 -0.296823
0.999504 -0.0314399 0.00238062 1.00018 0.0314522 0.999491 -0.00547724 -0.401711 -0.00220707 0.00555004 0.999983 -0.320204
0.99938 -0.0350917 0.00337259 1.10713 0.0351113 0.999368 -0.0060752 -0.437789 -0.00315727 0.00619035 0.999979 -0.339845
0.999243 -0.038775 0.00336683 1.21987 0.0387966 0.999226 -0.00671044 -0.472287 -0.00310388 0.00683664 0.999972 -0.355455
0.999118 -0.0418079 0.00437369 1.32684 0.0418382 0.999102 -0.0071682 -0.506056 -0.00407013 0.00734548 0.999967 -0.369753
0.998984 -0.0448382 0.00482578 1.43837 0.0448754 0.998962 -0.0079743 -0.540087 -0.00446301 0.00818344 0.999958 -0.387614
0.998847 -0.047843 0.00437765 1.55849 0.0478806 0.998816 -0.00902247 -0.569577 -0.00394089 0.00922232 0.999953 -0.402038
0.998746 -0.0497855 0.00545105 1.67032 0.0498379 0.998708 -0.0100149 -0.59811 -0.00494521 0.0102747 0.999936 -0.41317
0.99866 -0.0514268 0.00604079 1.79079 0.0514902 0.998617 -0.0109318 -0.626224 -0.00547035 0.0112288 0.999925 -0.42435
0.998585 -0.0527088 0.00722904 1.91014 0.0527906 0.998539 -0.0116757 -0.655326 -0.00660286 0.0120415 0.999907 -0.436879
0.998559 -0.0529552 0.00888749 2.03077 0.0530653 0.998514 -0.0126931 -0.680956 -0.00820221 0.0131471 0.999883 -0.446531
0.99856 -0.0524966 0.0111465 2.15317 0.0526454 0.998523 -0.0135416 -0.706068 -0.0104189 0.0141096 0.999847 -0.454624
0.998605 -0.0506726 0.0149448 2.2699 0.0508849 0.998608 -0.0142072 -0.733524 -0.0142042 0.0149485 0.99979 -0.465511
0.998657 -0.0487043 0.017739 2.39962 0.0489754 0.998686 -0.0151975 -0.758069 -0.0169753 0.0160466 0.999728 -0.473413
0.998737 -0.0449029 0.022599 2.52131 0.0452736 0.998848 -0.0161794 -0.782059 -0.0218465 0.0171828 0.999617 -0.479933
0.998792 -0.0407772 0.0274949 2.64695 0.0412623 0.999 -0.0173226 -0.804949 -0.0267608 0.0184369 0.999473 -0.485521
0.998832 -0.0360392 0.0322356 2.77626 0.0366342 0.99917 -0.0180673 -0.830745 -0.0315577 0.0192278 0.99932 -0.492637
0.998808 -0.0301177 0.0384717 2.89168 0.0308654 0.999345 -0.0190008 -0.853431 -0.0378741 0.0201663 0.99908 -0.496069
0.998738 -0.023637 0.0443682 3.00146 0.0245684 0.999491 -0.0205722 -0.871199 -0.0438592 0.021637 0.998807 -0.500146
0.998594 -0.0169386 0.0502563 3.10477 0.0180628 0.999596 -0.02201 -0.889408 -0.0498631 0.0228875 0.998495 -0.505294
0.99822 -0.00903264 0.0589914 3.18542 0.0104792 0.999656 -0.0242639 -0.901357 -0.0587517 0.0248396 0.997967 -0.505647
0.997773 -0.000668659 0.066733 3.26467 0.00240189 0.999663 -0.0259034 -0.91643 -0.0666931 0.0260068 0.997435 -0.511005
0.997113 0.007981 0.0755453 3.33046 -0.00582595 0.999576 -0.0287094 -0.920541 -0.0757421 0.0281872 0.996733 -0.50758
0.996232 0.0169726 0.0850783 3.3819 -0.0144029 0.999425 -0.0307342 -0.929561 -0.085551 0.0293938 0.995901 -0.50285
0.99518 0.0266176 0.0944181 3.4244 -0.0235386 0.999164 -0.0335802 -0.934567 -0.0952326 0.0311967 0.99497 -0.503376
0.993961 0.0360127 0.103677 3.45815 -0.0324024 0.998817 -0.036305 -0.938476 -0.104862 0.0327271 0.993949 -0.50156
0.992492 0.0458659 0.113408 3.4778 -0.0415894 0.998347 -0.0397964 -0.937793 -0.115045 0.0347818 0.992755 -0.500622
0.9909 0.0554658 0.122665 3.49027 -0.0505877 0.997815 -0.0425384 -0.940107 -0.124756 0.0359467 0.991537 -0.499435
0.989224 0.0651671 0.131132 3.51156 -0.0596386 0.99718 -0.0456612 -0.942251 -0.133737 0.0373494 0.990317 -0.497969
0.98736 0.0748477 0.139727 3.53675 -0.0686119 0.996444 -0.0489366 -0.945101 -0.142892 0.0387319 0.988982 -0.50084
0.98562 0.0840918 0.146588 3.57553 -0.0772116 0.995662 -0.0520226 -0.950621 -0.150326 0.0399571 0.987833 -0.502335
0.983802 0.092865 0.153346 3.61909 -0.0853319 0.994834 -0.055016 -0.956603 -0.157663 0.0410403 0.986641 -0.504962
0.981811 0.101392 0.16054 3.66119 -0.0929694 0.993915 -0.0591582 -0.958319 -0.165561 0.0431576 0.985259 -0.502265
0.979916 0.109577 0.166621 3.71278 -0.100398 0.992979 -0.0625782 -0.965352 -0.172308 0.0445938 0.984035 -0.50202
0.978091 0.117481 0.171879 3.77032 -0.107652 0.992036 -0.065466 -0.973132 -0.1782 0.0455294 0.982945 -0.494871
0.976372 0.124878 0.176374 3.83608 -0.114494 0.991101 -0.0679211 -0.984974 -0.183286 0.0461233 0.981979 -0.497809
0.974691 0.131399 0.180879 3.90408 -0.120495 0.990245 -0.0700542 -0.997659 -0.188319 0.0464869 0.981012 -0.493775
0.973126 0.137359 0.184832 3.97822 -0.125842 0.989384 -0.0727192 -1.00824 -0.192858 0.0475061 0.980078 -0.491198
0.971789 0.142522 0.187938 4.06061 -0.130574 0.988637 -0.07456 -1.02106 -0.196428 0.0479176 0.979352 -0.487404
0.970605 0.147192 0.190435 4.14944 -0.134902 0.987939 -0.0760423 -1.0359 -0.199331 0.0481177 0.978752 -0.487495
0.969702 0.151282 0.191831 4.24749 -0.138776 0.987323 -0.0771139 -1.05077 -0.201064 0.0481568 0.978399 -0.485397
0.968975 0.154856 0.192647 4.35036 -0.14214 0.986751 -0.0782544 -1.06426 -0.202213 0.0484444 0.978145 -0.480479
0.968542 0.157294 0.192852 4.44709 -0.144503 0.98637 -0.0787783 -1.0785 -0.202614 0.0484332 0.978065 -0.477337
0.968283 0.158411 0.193234 4.53536 -0.14565 0.986208 -0.0786422 -1.09094 -0.203026 0.0480042 0.977999 -0.474549
0.968222 0.158818 0.193209 4.61881 -0.146039 0.986144 -0.0787701 -1.09902 -0.203041 0.0480517 0.977996 -0.475061
0.968271 0.158669 0.193085 4.69282 -0.145921 0.986168 -0.078645 -1.10589 -0.202892 0.0479755 0.978028 -0.46833
0.96871 0.158192 0.191269 4.76742 -0.14569 0.98627 -0.0778412 -1.11281 -0.200955 0.0475405 0.978451 -0.469468
0.969537 0.15598 0.188875 4.83702 -0.144032 0.986691 -0.0755072 -1.12363 -0.198138 0.0460039 0.979097 -0.464156
0.970652 0.152891 0.185651 4.9035 -0.141527 0.98724 -0.0730721 -1.13126 -0.194453 0.0446538 0.9799 -0.46309
0.971977 0.149482 0.181443 4.96576 -0.13887 0.987841 -0.0699233 -1.13985 -0.189688 0.0427678 0.980916 -0.458908
0.973593 0.144443 0.176805 5.02086 -0.13464 0.988681 -0.0663042 -1.14522 -0.184379 0.0407492 0.982015 -0.453881
0.975368 0.138451 0.171739 5.07225 -0.129526 0.989627 -0.0621914 -1.14913 -0.178567 0.0384159 0.983181 -0.451254
0.977248 0.131514 0.16643 5.11411 -0.12356 0.990687 -0.0573245 -1.15342 -0.172418 0.0354571 0.98439 -0.445267
0.979297 0.123791 0.160188 5.15277 -0.116968 0.991808 -0.0513874 -1.15919 -0.165236 0.0315878 0.985751 -0.439889
0.98149 0.114589 0.153473 5.18784 -0.108792 0.993021 -0.0456863 -1.15996 -0.157636 0.028145 0.987101 -0.43509
0.983611 0.10463 0.146865 5.21494 -0.09973 0.994198 -0.0403666 -1.15614 -0.150235 0.0250593 0.988336 -0.434548
0.985768 0.0940817 0.139348 5.25344 -0.0902726 0.995363 -0.0334242 -1.15859 -0.141846 0.0203701 0.989684 -0.429615
0.987737 0.083833 0.131734 5.29999 -0.0810898 0.996369 -0.0260696 -1.16431 -0.133441 0.0150688 0.990946 -0.426737
0.989572 0.0727736 0.124334 5.35038 -0.0709148 0.997302 -0.0193195 -1.16624 -0.125404 0.0103019 0.992057 -0.419712
0.991136 0.0624716 0.117276 5.40957 -0.0614934 0.998039 -0.011952 -1.17278 -0.117792 0.00463561 0.993031 -0.413001
0.992471 0.0522236 0.110826 5.47274 -0.0519608 0.998642 -0.00526335 -1.1773 -0.11095 -0.000533878 0.993831 -0.402336
0.993613 0.042338 0.104632 5.54825 -0.0426249 0.999094 0.000497584 -1.17757 -0.104515 -0.00495295 0.994515 -0.394865
0.994518 0.0339469 0.0989501 5.63044 -0.0347176 0.999386 0.00607242 -1.18052 -0.0986826 -0.00947336 0.995079 -0.385871
0.995195 0.0265155 0.0942939 5.71983 -0.027783 0.999543 0.0121443 -1.18837 -0.0939281 -0.0147042 0.995475 -0.377458
0.99565 0.0197178 0.0911039 5.81442 -0.0213408 0.999637 0.0168693 -1.19147 -0.0907376 -0.018739 0.995703 -0.366855
0.996016 0.0147015 0.0879938 5.92315 -0.0166759 0.999628 0.0217332 -1.19911 -0.0876407 -0.0231124 0.995889 -0.355725
0.996115 0.0112602 0.0873906 6.02849 -0.0135429 0.999588 0.0255667 -1.20557 -0.0870662 -0.0266498 0.995851 -0.343924
0.99613 0.0098705 0.0873746 6.15205 -0.0124472 0.999505 0.0289822 -1.21454 -0.0870444 -0.0299559 0.995759 -0.332387
0.996029 0.0105334 0.0884589 6.28786 -0.0133024 0.999445 0.0307667 -1.22217 -0.0880851 -0.0318201 0.99561 -0.325249
0.995835 0.0121989 0.0904005 6.43983 -0.0151084 0.999391 0.0315583 -1.22541 -0.0899595 -0.0327909 0.99541 -0.321001
0.995463 0.0169739 0.0936771 6.60432 -0.0200472 0.999295 0.0319606 -1.23614 -0.0930679 -0.0336923 0.995096 -0.322123
0.994824 0.0243487 0.0986956 6.78015 -0.0275266 0.999144 0.0309543 -1.24514 -0.0978566 -0.0335091 0.994642 -0.32052
0.993572 0.0350781 0.107673 6.94696 -0.0384085 0.998848 0.0290101 -1.25255 -0.10653 -0.0329579 0.993769 -0.304092
0.991696 0.0488292 0.119008 7.1211 -0.0522207 0.998312 0.025536 -1.26229 -0.117559 -0.0315369 0.992571 -0.287059
0.989028 0.0649391 0.132733 7.30109 -0.0682894 0.997455 0.0208396 -1.2706 -0.131041 -0.0296738 0.99094 -0.266256
0.985476 0.0828165 0.148281 7.48767 -0.0857218 0.996234 0.0132911 -1.27014 -0.146621 -0.0258073 0.988862 -0.247687
0.98104 0.102925 0.16425 7.68852 -0.105041 0.994466 0.00422378 -1.26973 -0.162905 -0.0213952 0.986417 -0.233234
0.975461 0.125557 0.180888 7.89184 -0.126678 0.991933 -0.00539784 -1.27234 -0.180106 -0.0176474 0.983496 -0.210022
0.968828 0.147992 0.198705 8.10305 -0.14756 0.988914 -0.0170623 -1.26717 -0.199026 -0.0127889 0.979919 -0.195868
0.961474 0.171455 0.2149 8.32991 -0.168859 0.985172 -0.0305255 -1.25684 -0.216946 -0.00693648 0.976167 -0.191046
0.953044 0.194967 0.231746 8.55645 -0.18981 0.980818 -0.0445681 -1.24586 -0.235988 -0.00151081 0.971763 -0.188836
0.943787 0.218977 0.247642 8.79089 -0.210682 0.975725 -0.0598583 -1.22746 -0.254737 0.00432157 0.967009 -0.18866
0.933762 0.242302 0.263421 9.02379 -0.230609 0.970167 -0.0749274 -1.21355 -0.273715 0.00921849 0.961775 -0.196742
0.923104 0.265366 0.278336 9.25496 -0.249819 0.96405 -0.0906036 -1.19503 -0.292371 0.0141048 0.95621 -0.212514
0.912767 0.286208 0.291467 9.49536 -0.266566 0.95799 -0.105911 -1.1747 -0.309533 0.018978 0.950708 -0.23733
0.903023 0.305313 0.302233 9.73628 -0.281383 0.951951 -0.120932 -1.15405 -0.324632 0.0241632 0.945541 -0.270742
0.893813 0.320942 0.313222 9.96784 -0.292949 0.946693 -0.134059 -1.13901 -0.339548 0.028067 0.940179 -0.302668
0.886669 0.335183 0.318565 10.2282 -0.302961 0.941539 -0.147419 -1.11549 -0.349351 0.0342007 0.936377 -0.328474
0.881177 0.348447 0.319571 10.5038 -0.312122 0.936416 -0.160388 -1.0859 -0.355136 0.0415865 0.933899 -0.342347
0.877298 0.358729 0.318866 10.77 -0.318583 0.932138 -0.172155 -1.05847 -0.358982 0.0494477 0.932044 -0.35791
0.876498 0.363242 0.315943 11.0373 -0.320433 0.929977 -0.180239 -1.04309 -0.359287 0.0567416 0.931511 -0.366198
0.877907 0.365343 0.309546 11.3041 -0.320174 0.928549 -0.187879 -1.0216 -0.356067 0.0658336 0.932149 -0.365876
0.882492 0.361965 0.300339 11.5715 -0.315685 0.929192 -0.192263 -1.00922 -0.348663 0.0748594 0.934264 -0.353435
0.889388 0.355473 0.287474 11.8373 -0.30865 0.930764 -0.196028 -0.995066 -0.337252 0.0856177 0.937523 -0.332854
0.898715 0.344047 0.271952 12.1006 -0.297678 0.933958 -0.197816 -0.980056 -0.322047 0.0968275 0.941769 -0.298397
0.909668 0.329377 0.253042 12.3623 -0.284341 0.937918 -0.198681 -0.968451 -0.302772 0.108784 0.946845 -0.254666
0.922281 0.308613 0.232744 12.6233 -0.266151 0.943676 -0.196624 -0.965569 -0.280313 0.119399 0.952464 -0.201449
0.935395 0.284941 0.209427 12.8826 -0.245972 0.949753 -0.193597 -0.964969 -0.254066 0.129577 0.958478 -0.139311
0.948469 0.257981 0.184029 13.1396 -0.223093 0.956031 -0.190406 -0.96675 -0.225057 0.13954 0.964312 -0.0729896
0.961021 0.227961 0.156483 13.3959 -0.197751 0.962205 -0.187269 -0.967633 -0.193258 0.149026 0.969775 0.00126072
0.972399 0.194968 0.128228 13.6492 -0.169876 0.968175 -0.183851 -0.971928 -0.159991 0.156995 0.974564 0.0801781
0.982202 0.160669 0.0973599 13.9035 -0.141262 0.973279 -0.18107 -0.980183 -0.12385 0.164094 0.97865 0.171644
0.990048 0.124616 0.0655032 14.1478 -0.111195 0.977544 -0.179068 -1.00016 -0.086346 0.170003 0.981664 0.285516
0.995747 0.0863906 0.0322517 14.3497 -0.0793599 0.980937 -0.177423 -1.05654 -0.0469636 0.17411 0.983617 0.452609
0.998713 0.0508544 2.02749e-05 14.4433 -0.05005 0.982991 -0.176763 -1.1205 -0.00900865 0.176535 0.984264 0.675292
0.999401 0.012755 -0.0323993 14.5036 -0.0183023 0.984021 -0.177151 -1.16297 0.0296229 0.177638 0.983661 0.931531
0.997625 -0.0269875 -0.0634743 14.5582 0.0153056 0.98396 -0.177793 -1.1995 0.0672543 0.1764 0.98203 1.19189
0.993546 -0.0658105 -0.0924744 14.6066 0.0484128 0.982637 -0.179155 -1.22658 0.102659 0.173522 0.979478 1.44841
0.987306 -0.103232 -0.120767 14.6602 0.080268 0.980106 -0.181582 -1.24304 0.137109 0.169584 0.975943 1.71354
0.979381 -0.138876 -0.146781 14.7136 0.110649 0.9764 -0.185517 -1.24156 0.169081 0.16545 0.97163 1.97035
0.970033 -0.172989 -0.170663 14.7682 0.139938 0.971834 -0.189683 -1.22849 0.198668 0.160118 0.966911 2.23742
0.960013 -0.204238 -0.191521 14.8254 0.167012 0.966738 -0.193766 -1.20552 0.224724 0.154032 0.962187 2.49078
0.949648 -0.232487 -0.210081 14.8775 0.191153 0.961086 -0.199497 -1.15812 0.248284 0.149295 0.957126 2.76623
0.939485 -0.258376 -0.225007 14.9211 0.213128 0.954929 -0.206658 -1.08049 0.268261 0.146197 0.952204 3.05268
0.929739 -0.281367 -0.23756 14.9764 0.232524 0.948824 -0.213758 -0.984104 0.285545 0.143502 0.947575 3.32186
0.920984 -0.301643 -0.246613 15.0266 0.249744 0.942864 -0.220582 -0.874089 0.299058 0.141562 0.943693 3.58864
0.91301 -0.319339 -0.253876 15.0801 0.264317 0.937078 -0.228143 -0.750403 0.310754 0.141194 0.939959 3.8642
0.906042 -0.335044 -0.258556 15.1399 0.27777 0.931728 -0.233985 -0.632326 0.319298 0.140182 0.937245 4.13602
0.900523 -0.348554 -0.259974 15.2014 0.2896 0.926748 -0.239367 -0.516696 0.32436 0.140268 0.935491 4.40692
0.896405 -0.359188 -0.259733 15.273 0.298802 0.922482 -0.244472 -0.411402 0.327408 0.141537 0.934239 4.68211
0.893188 -0.368385 -0.257928 15.3576 0.306855 0.918545 -0.249284 -0.325842 0.328748 0.143512 0.933465 4.94915
0.890853 -0.376031 -0.254952 15.4633 0.313678 0.915058 -0.253573 -0.265406 0.328645 0.145923 0.933129 5.19765
0.889349 -0.382039 -0.251247 15.5753 0.319034 0.912083 -0.257586 -0.231638 0.327564 0.148928 0.933033 5.44271
0.888857 -0.386398 -0.246273 15.6914 0.323266 0.909729 -0.260607 -0.221039 0.324738 0.152031 0.933522 5.6736
0.889693 -0.38846 -0.239928 15.8063 0.324888 0.907847 -0.265122 -0.215736 0.320805 0.157928 0.933902 5.89748
0.891493 -0.38809 -0.233763 15.9263 0.324586 0.907086 -0.268071 -0.22629 0.316077 0.163107 0.934625 6.10405
0.893496 -0.387447 -0.227091 16.0435 0.324329 0.906469 -0.270468 -0.244131 0.31064 0.16801 0.935578 6.30095
0.895185 -0.38737 -0.220477 16.1602 0.324716 0.905641 -0.27276 -0.264808 0.30533 0.172578 0.936495 6.4855
0.897057 -0.387199 -0.213041 16.2594 0.325157 0.904743 -0.275211 -0.286182 0.299306 0.177608 0.937498 6.66949
0.898711 -0.386724 -0.206845 16.3681 0.325292 0.904131 -0.277051 -0.305683 0.294155 0.181703 0.938344 6.83553
0.900349 -0.38567 -0.201622 16.4638 0.325026 0.904002 -0.277789 -0.328923 0.289398 0.184574 0.939262 6.9988
0.901409 -0.38543 -0.197302 16.5623 0.325129 0.903445 -0.279471 -0.340474 0.285966 0.187768 0.939681 7.15195
0.902262 -0.384943 -0.194329 16.656 0.324979 0.903233 -0.280334 -0.35085 0.283435 0.189781 0.940044 7.29367
0.903979 -0.381904 -0.192348 16.7403 0.322168 0.904062 -0.280907 -0.358224 0.281172 0.191965 0.940282 7.4304
0.906018 -0.377974 -0.190499 16.7994 0.318763 0.90542 -0.280418 -0.368224 0.278469 0.193339 0.940804 7.56865
0.907289 -0.374656 -0.191011 16.8802 0.315207 0.906522 -0.280876 -0.368105 0.278385 0.194627 0.940565 7.68294
0.908513 -0.371021 -0.192281 16.9524 0.311446 0.907962 -0.280421 -0.368891 0.278623 0.19488 0.94044 7.79305
0.910427 -0.366425 -0.192052 16.9874 0.307101 0.90965 -0.279745 -0.365171 0.277203 0.195707 0.940691 7.90792
0.912377 -0.361296 -0.192502 17.0235 0.302381 0.911748 -0.278049 -0.371537 0.275969 0.195476 0.941099 7.96988
0.91412 -0.356096 -0.193931 17.0653 0.297018 0.913647 -0.2776 -0.362691 0.276034 0.196157 0.940943 8.06162
0.916362 -0.350031 -0.194382 17.0913 0.291283 0.915926 -0.276162 -0.357413 0.274701 0.196443 0.941269 8.10853
0.918815 -0.343699 -0.194112 17.1057 0.285398 0.918177 -0.27483 -0.35268 0.272685 0.197117 0.941719 8.15367
0.921538 -0.336659 -0.193528 17.1188 0.278845 0.920558 -0.273587 -0.348937 0.270257 0.198156 0.942196 8.19364
0.924483 -0.329117 -0.192459 17.1307 0.271866 0.922984 -0.272439 -0.341869 0.267298 0.199541 0.942752 8.22531
0.928112 -0.320861 -0.188894 17.1215 0.264424 0.925179 -0.272314 -0.334903 0.262132 0.202789 0.943505 8.26499
0.931673 -0.311868 -0.186417 17.1355 0.256029 0.927571 -0.272203 -0.328178 0.257803 0.205875 0.944034 8.28444
0.935137 -0.302328 -0.184775 17.1783 0.246909 0.930055 -0.272151 -0.322636 0.254127 0.208876 0.944367 8.30521
0.938596 -0.292722 -0.182695 17.2384 0.237722 0.932336 -0.272526 -0.319161 0.250105 0.212361 0.944668 8.32031
0.942265 -0.282218 -0.180322 17.324 0.227613 0.934614 -0.273355 -0.316516 0.245674 0.216528 0.944881 8.33902
0.946254 -0.270995 -0.176609 17.4164 0.217081 0.936816 -0.274378 -0.314747 0.239803 0.221292 0.945289 8.35575
0.95015 -0.259361 -0.173133 17.5293 0.205775 0.938644 -0.276836 -0.307248 0.234308 0.227409 0.945212 8.37568
0.954704 -0.246985 -0.16603 17.6401 0.194134 0.939709 -0.281589 -0.28384 0.225566 0.236601 0.945085 8.41422
0.959785 -0.233428 -0.156054 17.7518 0.182061 0.940478 -0.287037 -0.263024 0.213765 0.247082 0.945144 8.46313
0.965651 -0.217732 -0.141916 17.846 0.168909 0.94077 -0.294033 -0.233355 0.197528 0.259961 0.945225 8.51915
0.971723 -0.200383 -0.125027 17.9384 0.15504 0.940512 -0.302384 -0.200091 0.178179 0.274448 0.944972 8.58492
0.9776 -0.182528 -0.104937 18.024 0.141948 0.939509 -0.31178 -0.171868 0.155497 0.289898 0.944367 8.64811
0.983087 -0.163362 -0.0829697 18.1078 0.128635 0.937847 -0.322384 -0.135043 0.130476 0.306257 0.942987 8.70914
0.988101 -0.142343 -0.0585362 18.1709 0.115154 0.936085 -0.332444 -0.109696 0.102114 0.321745 0.94133 8.75384
0.992164 -0.120757 -0.0325472 18.2382 0.102372 0.933642 -0.343319 -0.0815577 0.0718439 0.337294 0.938677 8.80928
0.995179 -0.0980749 -0.00556482 18.2911 0.0897521 0.930848 -0.354265 -0.0561318 0.0399239 0.352055 0.935155 8.84639
0.9969 -0.0756642 0.0222682 18.3526 0.078557 0.927272 -0.366102 -0.0279293 0.00705079 0.366714 0.93033 8.90042
0.997324 -0.0534622 0.0501839 18.411 0.0684952 0.92353 -0.37741 -0.00552234 -0.0261689 0.379834 0.924712 8.94482
0.996449 -0.0314595 0.0783028 18.4588 0.0595241 0.919777 -0.387946 0.00869725 -0.0598174 0.391226 0.918372 8.9715
0.994273 -0.0106622 0.106486 18.51 0.0524273 0.915982 -0.397825 0.0185995 -0.0932962 0.401126 0.911287 9.01194
0.991037 0.00958252 0.13336 18.5719 0.0461281 0.9117 -0.408301 0.0403284 -0.125497 0.41079 0.903076 9.05868
0.986829 0.0277533 0.159473 18.6367 0.0419169 0.907786 -0.417381 0.0534114 -0.15635 0.418565 0.894657 9.10322
0.982005 0.0452033 0.183451 18.7026 0.0376947 0.904582 -0.424671 0.0615355 -0.185143 0.423941 0.88659 9.14141
0.976802 0.059635 0.205755 18.769 0.0359332 0.901267 -0.431818 0.0735843 -0.211189 0.429191 0.878208 9.16925
0.971047 0.0718475 0.227902 18.82 0.036172 0.898559 -0.4374 0.0828572 -0.236208 0.432976 0.869933 9.19022
0.96524 0.0823224 0.248132 18.8675 0.0368762 0.896781 -0.440982 0.0891096 -0.258819 0.4348 0.862564 9.20559
0.959662 0.0899901 0.266425 18.911 0.0389068 0.895832 -0.442727 0.093852 -0.278512 0.43523 0.856185 9.21353
0.954812 0.0951997 0.281616 18.9616 0.0413334 0.895635 -0.442914 0.101691 -0.294387 0.434536 0.851217 9.23198
0.950552 0.0969103 0.295113 19.007 0.0455199 0.896384 -0.440977 0.110701 -0.307268 0.432601 0.847638 9.24328
0.947879 0.0942568 0.30443 19.0682 0.0506792 0.898539 -0.436007 0.111373 -0.314634 0.428706 0.846919 9.25672
0.945586 0.0884705 0.313167 19.1117 0.057841 0.901339 -0.429279 0.111823 -0.320246 0.42403 0.847166 9.27728
0.94401 0.0797023 0.320205 19.1548 0.0664076 0.904666 -0.420967 0.115923 -0.323225 0.418657 0.84871 9.30783
0.942679 0.0704422 0.326234 19.188 0.074529 0.908378 -0.4115 0.124802 -0.325329 0.412222 0.851049 9.3521
0.941924 0.0593623 0.330597 19.2162 0.0835392 0.911945 -0.401773 0.143974 -0.325331 0.406053 0.854013 9.4019
0.941503 0.0471398 0.333745 19.2381 0.0928517 0.915603 -0.391263 0.163675 -0.32402 0.399359 0.857656 9.45062
0.941389 0.0327719 0.335787 19.2606 0.103539 0.919199 -0.379994 0.183174 -0.321103 0.392485 0.86192 9.50123
0.941531 0.0173481 0.336533 19.2735 0.114647 0.922626 -0.368314 0.202368 -0.316881 0.385357 0.866681 9.53975
0.941682 0.0014646 0.336559 19.2875 0.125974 0.925784 -0.356507 0.221903 -0.312099 0.37811 0.871599 9.58549
0.941901 -0.0148039 0.335617 19.2985 0.137462 0.928567 -0.344826 0.240911 -0.306536 0.370922 0.876643 9.62716
0.941859 -0.0311936 0.334618 19.306 0.149234 0.930968 -0.333274 0.258937 -0.301118 0.363829 0.881485 9.66852
0.941727 -0.0479915 0.33299 19.3154 0.161505 0.932773 -0.322319 0.274875 -0.295133 0.357311 0.886158 9.70634
0.941075 -0.0642336 0.332103 19.318 0.173852 0.934068 -0.311987 0.288464 -0.290162 0.351336 0.890185 9.74449
0.940117 -0.0800917 0.331362 19.317 0.186319 0.934722 -0.302687 0.30182 -0.285486 0.346296 0.89366 9.77801
0.938802 -0.094798 0.331217 19.3139 0.198421 0.934728 -0.294883 0.314891 -0.281639 0.342553 0.896324 9.8032
0.937044 -0.108013 0.332141 19.3141 0.210025 0.934104 -0.288755 0.330583 -0.279062 0.34033 0.89797 9.83312
0.935056 -0.120079 0.333606 19.3183 0.221442 0.932625 -0.28499 0.346937 -0.276904 0.340352 0.898635 9.85298
0.932622 -0.130133 0.336629 19.322 0.231856 0.930845 -0.282509 0.358153 -0.276583 0.341519 0.898286 9.86928
0.929564 -0.138632 0.341665 19.3267 0.242172 0.928305 -0.282218 0.368916 -0.27804 0.345077 0.89648 9.88261
0.926378 -0.144862 0.347672 19.3383 0.251289 0.925327 -0.284015 0.373819 -0.280565 0.350467 0.893593 9.88821
0.922416 -0.148264 0.356664 19.3509 0.259628 0.921688 -0.288321 0.378335 -0.28598 0.358547 0.888663 9.89475
0.918131 -0.148836 0.367316 19.3688 0.266852 0.917408 -0.295284 0.38656 -0.293027 0.369124 0.882006 9.89982
0.913318 -0.147551 0.379635 19.3788 0.273566 0.91278 -0.303379 0.382586 -0.301754 0.380932 0.874013 9.89529
0.907098 -0.144391 0.395427 19.3788 0.280565 0.907676 -0.31217 0.367328 -0.313842 0.394107 0.863849 9.89256
0.900669 -0.138885 0.411766 19.3872 0.286805 0.901866 -0.323152 0.359896 -0.326471 0.409144 0.852104 9.89342
0.893947 -0.133142 0.427987 19.3903 0.293263 0.895869 -0.333853 0.337508 -0.338967 0.423954 0.839893 9.87153
0.887184 -0.124665 0.444308 19.3902 0.298326 0.889525 -0.34611 0.319501 -0.352069 0.439605 0.826352 9.84377
0.879283 -0.114945 0.462265 19.38 0.304122 0.882398 -0.359064 0.300885 -0.366626 0.456298 0.810823 9.82169
0.870496 -0.103282 0.481266 19.3523 0.30914 0.875583 -0.371262 0.272577 -0.383037 0.471953 0.794108 9.79332
0.861841 -0.0900538 0.49916 19.3435 0.313554 0.868155 -0.384753 0.258487 -0.398696 0.488103 0.776437 9.78187
0.852502 -0.0731859 0.517623 19.331 0.316573 0.860247 -0.399756 0.258025 -0.41602 0.50465 0.75652 9.81323
0.84304 -0.0548423 0.535086 19.3099 0.318865 0.852121 -0.415042 0.261496 -0.433192 0.520509 0.735848 9.84779
0.832941 -0.0364299 0.552206 19.2814 0.321645 0.843876 -0.429497 0.261575 -0.450339 0.535351 0.714605 9.88865
0.823337 -0.0181195 0.567301 19.2544 0.323868 0.835825 -0.44334 0.265526 -0.466126 0.548741 0.694023 9.92386
0.813803 3.083e-05 0.581185 19.2153 0.325753 0.82815 -0.456183 0.265641 -0.481313 0.560556 0.67393 9.961
0.804944 0.0185244 0.593099 19.1811 0.326942 0.820289 -0.46934 0.279901 -0.495201 0.571692 0.654219 10.0108
0.79652 0.0350088 0.60364 19.1373 0.328431 0.813183 -0.480539 0.287022 -0.507683 0.581003 0.636209 10.0593
0.78934 0.0495555 0.611989 19.1007 0.329483 0.806901 -0.490303 0.296307 -0.518106 0.588646 0.620581 10.1095
0.784752 0.0627818 0.616664 19.0987 0.329158 0.800807 -0.500414 0.323242 -0.525235 0.59567 0.607762 10.174
0.780461 0.0734201 0.620914 19.0629 0.328951 0.796329 -0.507638 0.339693 -0.531717 0.600432 0.597342 10.2264
0.776656 0.077023 0.62524 19.0451 0.328916 0.796915 -0.506747 0.363423 -0.537283 0.599208 0.593587 10.287
0.774929 0.0796832 0.62704 19.0217 0.327645 0.797723 -0.506293 0.390378 -0.540541 0.597778 0.592061 10.3477
0.774504 0.0822901 0.627236 18.9964 0.325008 0.798907 -0.506133 0.423417 -0.542742 0.595847 0.592003 10.4197
0.774602 0.0832138 0.626986 18.957 0.322796 0.800493 -0.505035 0.447023 -0.543917 0.59358 0.593192 10.4968
0.776394 0.0837042 0.624707 18.9331 0.31971 0.801889 -0.50479 0.480081 -0.543187 0.59163 0.595812 10.5846
0.777651 0.0854435 0.6229 18.8756 0.315752 0.803675 -0.504436 0.509254 -0.543703 0.588946 0.597989 10.6745
0.780234 0.0857175 0.619629 18.8337 0.311316 0.805985 -0.503511 0.535503 -0.54256 0.585746 0.602164 10.7645
0.782445 0.0860369 0.616785 18.7779 0.30702 0.808414 -0.502248 0.557723 -0.541822 0.582337 0.606114 10.8597
0.784012 0.0873532 0.614613 18.7092 0.302306 0.811026 -0.500902 0.577666 -0.54221 0.578502 0.609439 10.9614
0.786568 0.0881868 0.611212 18.6524 0.297757 0.812964 -0.500479 0.604212 -0.541022 0.575644 0.613182 11.0587
0.788895 0.0892954 0.60805 18.5981 0.292924 0.81516 -0.499762 0.622757 -0.540272 0.572361 0.616911 11.1581
0.79106 0.0910048 0.604971 18.5455 0.287849 0.817231 -0.499325 0.642328 -0.539834 0.569126 0.620272 11.258
0.791683 0.0931229 0.603837 18.4821 0.283856 0.819136 -0.498492 0.644847 -0.541034 0.56604 0.622055 11.3513
0.791688 0.0966865 0.603265 18.4191 0.279267 0.820966 -0.49807 0.645434 -0.54341 0.562778 0.622937 11.4335
0.790621 0.10121 0.603928 18.3596 0.274739 0.8228 -0.497566 0.64178 -0.547258 0.559298 0.622709 11.5051
0.787956 0.104712 0.606803 18.3159 0.271681 0.825242 -0.495193 0.628969 -0.552604 0.555036 0.621794 11.5713
0.78303 0.110725 0.612093 18.2745 0.268681 0.827311 -0.493378 0.617815 -0.561008 0.550776 0.618052 11.6403
0.77642 0.118696 0.618976 18.2439 0.266258 0.828412 -0.49284 0.60308 -0.571257 0.547448 0.611581 11.7025
0.76699 0.129086 0.628585 18.2119 0.264388 0.829006 -0.492852 0.58482 -0.584707 0.544192 0.601702 11.76
0.754898 0.142263 0.640264 18.1904 0.262939 0.828695 -0.494145 0.56579 -0.600873 0.54137 0.588163 11.8126
0.738591 0.155871 0.65593 18.168 0.26298 0.829255 -0.493186 0.54744 -0.620792 0.536748 0.571481 11.8605
0.718977 0.170611 0.673804 18.1515 0.263916 0.829824 -0.491724 0.528095 -0.643022 0.531357 0.551587 11.9001
0.69602 0.186891 0.693314 18.1379 0.265921 0.82982 -0.490652 0.513605 -0.667009 0.52586 0.527866 11.9341
0.669444 0.204513 0.714189 18.1262 0.268868 0.829514 -0.489559 0.500746 -0.69254 0.519746 0.500318 11.9687
0.639815 0.222562 0.735635 18.1113 0.272749 0.829124 -0.488073 0.486284 -0.718544 0.51291 0.469777 11.9934
0.607945 0.241031 0.756541 18.1138 0.277521 0.828237 -0.486884 0.477258 -0.743939 0.505946 0.436624 12.0184
0.573773 0.259715 0.776782 18.1095 0.282584 0.82741 -0.485379 0.467123 -0.768761 0.497994 0.401349 12.0337
0.538451 0.278479 0.795341 18.1182 0.288366 0.82597 -0.484428 0.464649 -0.791819 0.490181 0.364435 12.0447
0.502353 0.297165 0.81203 18.131 0.294497 0.824175 -0.483801 0.458225 -0.813005 0.48217 0.326509 12.0635
0.464773 0.315618 0.827296 18.1274 0.300981 0.822394 -0.482837 0.446071 -0.832743 0.473402 0.287227 12.0914
0.42805 0.333122 0.840156 18.1232 0.3076 0.820423 -0.48202 0.43359 -0.849836 0.464751 0.248711 12.1196
0.390576 0.348627 0.852031 18.0813 0.313866 0.819666 -0.47926 0.398066 -0.865451 0.454603 0.210717 12.1538
0.356098 0.363172 0.861023 18.0638 0.31961 0.818515 -0.47743 0.367502 -0.878129 0.445194 0.175396 12.1959
0.325038 0.37675 0.867443 18.0239 0.324694 0.817039 -0.476523 0.339134 -0.888252 0.436533 0.14324 12.2286
0.296954 0.388606 0.872275 17.9895 0.328952 0.815934 -0.475497 0.302644 -0.896481 0.428129 0.114461 12.27
0.272037 0.398921 0.875732 17.9554 0.329234 0.816553 -0.474236 0.263199 -0.90425 0.417323 0.0907945 12.309
0.252952 0.406805 0.877829 17.9052 0.328904 0.817138 -0.473459 0.215205 -0.909894 0.408476 0.0728965 12.3472
0.239383 0.411726 0.879333 17.8574 0.328761 0.8178 -0.472413 0.15586 -0.913608 0.402171 0.060409 12.3961
0.233631 0.413458 0.880073 17.821 0.328424 0.818371 -0.471659 0.0887907 -0.915219 0.399223 0.0554072 12.4386
0.234833 0.412773 0.880069 17.7851 0.328691 0.81834 -0.471526 0.0216683 -0.914813 0.399993 0.0564988 12.5013
0.235732 0.395073 0.887922 17.7591 0.32726 0.828038 -0.455314 -0.0434449 -0.915096 0.397906 0.0659036 12.5634
0.242808 0.3729 0.895566 17.7372 0.324307 0.838878 -0.437223 -0.113019 -0.914296 0.396592 0.0827521 12.6311
0.255368 0.346006 0.902844 17.7074 0.32105 0.850474 -0.416746 -0.186164 -0.912023 0.396273 0.106098 12.6886
0.273086 0.314904 0.909015 17.6815 0.317119 0.862651 -0.394111 -0.268163 -0.908255 0.395885 0.135715 12.7434
0.295087 0.280287 0.913468 17.6442 0.313114 0.874879 -0.369597 -0.354999 -0.902748 0.395075 0.170402 12.7954
0.320308 0.242373 0.915809 17.5847 0.309671 0.886847 -0.343017 -0.456283 -0.895306 0.393463 0.209006 12.8433
0.348356 0.202009 0.915369 17.5375 0.306359 0.898371 -0.314849 -0.559742 -0.885925 0.390103 0.251062 12.8944
0.380262 0.159471 0.911053 17.4937 0.304904 0.908372 -0.286265 -0.658421 -0.873212 0.386632 0.296792 12.9327
0.413427 0.116066 0.903143 17.4564 0.304152 0.9173 -0.257117 -0.759523 -0.858278 0.380984 0.343929 12.9777
0.446922 0.0726984 0.891642 17.3993 0.304082 0.92503 -0.227838 -0.862342 -0.841344 0.372951 0.391304 13.017
0.47975 0.0292334 0.876953 17.3261 0.305099 0.931548 -0.197963 -0.97451 -0.822694 0.362522 0.437984 13.0564
0.513404 -0.012951 0.858078 17.2615 0.307302 0.936383 -0.169732 -1.07869 -0.801277 0.350824 0.484714 13.0897
0.548055 -0.0538174 0.834747 17.2219 0.311338 0.93938 -0.143847 -1.16771 -0.776385 0.338717 0.531579 13.1096
0.578493 -0.0924719 0.810461 17.1603 0.315639 0.941561 -0.117868 -1.27263 -0.752185 0.323991 0.573864 13.1503
0.605605 -0.128454 0.785369 17.0794 0.320462 0.942724 -0.0929207 -1.38414 -0.728433 0.307947 0.612073 13.2063
0.629789 -0.161204 0.759889 16.9867 0.325583 0.942965 -0.069799 -1.50014 -0.705284 0.291359 0.646341 13.2727
0.649852 -0.189792 0.736027 16.8751 0.330103 0.942737 -0.0483603 -1.62024 -0.684684 0.274385 0.675278 13.3673
0.665321 -0.212591 0.715686 16.7399 0.33263 0.942636 -0.0292164 -1.7399 -0.668408 0.25749 0.697856 13.4944
0.678684 -0.230993 0.697204 16.6029 0.335494 0.941963 -0.0144973 -1.83966 -0.653375 0.24374 0.716779 13.6297
0.688824 -0.243697 0.68278 16.4632 0.337009 0.941525 -0.00394541 -1.93356 -0.64188 0.232814 0.730658 13.7775
0.690639 -0.245296 0.680377 16.2525 0.332619 0.943091 0.00237733 -2.00967 -0.642224 0.224658 0.732912 14.0022
0.693691 -0.246383 0.676864 16.0726 0.330025 0.943989 0.00538797 -2.08878 -0.640266 0.219637 0.736134 14.1825
0.695697 -0.247145 0.67453 15.914 0.328628 0.944466 0.00710892 -2.18084 -0.638811 0.216718 0.738266 14.3449
0.696407 -0.247111 0.673803 15.77 0.327866 0.944727 0.00760458 -2.2721 -0.638425 0.215614 0.738918 14.4936
0.696291 -0.247108 0.673931 15.646 0.327011 0.945015 0.00864371 -2.39302 -0.638993 0.214359 0.738797 14.6249
0.695279 -0.245475 0.675565 15.5302 0.325704 0.945469 0.00833752 -2.5254 -0.640758 0.214231 0.737301 14.7459
0.693064 -0.239243 0.680067 15.4376 0.32356 0.946236 0.003137 -2.60771 -0.644237 0.217863 0.733197 14.9068
0.68869 -0.233188 0.686579 15.3215 0.320973 0.947122 -0.000282253 -2.73556 -0.650194 0.22056 0.727105 15.0491
0.682605 -0.226193 0.694949 15.2198 0.318252 0.948031 -0.00403268 -2.86284 -0.657903 0.223916 0.719103 15.2063
0.677582 -0.213124 0.703934 15.156 0.314754 0.949079 -0.015625 -2.9236 -0.664744 0.232145 0.710145 15.3914
0.670287 -0.199006 0.714969 15.082 0.310702 0.950163 -0.0268132 -2.98308 -0.673983 0.240108 0.6987 15.5856
0.66192 -0.183573 0.726792 15.0019 0.306201 0.951218 -0.0386109 -3.04992 -0.684234 0.248094 0.685826 15.7836
0.653658 -0.165412 0.73854 14.9274 0.301623 0.951946 -0.0537468 -3.09121 -0.69414 0.257886 0.672125 15.9852
0.646137 -0.144135 0.749531 14.8632 0.297327 0.951998 -0.0732411 -3.09846 -0.702979 0.270171 0.657962 16.1821
0.63723 -0.122793 0.760877 14.794 0.293194 0.951654 -0.0919662 -3.10759 -0.712778 0.28168 0.642412 16.3826
0.628711 -0.102132 0.770946 14.7306 0.289377 0.950908 -0.110014 -3.11542 -0.721845 0.292251 0.627388 16.5685
0.620074 -0.0821582 0.780278 14.6746 0.285734 0.949885 -0.12705 -3.1279 -0.730714 0.301723 0.612463 16.7561
0.612982 -0.063045 0.787621 14.6277 0.282609 0.948397 -0.144031 -3.13438 -0.737877 0.310866 0.599156 16.927
0.606153 -0.0449853 0.794124 14.5814 0.280076 0.94656 -0.160159 -3.13878 -0.744458 0.319486 0.586348 17.0958
0.600895 -0.0290337 0.798843 14.512 0.278211 0.944491 -0.174943 -3.144 -0.749401 0.327359 0.575606 17.2231
0.597519 -0.0147834 0.801767 14.4694 0.276122 0.942513 -0.188402 -3.14477 -0.752867 0.333949 0.567241 17.3609
0.594473 -0.0033695 0.804151 14.4077 0.27462 0.940757 -0.199071 -3.14944 -0.75582 0.339168 0.560169 17.4784
0.592126 0.00332172 0.805888 14.3427 0.274348 0.939465 -0.205449 -3.16167 -0.757761 0.342735 0.55536 17.5475
0.590229 0.0111331 0.807202 14.2735 0.272862 0.938337 -0.212458 -3.16762 -0.759773 0.345643 0.550786 17.6337
0.590233 0.0172375 0.807099 14.2193 0.272083 0.937062 -0.218988 -3.17194 -0.760052 0.348841 0.548385 17.7357
0.590317 0.0216215 0.806925 14.1621 0.270756 0.93646 -0.223167 -3.18278 -0.760457 0.350208 0.546944 17.8179
0.593087 0.0249021 0.804803 14.1221 0.269886 0.935587 -0.227837 -3.18255 -0.758611 0.352322 0.548154 17.8998
0.596157 0.0287285 0.802397 14.0816 0.269203 0.934395 -0.233463 -3.16803 -0.756442 0.355177 0.549303 17.9877
0.597483 0.0318255 0.8013 14.0269 0.26764 0.93404 -0.236661 -3.16566 -0.755953 0.35585 0.549546 18.0882
0.599704 0.0335754 0.799561 13.9804 0.266679 0.933661 -0.239226 -3.15954 -0.75453 0.35668 0.550957 18.1844
0.602431 0.0339656 0.797498 13.9372 0.265151 0.933881 -0.240069 -3.1573 -0.752898 0.356071 0.553582 18.2772
0.605033 0.0338396 0.795525 13.8935 0.263703 0.934231 -0.240297 -3.15314 -0.751315 0.355159 0.556307 18.3692
0.607949 0.0333588 0.793326 13.8559 0.261828 0.934846 -0.239956 -3.14984 -0.749618 0.353585 0.559594 18.4656
0.61136 0.032809 0.790718 13.8201 0.259605 0.935573 -0.239537 -3.14138 -0.747612 0.351706 0.563444 18.5501
0.614446 0.0318808 0.788366 13.7851 0.25712 0.936582 -0.238272 -3.13564 -0.745941 0.349099 0.567272 18.6384
0.617192 0.0308943 0.786251 13.753 0.254091 0.937905 -0.236309 -3.12867 -0.744708 0.345616 0.571007 18.727
0.620513 0.0305591 0.783652 13.7236 0.250903 0.93902 -0.235287 -3.11208 -0.743031 0.342608 0.574996 18.806
0.623584 0.0301946 0.781219 13.6933 0.246971 0.94051 -0.233487 -3.09812 -0.741773 0.338526 0.579019 18.8799
0.625974 0.0303318 0.779306 13.6655 0.242173 0.942321 -0.2312 -3.08446 -0.741345 0.333441 0.582512 18.9557
0.628546 0.0301811 0.777233 13.6395 0.237257 0.94422 -0.228533 -3.0709 -0.740755 0.328037 0.586314 19.0201
0.631232 0.0306093 0.775042 13.6174 0.231761 0.946163 -0.226124 -3.0532 -0.740214 0.322351 0.590143 19.0774
0.632902 0.0311067 0.773653 13.5939 0.225323 0.948582 -0.222469 -3.04122 -0.740773 0.315112 0.59334 19.1357
0.635478 0.0311775 0.771543 13.5801 0.218632 0.951066 -0.218506 -3.02777 -0.740576 0.307529 0.597553 19.1803
0.637749 0.0317642 0.769636 13.5686 0.211398 0.953603 -0.214528 -3.01025 -0.74072 0.299504 0.601433 19.2227
0.639548 0.0318889 0.768143 13.5555 0.204291 0.956204 -0.209785 -2.99223 -0.741167 0.291082 0.605012 19.2629
0.639843 0.0319823 0.767888 13.5359 0.19638 0.959197 -0.203583 -2.98024 -0.743045 0.281048 0.607443 19.3054
0.640834 0.0320327 0.767064 13.5248 0.18812 0.962153 -0.197341 -2.96321 -0.74433 0.270753 0.610542 19.3397
0.641924 0.0330963 0.766102 13.5172 0.179586 0.964829 -0.192157 -2.93125 -0.745495 0.260921 0.613392 19.3719
0.642478 0.0327022 0.765659 13.5085 0.171102 0.967783 -0.184909 -2.90473 -0.747014 0.249797 0.616172 19.4004
0.642827 0.0306714 0.765445 13.5018 0.162552 0.971018 -0.17542 -2.88558 -0.748619 0.23718 0.6192 19.4252
0.642623 0.0304176 0.765633 13.4928 0.15353 0.973873 -0.167553 -2.84715 -0.750699 0.225212 0.62115 19.457
0.642605 0.0278182 0.765741 13.4829 0.144532 0.977036 -0.156784 -2.81695 -0.752496 0.211415 0.623817 19.4833
0.643633 0.0241724 0.765007 13.4785 0.135489 0.980154 -0.144962 -2.78288 -0.753303 0.196945 0.627571 19.5011
0.644442 0.0179085 0.764493 13.4722 0.12682 0.983414 -0.129941 -2.75739 -0.754117 0.180684 0.63147 19.5196
0.644638 0.0127544 0.764436 13.4611 0.117833 0.986294 -0.115822 -2.71486 -0.755409 0.164733 0.634286 19.5425
0.645768 0.00712848 0.763549 13.4506 0.109018 0.988888 -0.101433 -2.66069 -0.755764 0.148736 0.637802 19.5585
0.647563 -0.002418 0.762064 13.4436 0.100943 0.991493 -0.0826289 -2.62057 -0.755354 0.130427 0.642283 19.5708
0.650505 -0.0143626 0.759415 13.4392 0.0933287 0.993792 -0.0611482 -2.58285 -0.753799 0.110646 0.647795 19.5852
0.653641 -0.026408 0.7564 13.4236 0.0857474 0.995578 -0.0393387 -2.53216 -0.751989 0.0905683 0.653 19.6005
0.658396 -0.0399443 0.75166 13.4177 0.0786529 0.996811 -0.0159214 -2.47546 -0.748604 0.0695974 0.659425 19.6208
0.664841 -0.0554744 0.744979 13.4153 0.0724458 0.997363 0.00961672 -2.41675 -0.743521 0.0475738 0.667092 19.6372
0.671101 -0.071675 0.737945 13.4054 0.0665221 0.997159 0.0363559 -2.35155 -0.73843 0.0246867 0.673948 19.6641
0.680766 -0.087903 0.727265 13.4069 0.0615868 0.996165 0.0627567 -2.27356 -0.729966 0.00206533 0.683553 19.6713
0.688981 -0.104575 0.717249 13.3938 0.057227 0.994334 0.0900022 -2.19593 -0.722573 -0.0209672 0.691046 19.6924
0.69708 -0.124403 0.706179 13.3787 0.054064 0.991187 0.121246 -2.13908 -0.715013 -0.0463394 0.697645 19.7214
0.707207 -0.142651 0.692522 13.3626 0.0520694 0.987321 0.150202 -2.07084 -0.705144 -0.0701668 0.705652 19.731
0.716215 -0.159952 0.679366 13.3427 0.0503212 0.982723 0.178326 -1.99986 -0.696126 -0.0935324 0.711871 19.7561
0.723032 -0.17651 0.667943 13.3108 0.0478743 0.977325 0.206444 -1.93428 -0.689212 -0.117289 0.715071 19.8026
0.727963 -0.196211 0.657006 13.2798 0.0462789 0.970094 0.238438 -1.8975 -0.684117 -0.143166 0.715254 19.8726
0.734814 -0.212071 0.644324 13.2482 0.0454511 0.963167 0.265179 -1.84551 -0.676804 -0.165572 0.71737 19.9218
0.739242 -0.226251 0.634365 13.2026 0.0429969 0.955855 0.29081 -1.79917 -0.672132 -0.187699 0.716316 19.9947
0.742757 -0.238763 0.625606 13.1525 0.0398897 0.948423 0.314607 -1.7566 -0.668432 -0.20872 0.713955 20.0736
0.743759 -0.25558 0.617729 13.119 0.0382723 0.938833 0.342355 -1.75042 -0.667418 -0.230982 0.708027 20.1887
0.744097 -0.270995 0.610705 13.087 0.0370751 0.929423 0.367251 -1.75113 -0.667102 -0.250626 0.701611 20.3087
0.743535 -0.282011 0.606394 13.0491 0.0342514 0.921643 0.386627 -1.73826 -0.667886 -0.266695 0.694913 20.4338
0.741273 -0.290547 0.605125 12.9995 0.0304246 0.915122 0.40212 -1.73184 -0.670574 -0.279667 0.687179 20.5671
0.738591 -0.29611 0.605714 12.9518 0.026328 0.910411 0.412964 -1.72522 -0.673705 -0.289058 0.680198 20.6998
0.735297 -0.299317 0.608134 12.9138 0.0222613 0.907427 0.419709 -1.72047 -0.677439 -0.29507 0.673875 20.8354
0.729293 -0.301835 0.614097 12.8777 0.0172665 0.905321 0.424472 -1.73531 -0.684048 -0.298954 0.665437 20.9898
0.723968 -0.296187 0.623075 12.8418 0.0115822 0.908276 0.418302 -1.71722 -0.689796 -0.295618 0.660977 21.1265
0.715963 -0.287382 0.636315 12.7967 0.00426482 0.913182 0.407629 -1.709 -0.698189 -0.289126 0.655012 21.2763
