1 0 0 0 0 1 0 0 0 0 1 0
0.999137 0.034577 0.0233584 -0.300292 -0.0344361 0.999393 -0.00622547 -0.00887445 -0.0235586 0.00541316 0.999716 -0.0965023
0.998203 0.0571713 0.0179413 -0.527237 -0.0570539 0.998347 -0.00697643 0.00408867 -0.0183102 0.00594033 0.999815 -0.264617
0.996701 0.0805461 0.0108159 -0.735792 -0.0804807 0.996744 -0.00597087 0.0335431 -0.0112606 0.00507821 0.999933 -0.463781
0.994747 0.102276 0.00423843 -0.932202 -0.102253 0.994746 -0.00518832 0.0737662 -0.0047463 0.00472779 0.999978 -0.686985
0.99243 0.122855 -0.00290247 -1.10525 -0.122863 0.992418 -0.0047215 0.119387 0.00230156 0.0050399 0.999994 -0.923982
0.989777 0.14232 -0.0093277 -1.25406 -0.142355 0.989811 -0.00330608 0.167275 0.00876279 0.00460021 0.999952 -1.17357
0.986818 0.16106 -0.0163875 -1.37183 -0.161081 0.986947 -0.00024164 0.213352 0.0161359 0.00287569 0.999875 -1.4268
0.984289 0.175153 -0.022315 -1.44394 -0.175181 0.984538 0.000616981 0.259112 0.0220788 0.00330178 0.999752 -1.70141
0.981947 0.187345 -0.0264944 -1.48395 -0.187356 0.982296 0.00189727 0.298225 0.026382 0.00309846 0.999657 -1.97902
0.980683 0.192878 -0.0325978 -1.4858 -0.192891 0.981218 0.00270107 0.319118 0.0325076 0.00363877 0.999467 -2.25454
0.97981 0.196709 -0.0360178 -1.4726 -0.196743 0.980458 0.00250537 0.322003 0.0358081 0.00462899 0.999358 -2.52522
0.978082 0.203357 -0.0447805 -1.48751 -0.203192 0.979107 0.00821237 0.261721 0.045516 0.00106645 0.998965 -2.52541
0.979223 0.197295 -0.0470952 -1.45935 -0.197014 0.980351 0.0104693 0.166014 0.0482369 -0.000975933 0.998845 -2.78021
0.980753 0.188441 -0.051172 -1.41555 -0.188236 0.982087 0.00880867 0.0485251 0.0519164 0.000993096 0.998654 -3.01986
0.98276 0.175736 -0.0576213 -1.33081 -0.17566 0.984437 0.00630296 -0.0693191 0.0578339 0.00392478 0.998329 -3.24843
0.977961 0.181454 -0.103324 -1.17306 -0.176019 0.982587 0.0595606 -0.235414 0.112333 -0.0400618 0.992867 -3.3247
0.98294 0.163056 -0.0852178 -1.14072 -0.159823 0.986195 0.043455 -0.238542 0.091129 -0.0290967 0.995424 -3.25127
0.988183 0.137844 -0.0671089 -1.10748 -0.137187 0.990446 0.0143094 -0.186334 0.0684413 -0.00493451 0.997648 -3.15869
0.990197 0.123306 -0.0657852 -1.02277 -0.122293 0.992317 0.0191216 -0.187807 0.06764 -0.0108925 0.997661 -3.14831
0.99292 0.102751 -0.0596935 -1.02018 -0.102055 0.994676 0.0145809 -0.146139 0.0608752 -0.00838651 0.998116 -3.12601
0.99437 0.0790008 -0.0707697 -1.07224 -0.0774652 0.996712 0.0240986 -0.166799 0.0724428 -0.0184843 0.997211 -3.21586
0.996049 0.0528028 -0.0714879 -1.18127 -0.0516306 0.998506 0.0181264 -0.14482 0.0723395 -0.0143649 0.997283 -3.17715
0.997361 0.0269177 -0.0675944 -1.33746 -0.0261403 0.999592 0.0122619 -0.114393 0.0678991 -0.0104664 0.997647 -3.00081
0.997709 -0.00049629 -0.0677541 -1.48026 0.00113552 0.99996 0.00936805 -0.0989451 0.0677481 -0.00942487 0.997665 -2.80242
0.996974 -0.0215034 -0.0748473 -1.6067 0.0223323 0.999709 0.0101612 -0.075241 0.0746089 -0.0118059 0.997154 -2.64036
0.995471 -0.048768 -0.0817041 -1.73562 0.0494725 0.998759 0.00659866 -0.0552498 0.0812819 -0.0106123 0.996641 -2.45978
0.994209 -0.0798248 -0.0721092 -1.89698 0.0785506 0.996711 -0.0204301 0.0202499 0.0735048 0.0146431 0.997198 -2.28697
0.992799 -0.10904 -0.0497665 -2.02579 0.107299 0.993564 -0.036462 0.0739495 0.0534232 0.0308578 0.998102 -2.35914
0.989454 -0.141971 -0.0291453 -2.14712 0.13972 0.987818 -0.0686788 0.167396 0.0385427 0.0638772 0.997224 -2.4614
0.985861 -0.167608 -0.00163374 -2.2886 0.166787 0.981888 -0.0899489 0.228145 0.0166816 0.0884024 0.995952 -2.51066
0.983254 -0.182283 0.00315633 -2.37729 0.181849 0.979344 -0.0885416 0.256336 0.0130508 0.087627 0.99608 -2.60323
0.983019 -0.183551 0.000657837 -2.46139 0.182889 0.97914 -0.0885885 0.277149 0.0156176 0.087202 0.996076 -2.6161
0.982904 -0.184114 0.00537974 -2.57575 0.183822 0.978599 -0.0926149 0.31736 0.0117895 0.0920143 0.9957 -2.61659
0.982711 -0.185054 0.00728197 -2.71609 0.184887 0.978001 -0.0966779 0.335496 0.0107705 0.0963503 0.995297 -2.41032
0.982415 -0.186541 0.00942806 -2.85961 0.186555 0.97745 -0.0990649 0.34704 0.00926661 0.0990757 0.995049 -2.20238
0.981924 -0.18921 0.00669402 -2.9903 0.188967 0.977236 -0.0965215 0.339258 0.011723 0.0960393 0.995317 -2.01164
0.982349 -0.184863 0.0290653 -3.15451 0.186824 0.977819 -0.0948404 0.383744 -0.0108847 0.0985901 0.995082 -2.02574
0.981664 -0.184774 0.0470721 -3.30917 0.188715 0.976815 -0.101167 0.442744 -0.0272855 0.108192 0.993765 -2.0353
0.981301 -0.186219 0.0490066 -3.41304 0.190413 0.97633 -0.102727 0.480972 -0.0287131 0.110131 0.993516 -2.03231
0.981252 -0.187623 0.0443231 -3.515 0.191173 0.976667 -0.0979363 0.509032 -0.0249115 0.104571 0.994216 -2.01901
0.980288 -0.19298 0.042716 -3.60793 0.196256 0.976031 -0.0942249 0.515374 -0.0235047 0.100744 0.994649 -2.01326
0.980486 -0.193351 0.0358534 -3.72943 0.19587 0.976448 -0.0905738 0.527077 -0.017494 0.0958259 0.995257 -1.81443
0.980411 -0.195003 0.028264 -3.84765 0.196729 0.976861 -0.0840904 0.527425 -0.0112085 0.0879973 0.996073 -1.61763
0.983218 -0.181041 0.0230231 -3.98646 0.18229 0.980298 -0.0761911 0.529257 -0.0087733 0.0791065 0.996841 -1.42944
0.986436 -0.163254 0.0180382 -4.11765 0.164114 0.984178 -0.0670279 0.535672 -0.00680654 0.0690731 0.997605 -1.22056
0.989298 -0.145411 0.0130205 -4.25406 0.145905 0.987885 -0.0530657 0.520992 -0.00514354 0.0543949 0.99852 -1.02022
0.992322 -0.123699 0.00548482 -4.37977 0.123825 0.991631 -0.0369729 0.509202 -0.00086166 0.0373628 0.999317 -0.809083
0.99511 -0.0988973 -0.000476719 -4.51549 0.0988737 0.99493 -0.0189934 0.498483 0.00235575 0.0188514 0.999833 -0.602733
0.997475 -0.0709194 -0.00691608 -4.6528 0.0709288 0.997497 -5.77721e-05 0.494099 0.00690661 -0.000437552 0.999992 -0.399472
0.999068 -0.0411765 -0.0138381 -4.78722 0.0414499 0.998955 0.0198385 0.492201 0.01301 -0.020395 0.999721 -0.19525
0.999765 -0.00767259 -0.0211295 -4.92579 0.00852761 0.999168 0.0402735 0.498782 0.0208065 -0.0404479 0.998982 -0.0015998
0.999183 0.0289106 -0.0286831 -5.05888 -0.0269918 0.997529 0.0650572 0.499198 0.0304964 -0.0642305 0.997483 0.200917
0.997336 0.064451 -0.0346707 -5.19395 -0.0610988 0.994071 0.0901168 0.494913 0.0402767 -0.087761 0.995344 0.403042
0.993814 0.103254 -0.0412062 -5.31826 -0.0979356 0.988541 0.11498 0.506059 0.0526097 -0.110233 0.992527 0.610062
0.98896 0.141556 -0.0442243 -5.45588 -0.133734 0.980143 0.146512 0.486409 0.0640891 -0.138981 0.988237 0.830633
0.982504 0.180633 -0.0456347 -5.59465 -0.170018 0.969458 0.176838 0.477764 0.076187 -0.165984 0.983196 1.04596
0.974311 0.220366 -0.046841 -5.73578 -0.206341 0.956344 0.207029 0.470317 0.0904208 -0.192045 0.97723 1.25251
0.964715 0.258721 -0.0491227 -5.86122 -0.240389 0.941348 0.236865 0.46388 0.107527 -0.216697 0.970315 1.45725
0.953618 0.296906 -0.0499756 -5.99592 -0.274011 0.924638 0.264564 0.469114 0.124762 -0.238598 0.96309 1.65484
0.94167 0.33254 -0.0519705 -6.10817 -0.303962 0.906542 0.292947 0.464768 0.144533 -0.260059 0.954731 1.8669
0.929117 0.366444 -0.0499881 -6.24643 -0.332505 0.886856 0.32087 0.458467 0.161915 -0.281502 0.945821 2.07193
0.91672 0.396508 -0.0493285 -6.36525 -0.356565 0.867531 0.346816 0.452605 0.180312 -0.30034 0.936651 2.2756
0.904185 0.424566 -0.0472537 -6.49608 -0.378713 0.847858 0.37114 0.444626 0.197638 -0.317679 0.927393 2.47665
0.892479 0.448813 -0.04555 -6.62088 -0.397026 0.8294 0.39306 0.440699 0.214192 -0.332708 0.9184 2.68072
0.88193 0.469288 -0.0448132 -6.74442 -0.410999 0.811982 0.414484 0.429246 0.2309 -0.347122 0.908972 2.89699
0.872415 0.4869 -0.0429992 -6.88425 -0.422912 0.796016 0.433053 0.421693 0.245083 -0.359611 0.900359 3.10975
0.865451 0.499188 -0.0429783 -7.0129 -0.429939 0.783964 0.447867 0.421475 0.257263 -0.369123 0.893087 3.31985
0.860637 0.507538 -0.0416822 -7.1635 -0.434061 0.773922 0.461159 0.401935 0.266316 -0.378792 0.886356 3.52655
0.858156 0.511603 -0.0432723 -7.30838 -0.43412 0.768025 0.470861 0.396604 0.274127 -0.38528 0.881167 3.74067
0.859153 0.509694 -0.0457971 -7.45601 -0.429428 0.766744 0.477209 0.385896 0.278346 -0.390323 0.877614 3.94798
0.863097 0.502594 -0.0500439 -7.60555 -0.420794 0.770341 0.479104 0.378088 0.279344 -0.392448 0.876352 4.14699
0.870124 0.489522 -0.0572781 -7.75269 -0.406728 0.778839 0.477509 0.373903 0.278362 -0.392189 0.876776 4.3583
0.879739 0.470994 -0.0653144 -7.90638 -0.388527 0.791214 0.472294 0.376842 0.274123 -0.390112 0.87904 4.57193
0.891395 0.447057 -0.0747201 -8.05991 -0.365667 0.806716 0.464252 0.375271 0.267826 -0.386504 0.882564 4.79039
0.904122 0.418031 -0.0886297 -8.18477 -0.337273 0.82545 0.452675 0.381807 0.26239 -0.379375 0.887282 5.02096
0.917733 0.384244 -0.100758 -8.32968 -0.305777 0.845258 0.438262 0.381706 0.253567 -0.371392 0.893201 5.24381
0.931089 0.346515 -0.114199 -8.4681 -0.270686 0.865962 0.420565 0.382561 0.244623 -0.360665 0.900069 5.4626
0.944082 0.304711 -0.126054 -8.62115 -0.232636 0.886385 0.400295 0.395063 0.233708 -0.348581 0.907694 5.68469
0.955509 0.260873 -0.137804 -8.76584 -0.192727 0.905573 0.377927 0.395513 0.223382 -0.334548 0.915545 5.90599
0.965475 0.21473 -0.147581 -8.92522 -0.151282 0.923152 0.353469 0.408446 0.212141 -0.318934 0.923751 6.13577
0.973341 0.167467 -0.156857 -9.07756 -0.108539 0.938352 0.328257 0.409529 0.202158 -0.302476 0.931496 6.36036
0.979029 0.120011 -0.164721 -9.22912 -0.0658913 0.951238 0.301395 0.410387 0.192861 -0.284216 0.939183 6.58165
0.982378 0.0735239 -0.171961 -9.38293 -0.0238067 0.961194 0.274915 0.410335 0.185501 -0.265973 0.945987 6.81421
0.983449 0.0280649 -0.179094 -9.52578 0.0174998 0.968652 0.247873 0.421231 0.180437 -0.2469 0.952114 7.05605
0.982731 -0.0158919 -0.18447 -9.66649 0.0571045 0.973785 0.220275 0.433969 0.176133 -0.227003 0.957857 7.28998
0.980404 -0.0568991 -0.188695 -9.80847 0.0941705 0.976315 0.19487 0.435006 0.173139 -0.208817 0.962526 7.52394
0.976525 -0.0929763 -0.19441 -9.94557 0.12724 0.976884 0.17189 0.431758 0.173935 -0.19259 0.965764 7.77693
0.972454 -0.123254 -0.197928 -10.0884 0.154603 0.97629 0.151618 0.423754 0.174549 -0.178039 0.968439 8.03095
0.968513 -0.148449 -0.199966 -10.2465 0.177377 0.974805 0.135396 0.390259 0.174828 -0.166601 0.970425 8.26688
0.964588 -0.168741 -0.202811 -10.3937 0.195892 0.97301 0.12211 0.36538 0.176733 -0.157513 0.971594 8.50782
0.961844 -0.182137 -0.204263 -10.5404 0.20777 0.97179 0.111787 0.346329 0.17814 -0.14996 0.972534 8.76146
0.961439 -0.183357 -0.205064 -10.698 0.207858 0.972531 0.104939 0.310996 0.18019 -0.143514 0.973126 8.98501
0.96117 -0.18357 -0.206143 -10.8323 0.20709 0.973343 0.0987813 0.251208 0.182515 -0.137635 0.973545 9.18872
0.96236 -0.176198 -0.207006 -10.9337 0.19908 0.975357 0.0953001 0.133782 0.185113 -0.132921 0.973708 9.36473
0.965018 -0.161065 -0.206977 -10.9807 0.183549 0.978499 0.0942982 -0.0126773 0.187338 -0.128989 0.973813 9.52774
0.967702 -0.1423 -0.208177 -10.9681 0.16505 0.981597 0.0962417 -0.17148 0.19065 -0.127491 0.973367 9.68324
0.97083 -0.118763 -0.20839 -10.9427 0.142269 0.984622 0.101604 -0.340868 0.193117 -0.128287 0.972777 9.82172
0.974024 -0.0916163 -0.207169 -10.9173 0.116229 0.987142 0.109903 -0.510769 0.194435 -0.131125 0.972136 9.97063
0.975663 -0.0644568 -0.209694 -10.8341 0.0910711 0.988635 0.119802 -0.676617 0.199587 -0.135981 0.970423 10.1262
0.976771 -0.0354986 -0.211408 -10.7491 0.0642772 0.989336 0.130842 -0.843677 0.204507 -0.141389 0.968624 10.2728
0.977218 -0.00515131 -0.21228 -10.6665 0.036219 0.989128 0.142687 -1.01199 0.209236 -0.147123 0.966759 10.4108
0.977086 0.0259006 -0.211344 -10.5894 0.00744396 0.987833 0.155462 -1.1818 0.212798 -0.153469 0.964993 10.5501
0.976131 0.0572498 -0.209611 -10.5166 -0.0217434 0.985588 0.16789 -1.35287 0.2162 -0.159322 0.963287 10.6787
0.974237 0.0865396 -0.208345 -10.4341 -0.0486077 0.982351 0.180728 -1.51096 0.220306 -0.165941 0.961237 10.8371
0.971992 0.114112 -0.20556 -10.3581 -0.0741946 0.978541 0.192344 -1.66535 0.223096 -0.171702 0.959581 10.9839
0.969585 0.139328 -0.201313 -10.2976 -0.0980329 0.974438 0.202234 -1.79524 0.224342 -0.176344 0.958447 11.1513
0.967372 0.160326 -0.196298 -10.2383 -0.118005 0.970368 0.210965 -1.91691 0.224302 -0.180914 0.957606 11.3324
0.965558 0.177089 -0.19071 -10.1858 -0.134627 0.967017 0.216319 -2.02091 0.222725 -0.183189 0.95754 11.5037
0.964494 0.19013 -0.183437 -10.1511 -0.149155 0.96498 0.2159 -2.09135 0.218059 -0.18087 0.959056 11.6673
0.964251 0.197089 -0.177229 -10.0992 -0.157577 0.96393 0.214597 -2.17032 0.213129 -0.178993 0.960514 11.8498
0.96543 0.198912 -0.168607 -10.0739 -0.163529 0.965521 0.202665 -2.1955 0.203104 -0.168082 0.96465 11.985
0.967767 0.193772 -0.160983 -10.0296 -0.162193 0.96824 0.190391 -2.24527 0.192761 -0.158139 0.968446 12.1275
0.971187 0.182618 -0.153282 -9.972 -0.155186 0.972275 0.175056 -2.29579 0.181 -0.146222 0.97258 12.2806
0.976174 0.166076 -0.139784 -9.95016 -0.14393 0.97725 0.155914 -2.33941 0.162497 -0.132076 0.977857 12.4046
0.981332 0.144072 -0.127595 -9.9078 -0.126689 0.982711 0.135188 -2.38826 0.144865 -0.116496 0.982597 12.5354
0.986404 0.117431 -0.115133 -9.86147 -0.104729 0.988335 0.110767 -2.4304 0.126797 -0.0971997 0.987182 12.6449
0.990988 0.0903758 -0.0991171 -9.8341 -0.0819933 0.992979 0.0855471 -2.46903 0.106153 -0.0766472 0.991418 12.7331
0.994688 0.0586774 -0.0848 -9.77207 -0.0537319 0.996806 0.0594459 -2.51146 0.0880172 -0.0545705 0.994651 12.8334
0.997334 0.023399 -0.0694914 -9.7021 -0.0208727 0.999131 0.0367508 -2.57659 0.0702921 -0.0352013 0.996933 12.9289
0.998484 -0.00874029 -0.0547074 -9.62511 0.00917765 0.999949 0.00770483 -2.59325 0.054638 -0.00819273 0.998501 12.9906
0.998403 -0.0413821 -0.0391053 -9.54437 0.0407067 0.999032 -0.0181086 -2.62079 0.0398187 0.0164877 0.999098 13.0335
0.996913 -0.0760835 -0.0204425 -9.47116 0.0752792 0.996471 -0.0377071 -2.67508 0.0232407 0.0360535 0.999108 13.0682
0.993971 -0.109842 -0.00260286 -9.39837 0.109523 0.992371 -0.057064 -2.72109 0.00885358 0.0564338 0.998394 13.0831
0.989756 -0.142324 0.0130066 -9.32381 0.142905 0.986879 -0.0754329 -2.76114 -0.00209816 0.0765197 0.997095 13.0917
0.985199 -0.169573 0.0260314 -9.25393 0.171284 0.980898 -0.0924766 -2.7885 -0.00984957 0.0955646 0.995402 13.0899
0.980128 -0.195154 0.0361613 -9.18251 0.197973 0.974267 -0.10794 -2.81435 -0.0141638 0.112954 0.993528 13.081
0.975303 -0.216701 0.0432885 -9.11069 0.220447 0.967787 -0.121835 -2.8338 -0.015489 0.128366 0.991634 13.073
0.970811 -0.235317 0.0468605 -9.0466 0.239566 0.961529 -0.134579 -2.84701 -0.013387 0.141877 0.989823 13.0562
0.96707 -0.249808 0.0492075 -8.99584 0.254349 0.95668 -0.141854 -2.87282 -0.0116363 0.149695 0.988691 13.0505
0.964583 -0.259212 0.0493187 -8.9607 0.263717 0.953312 -0.147279 -2.8921 -0.00883785 0.155068 0.987894 13.0422
0.963341 -0.264622 0.04472 -8.92993 0.268369 0.951457 -0.150868 -2.90733 -0.00262293 0.157335 0.987569 13.0297
0.964048 -0.263483 0.0351046 -8.90663 0.265734 0.952078 -0.151571 -2.91519 0.00651548 0.155449 0.987853 13.0126
0.966062 -0.257252 0.0244173 -8.89809 0.257952 0.954355 -0.150732 -2.91507 0.0154762 0.151911 0.988301 13.0022
0.969534 -0.244814 0.01062 -8.893 0.243636 0.958401 -0.148826 -2.90191 0.0262575 0.146878 0.988836 12.9877
0.97335 -0.229368 -0.00550331 -8.8877 0.226365 0.963935 -0.140153 -2.90792 0.037454 0.135169 0.990143 12.982
0.97769 -0.208523 -0.0261176 -8.87466 0.203408 0.970202 -0.131809 -2.89502 0.0528254 0.123556 0.990961 12.9682
0.98183 -0.183559 -0.0486524 -8.85744 0.176712 0.976954 -0.119943 -2.88257 0.0695497 0.109164 0.991616 12.9592
0.984886 -0.154861 -0.0778501 -8.82318 0.146056 0.983344 -0.108366 -2.8544 0.0933351 0.0953581 0.991088 12.927
0.986841 -0.124479 -0.10345 -8.80028 0.115816 0.989568 -0.0860008 -2.86968 0.113078 0.0728866 0.990937 12.9158
0.988627 -0.0886248 -0.121675 -8.82155 0.0804864 0.994296 -0.0702794 -2.83889 0.127209 0.0596875 0.990109 12.8984
0.987036 -0.0531317 -0.151624 -8.77526 0.0473243 0.998036 -0.0417128 -2.85861 0.153543 0.033996 0.987586 12.8866
0.984107 -0.0138811 -0.177156 -8.74831 0.0111455 0.999824 -0.016443 -2.85037 0.177351 0.0142087 0.984076 12.8749
0.97908 0.0275636 -0.201731 -8.72194 -0.0264031 0.999644 0.00840079 -2.83035 0.20189 -0.00289807 0.979433 12.851
0.971419 0.0679267 -0.227541 -8.66982 -0.0602137 0.997378 0.040667 -2.84351 0.229705 -0.025801 0.972949 12.8508
0.961982 0.108782 -0.250621 -8.62487 -0.0936518 0.99306 0.0715309 -2.84937 0.256661 -0.0453385 0.965467 12.8426
0.950981 0.150507 -0.270237 -8.58765 -0.128869 0.987006 0.0962035 -2.82277 0.281201 -0.0566594 0.958006 12.8129
0.937951 0.192054 -0.288821 -8.53888 -0.162491 0.979007 0.123276 -2.80443 0.30643 -0.0686936 0.949441 12.7962
0.923858 0.230972 -0.305261 -8.48425 -0.193225 0.969798 0.148995 -2.78861 0.330451 -0.078662 0.940571 12.7863
0.909023 0.268274 -0.318998 -8.42911 -0.222966 0.959626 0.171638 -2.76363 0.352161 -0.0848942 0.932112 12.7698
0.894265 0.302755 -0.32966 -8.37634 -0.250235 0.948858 0.192604 -2.74068 0.371107 -0.0897418 0.924276 12.7543
0.880545 0.332851 -0.3375 -8.32172 -0.273612 0.938325 0.211514 -2.72399 0.387081 -0.0938996 0.917284 12.7417
0.866767 0.359744 -0.345465 -8.25211 -0.295813 0.928478 0.224659 -2.69296 0.40157 -0.0925302 0.911175 12.7281
0.855375 0.382465 -0.349443 -8.19542 -0.314588 0.919402 0.236202 -2.67091 0.411611 -0.0921069 0.906727 12.7121
0.845296 0.401504 -0.352585 -8.12893 -0.330073 0.911265 0.246365 -2.65694 0.420208 -0.0918682 0.902799 12.7105
0.836896 0.417866 -0.353625 -8.06931 -0.344705 0.904127 0.252565 -2.63289 0.425253 -0.0894705 0.900676 12.7042
0.830192 0.43106 -0.353575 -8.00857 -0.356102 0.897972 0.258628 -2.6227 0.428976 -0.088798 0.898975 12.7069
0.824858 0.442203 -0.352311 -7.95391 -0.36673 0.89274 0.26188 -2.60816 0.430319 -0.0868066 0.898528 12.7036
0.820491 0.451062 -0.351261 -7.89047 -0.375346 0.888475 0.264153 -2.59807 0.431228 -0.0848864 0.898276 12.7076
0.816487 0.458345 -0.351179 -7.81796 -0.383164 0.88509 0.264308 -2.58336 0.431961 -0.0812411 0.89826 12.7107
0.813722 0.464208 -0.349877 -7.75265 -0.389453 0.882212 0.264725 -2.57558 0.431544 -0.0791475 0.898649 12.7154
0.811146 0.469113 -0.349333 -7.68156 -0.395007 0.879863 0.264325 -2.56823 0.431355 -0.0764137 0.898975 12.7215
0.808899 0.473324 -0.348847 -7.61239 -0.400048 0.877842 0.26345 -2.55932 0.430921 -0.0735449 0.899424 12.7272
0.806652 0.477784 -0.347984 -7.55022 -0.405735 0.875721 0.261821 -2.54645 0.429823 -0.070005 0.90023 12.7216
0.80417 0.481351 -0.348796 -7.47654 -0.409935 0.874 0.261015 -2.53586 0.430479 -0.0669128 0.900153 12.7315
0.800909 0.485594 -0.350433 -7.40238 -0.415075 0.871987 0.259636 -2.51836 0.431642 -0.0624847 0.899913 12.7364
0.797409 0.490111 -0.352106 -7.33288 -0.419598 0.86964 0.260223 -2.50866 0.433735 -0.0597571 0.899092 12.7377
0.793208 0.495232 -0.354438 -7.25638 -0.423656 0.866829 0.263025 -2.50228 0.437487 -0.0584695 0.897358 12.7429
0.786734 0.501403 -0.360128 -7.16063 -0.428729 0.86352 0.265666 -2.48524 0.444175 -0.0546072 0.894311 12.7434
0.778574 0.508895 -0.3673 -7.05418 -0.434302 0.859371 0.270043 -2.46502 0.453062 -0.0507249 0.890072 12.7443
0.76904 0.518345 -0.37409 -6.95205 -0.440675 0.853838 0.277162 -2.44237 0.463069 -0.0482928 0.885042 12.7381
0.756667 0.529144 -0.384087 -6.83022 -0.447429 0.847402 0.285966 -2.41748 0.476784 -0.0445252 0.87793 12.7303
0.74614 0.536385 -0.394481 -6.70616 -0.448564 0.842803 0.297537 -2.39094 0.492054 -0.0450503 0.869435 12.7134
0.733741 0.544975 -0.405817 -6.57387 -0.448684 0.837144 0.312942 -2.36961 0.510263 -0.0475305 0.858743 12.7007
0.718492 0.555023 -0.419247 -6.42557 -0.450472 0.830569 0.327545 -2.32908 0.529998 -0.0464755 0.846763 12.6787
0.700991 0.566193 -0.433703 -6.2647 -0.45118 0.823013 0.345176 -2.29467 0.552368 -0.0462826 0.832355 12.6608
0.682127 0.578914 -0.446779 -6.10136 -0.451437 0.814029 0.365536 -2.26417 0.575293 -0.047646 0.816599 12.6452
0.660841 0.592395 -0.460889 -5.92226 -0.451802 0.804326 0.385998 -2.22572 0.599355 -0.0468473 0.799153 12.6296
0.638678 0.606636 -0.473429 -5.74213 -0.450781 0.793586 0.408746 -2.19618 0.623653 -0.0476406 0.78029 12.624
0.614712 0.622422 -0.484543 -5.55644 -0.450111 0.781265 0.432533 -2.16906 0.647761 -0.0477798 0.760389 12.6271
0.589078 0.638615 -0.495187 -5.36456 -0.449129 0.768161 0.456365 -2.14079 0.67181 -0.0464279 0.739312 12.6495
0.571885 0.655101 -0.493818 -5.2521 -0.444505 0.753386 0.484651 -2.13459 0.689515 -0.0576555 0.722022 12.7344
0.544456 0.671691 -0.502446 -5.04952 -0.442065 0.738837 0.50868 -2.11722 0.712886 -0.0548361 0.699181 12.7921
0.516067 0.687726 -0.51066 -4.83804 -0.439941 0.724343 0.530887 -2.1005 0.734981 -0.0493078 0.676346 12.859
0.486516 0.703049 -0.518726 -4.61418 -0.438215 0.710004 0.55129 -2.08546 0.755865 -0.040894 0.653502 12.9298
0.457 0.71716 -0.526211 -4.3785 -0.435558 0.696245 0.570609 -2.07951 0.775572 -0.0315674 0.630528 12.9947
0.426649 0.730425 -0.533389 -4.12807 -0.433759 0.682757 0.588011 -2.07885 0.793654 -0.019509 0.608114 13.0374
0.39793 0.74171 -0.539986 -3.86574 -0.431104 0.670734 0.603595 -2.08803 0.80986 -0.00739369 0.58664 13.0402
0.369826 0.75085 -0.547273 -3.5931 -0.429275 0.660478 0.616078 -2.10031 0.824024 0.00709169 0.566572 13.0127
0.344008 0.758349 -0.553744 -3.31472 -0.427492 0.651563 0.62672 -2.11694 0.836051 0.0211292 0.548312 12.9732
0.321904 0.763308 -0.560172 -3.03013 -0.427224 0.64511 0.633542 -2.12434 0.844939 0.0353806 0.533757 12.9596
0.301878 0.764955 -0.569019 -2.73833 -0.426912 0.642144 0.636758 -2.11719 0.852461 0.050702 0.520399 13.026
0.298355 0.759844 -0.577649 -2.45635 -0.418026 0.648106 0.636613 -2.10595 0.858082 0.0515371 0.510989 13.1134
0.299265 0.752981 -0.586113 -2.16751 -0.409043 0.6562 0.634153 -2.10324 0.86209 0.0499695 0.504362 13.1528
0.304066 0.743407 -0.595774 -1.87417 -0.400148 0.667206 0.628316 -2.10458 0.864576 0.0473495 0.500337 13.1389
0.312791 0.73185 -0.605496 -1.58505 -0.391913 0.680131 0.619589 -2.09558 0.865241 0.0435037 0.499543 13.104
0.325214 0.71783 -0.615642 -1.29908 -0.384049 0.69518 0.607696 -2.06724 0.864182 0.0388059 0.501753 13.0593
0.338907 0.701812 -0.626635 -1.00983 -0.376018 0.711582 0.593572 -2.01265 0.862456 0.034464 0.505036 13.0215
0.355387 0.684023 -0.637081 -0.731484 -0.368834 0.728887 0.576845 -1.92389 0.858912 0.0299747 0.511317 12.9935
0.373367 0.664241 -0.64765 -0.452803 -0.361209 0.747132 0.558023 -1.82156 0.854519 0.0255934 0.518865 12.9922
0.392939 0.64285 -0.657575 -0.173596 -0.353876 0.765728 0.537119 -1.72647 0.848787 0.021646 0.528361 13.0193
0.413449 0.61965 -0.667206 0.108413 -0.346854 0.784698 0.51382 -1.64085 0.841922 0.0189883 0.539341 13.0655
0.436097 0.596243 -0.674073 0.383368 -0.338754 0.802717 0.490874 -1.57715 0.833747 0.0142774 0.552029 13.1233
0.459267 0.572679 -0.679105 0.654607 -0.330471 0.819771 0.467797 -1.52784 0.824587 0.0095847 0.565727 13.1869
0.481875 0.54867 -0.683243 0.930048 -0.321535 0.83606 0.444616 -1.49417 0.815157 0.00543893 0.57928 13.2605
0.504332 0.524197 -0.686249 1.21305 -0.312874 0.851639 0.420586 -1.46669 0.804886 0.00259896 0.593494 13.3347
0.525898 0.500304 -0.687888 1.49489 -0.304625 0.865887 0.396874 -1.44649 0.794169 0.000834844 0.607759 13.4137
0.54535 0.476685 -0.689519 1.78074 -0.296087 0.879119 0.373572 -1.43116 0.784225 0.000433516 0.620544 13.4966
0.563336 0.454853 -0.689801 2.06838 -0.28812 0.890604 0.351963 -1.42213 0.774409 0.00047361 0.632747 13.5828
0.580699 0.434261 -0.688679 2.35234 -0.281769 0.900829 0.330436 -1.4113 0.763858 0.00216801 0.645446 13.6685
0.597647 0.416203 -0.685315 2.6323 -0.276029 0.909303 0.311516 -1.40821 0.752792 0.00299174 0.658311 13.7517
0.610241 0.400066 -0.683832 2.92096 -0.272169 0.916502 0.293296 -1.40015 0.744052 0.00713967 0.668147 13.8439
0.621894 0.387299 -0.68067 3.20093 -0.269036 0.921938 0.278776 -1.40285 0.735485 0.00975713 0.67753 13.9305
0.632238 0.377134 -0.676845 3.4688 -0.26845 0.926096 0.265246 -1.40021 0.726839 0.0140032 0.686728 14.0161
0.639234 0.367534 -0.675547 3.74049 -0.269217 0.929801 0.251116 -1.39282 0.720397 0.021348 0.693291 14.1033
0.645946 0.36193 -0.672186 3.99729 -0.270313 0.931903 0.242001 -1.39871 0.713981 0.0253833 0.699766 14.1842
0.652584 0.356691 -0.668559 4.24133 -0.272367 0.933761 0.232323 -1.39882 0.707121 0.0304843 0.706492 14.264
0.651007 0.378012 -0.658313 4.27441 -0.296154 0.924989 0.238263 -1.38191 0.69898 0.0398537 0.714092 14.3028
0.656009 0.377368 -0.653692 4.49439 -0.301728 0.924979 0.231181 -1.38941 0.691871 0.0455813 0.720639 14.3735
0.659374 0.375993 -0.651103 4.71756 -0.307319 0.925149 0.223014 -1.3967 0.686201 0.0530491 0.725537 14.4434
0.661401 0.374634 -0.64982 4.93769 -0.311903 0.925279 0.215979 -1.40854 0.682156 0.0598332 0.728812 14.5135
0.663126 0.37287 -0.649085 5.1525 -0.317244 0.925411 0.207491 -1.41707 0.67802 0.0683271 0.731922 14.5813
0.663333 0.369683 -0.650686 5.34758 -0.320802 0.926027 0.199077 -1.42432 0.676126 0.076688 0.73284 14.6456
0.665589 0.366056 -0.650442 5.54464 -0.324675 0.926732 0.1893 -1.43346 0.672062 0.0851871 0.73564 14.7082
0.66814 0.361217 -0.650523 5.73651 -0.326698 0.927926 0.179704 -1.44539 0.668527 0.0924573 0.737975 14.7699
0.672135 0.354041 -0.650362 5.91884 -0.327757 0.929849 0.167448 -1.45381 0.664004 0.100613 0.74099 14.8273
0.67786 0.344859 -0.649343 6.08637 -0.327193 0.932423 0.153636 -1.45771 0.658423 0.108317 0.744869 14.8802
0.681414 0.331909 -0.652373 6.25796 -0.325034 0.935827 0.13661 -1.45808 0.655834 0.118955 0.745535 14.9383
0.688212 0.317517 -0.652393 6.41706 -0.320208 0.939805 0.119609 -1.46805 0.651078 0.126584 0.748437 14.9869
0.69432 0.298258 -0.655013 6.57594 -0.312974 0.944695 0.0983985 -1.47327 0.648118 0.136681 0.749234 15.0383
0.702387 0.276359 -0.656009 6.72327 -0.303376 0.949925 0.07535 -1.48062 0.643961 0.146091 0.751037 15.0832
0.709933 0.250949 -0.658103 6.83741 -0.290221 0.955626 0.0513131 -1.48207 0.64176 0.154565 0.751228 15.1233
0.719458 0.220343 -0.658711 6.96973 -0.274954 0.961261 0.0212336 -1.48726 0.63785 0.165836 0.752151 15.1664
0.729845 0.185921 -0.657906 7.09409 -0.25609 0.966635 -0.0109363 -1.49486 0.633905 0.176463 0.753072 15.2054
0.740194 0.148293 -0.655891 7.21041 -0.234543 0.971096 -0.0451345 -1.50208 0.630218 0.187239 0.75356 15.2414
0.749892 0.107501 -0.65283 7.32165 -0.209824 0.974458 -0.0805664 -1.51164 0.627478 0.197392 0.753259 15.2759
0.75905 0.0645976 -0.647875 7.42215 -0.182939 0.976175 -0.117004 -1.52144 0.62486 0.207329 0.752762 15.307
0.767252 0.0207931 -0.641072 7.51582 -0.154467 0.97609 -0.153221 -1.53375 0.622541 0.216579 0.752083 15.335
0.773522 -0.0245581 -0.633351 7.6034 -0.124966 0.973762 -0.190385 -1.54377 0.621387 0.226409 0.750136 15.3613
0.777782 -0.070667 -0.624614 7.68372 -0.0948668 0.969125 -0.227783 -1.54489 0.621409 0.236415 0.747028 15.3858
0.781063 -0.116156 -0.613614 7.75556 -0.0641816 0.962454 -0.263891 -1.55537 0.621206 0.245491 0.744261 15.4069
0.78157 -0.160459 -0.602895 7.82749 -0.0354163 0.953431 -0.299673 -1.55966 0.622888 0.255562 0.739454 15.4276
0.780542 -0.201186 -0.591906 7.88693 -0.00752149 0.943746 -0.330699 -1.57195 0.625119 0.262569 0.7351 15.4437
0.778375 -0.240448 -0.579998 7.93489 0.0184076 0.932144 -0.361741 -1.58204 0.627606 0.270887 0.729949 15.4583
0.772808 -0.276564 -0.571275 7.98434 0.0411603 0.920047 -0.389737 -1.59578 0.633365 0.277669 0.722383 15.4746
0.766697 -0.310787 -0.561843 8.03186 0.0626051 0.907099 -0.416343 -1.60601 0.639025 0.284026 0.714892 15.4898
0.758692 -0.342885 -0.553978 8.08511 0.0831607 0.894343 -0.43967 -1.6142 0.64618 0.287495 0.707026 15.5027
0.751179 -0.370306 -0.54652 8.14631 0.0986296 0.881555 -0.461758 -1.61987 0.652764 0.292952 0.698694 15.5168
0.742923 -0.393214 -0.54178 8.21285 0.110665 0.87034 -0.479936 -1.62764 0.660226 0.296589 0.69009 15.5327
0.734611 -0.41165 -0.539418 8.28262 0.118298 0.860514 -0.49559 -1.63378 0.668171 0.300245 0.680806 15.5477
0.725569 -0.424676 -0.54155 8.36005 0.121419 0.853577 -0.506695 -1.64228 0.677411 0.301877 0.670874 15.5636
0.716526 -0.432414 -0.54744 8.44254 0.119173 0.849094 -0.514709 -1.64838 0.687379 0.303554 0.659896 15.5774
0.706783 -0.433922 -0.558791 8.53366 0.111368 0.848244 -0.517838 -1.65623 0.698666 0.303758 0.64783 15.5907
0.696351 -0.429763 -0.574875 8.633 0.0982937 0.850518 -0.516766 -1.66469 0.71101 0.303335 0.634469 15.5994
0.685823 -0.422275 -0.592797 8.72812 0.0821558 0.854219 -0.513457 -1.6689 0.723171 0.303429 0.620517 15.598
0.672881 -0.408939 -0.616508 8.83921 0.0619296 0.861584 -0.503912 -1.68094 0.737223 0.300884 0.605037 15.5913
0.65965 -0.390301 -0.642343 8.95413 0.036364 0.870208 -0.49142 -1.6891 0.750746 0.300796 0.588208 15.5837
0.644324 -0.36646 -0.671293 9.07803 0.0082939 0.881065 -0.473017 -1.70117 0.764775 0.2992 0.5707 15.5764
0.626517 -0.338518 -0.702112 9.20805 -0.0219257 0.89279 -0.450024 -1.71424 0.779151 0.297331 0.551909 15.5743
0.60686 -0.306655 -0.733324 9.34046 -0.0539801 0.904594 -0.422949 -1.72579 0.793039 0.296248 0.53238 15.5758
0.584251 -0.270915 -0.765073 9.48368 -0.0868371 0.916403 -0.390821 -1.73558 0.806964 0.294764 0.511868 15.5795
0.558304 -0.231178 -0.796828 9.63528 -0.119198 0.928128 -0.352791 -1.75052 0.821092 0.291938 0.490595 15.5869
0.529549 -0.188378 -0.827148 9.78903 -0.152227 0.938141 -0.311118 -1.76329 0.834557 0.290657 0.468101 15.5973
0.496885 -0.143501 -0.855917 9.95401 -0.184044 0.946423 -0.265522 -1.77541 0.848138 0.289454 0.443828 15.6077
0.46311 -0.0943896 -0.881307 10.1202 -0.212801 0.953426 -0.21394 -1.79761 0.860422 0.286612 0.421441 15.6158
0.425279 -0.0460777 -0.903933 10.2957 -0.240493 0.957095 -0.161939 -1.81118 0.872586 0.286253 0.395929 15.6291
0.384495 0.00308147 -0.923167 10.4722 -0.265734 0.958076 -0.107482 -1.82519 0.884098 0.286634 0.369182 15.6441
0.342335 0.054358 -0.938047 10.6484 -0.28713 0.956667 -0.0493554 -1.84575 0.89469 0.286232 0.343089 15.6545
0.299057 0.105082 -0.948476 10.8211 -0.304001 0.952663 0.00969232 -1.86511 0.904561 0.28543 0.316834 15.6655
0.253243 0.155256 -0.954906 10.998 -0.316405 0.946094 0.0699053 -1.8885 0.914255 0.284429 0.288698 15.6775
0.207746 0.204269 -0.95666 11.1727 -0.324574 0.936984 0.129583 -1.91212 0.922808 0.283578 0.260944 15.6873
0.162046 0.252572 -0.953955 11.3467 -0.32766 0.925663 0.189415 -1.94272 0.930853 0.281874 0.232744 15.6929
0.118269 0.29794 -0.947273 11.5167 -0.326901 0.912475 0.246181 -1.97061 0.937673 0.28054 0.205306 15.692
0.0754008 0.341334 -0.936957 11.6898 -0.321187 0.897877 0.301241 -2.00309 0.944066 0.278221 0.177322 15.6758
0.0326351 0.385389 -0.922221 11.8542 -0.309843 0.881158 0.357266 -2.04645 0.950271 0.274076 0.14816 15.6436
-0.00993029 0.426272 -0.904587 12.012 -0.294563 0.863254 0.410018 -2.06923 0.955636 0.270527 0.116984 15.5861
-0.0483232 0.464949 -0.884064 12.1551 -0.277869 0.843904 0.459018 -2.05533 0.959445 0.267827 0.0884098 15.4974
-0.0852863 0.499763 -0.862003 12.2966 -0.257746 0.824648 0.503598 -2.01713 0.962497 0.265125 0.0584763 15.412
-0.119053 0.531454 -0.838727 12.4459 -0.23603 0.805374 0.543825 -1.96679 0.964468 0.262702 0.0295538 15.3217
-0.149474 0.561422 -0.813972 12.5903 -0.212809 0.785668 0.58097 -1.91687 0.965649 0.260058 0.00203704 15.2351
-0.178305 0.589005 -0.788265 12.7374 -0.187597 0.766062 0.61485 -1.86769 0.96597 0.2575 -0.026098 15.1573
-0.205455 0.614788 -0.76152 12.8987 -0.161065 0.746275 0.645926 -1.83284 0.965378 0.25536 -0.0543033 15.0904
-0.230611 0.638501 -0.734313 13.0596 -0.133259 0.726822 0.673837 -1.80342 0.963921 0.253241 -0.0825264 15.0332
-0.255537 0.661092 -0.705513 13.2183 -0.105823 0.706235 0.700088 -1.78603 0.961047 0.253556 -0.110506 14.9839
-0.277303 0.68008 -0.67873 13.3819 -0.077514 0.688297 0.721335 -1.76992 0.957694 0.252632 -0.138149 14.9432
-0.29826 0.698902 -0.65013 13.5371 -0.0512254 0.668431 0.742068 -1.77126 0.953166 0.25463 -0.163557 14.9088
-0.317614 0.714742 -0.623174 13.692 -0.0221601 0.651429 0.758442 -1.77169 0.948005 0.254694 -0.19106 14.8894
-0.336831 0.728597 -0.596475 13.8395 0.00412699 0.63463 0.772863 -1.77807 0.941614 0.25786 -0.21676 14.8725
-0.354185 0.741046 -0.570513 13.9854 0.0301035 0.618777 0.785045 -1.79151 0.934735 0.260869 -0.241463 14.8685
-0.370294 0.751251 -0.54644 14.1253 0.0547548 0.604884 0.794485 -1.80545 0.927358 0.264271 -0.265107 14.8697
-0.386543 0.758777 -0.524331 14.263 0.0772872 0.593169 0.801415 -1.82192 0.919072 0.269249 -0.287921 14.879
-0.401592 0.765994 -0.502066 14.3926 0.097197 0.580764 0.808305 -1.84533 0.910706 0.275807 -0.307668 14.8934
-0.416469 0.769006 -0.485041 14.5203 0.116219 0.574161 0.810507 -1.86633 0.901736 0.281172 -0.328484 14.909
-0.445516 0.76355 -0.467547 14.6378 0.12274 0.569393 0.812906 -1.88848 0.886882 0.304772 -0.347374 14.9315
-0.473362 0.755975 -0.45223 14.7557 0.127409 0.566745 0.814037 -1.90885 0.871652 0.327706 -0.364583 14.9611
-0.499243 0.748187 -0.437111 14.8674 0.131952 0.564234 0.815058 -1.92944 0.856418 0.349228 -0.380396 14.9906
-0.521748 0.741167 -0.422531 14.9742 0.135278 0.560893 0.816815 -1.95185 0.842354 0.369001 -0.392897 15.0154
-0.54417 0.731888 -0.41026 15.0586 0.139734 0.561221 0.815841 -1.96426 0.827321 0.386621 -0.407649 15.0546
-0.567046 0.721505 -0.397457 15.1353 0.144546 0.562198 0.814328 -1.97418 0.810954 0.404297 -0.42307 15.0986
-0.584153 0.713621 -0.386787 15.2267 0.149648 0.563054 0.812814 -1.99174 0.797795 0.416916 -0.435681 15.1363
-0.600083 0.705365 -0.377417 15.3146 0.152528 0.564029 0.811602 -2.01138 0.785312 0.429448 -0.446039 15.1674
-0.614681 0.697717 -0.368039 15.3986 0.157079 0.565503 0.809706 -2.02873 0.773045 0.439889 -0.457178 15.1998
-0.628095 0.68985 -0.36012 15.4813 0.159667 0.567188 0.80802 -2.0476 0.761631 0.449999 -0.46638 15.2285
-0.64136 0.681839 -0.351921 15.5559 0.163301 0.569459 0.805693 -2.06551 0.74973 0.459259 -0.476549 15.2648
-0.654365 0.673925 -0.343095 15.6249 0.166487 0.570964 0.803974 -2.08245 0.737676 0.468956 -0.485804 15.2974
-0.667641 0.665897 -0.333067 15.6866 0.171456 0.572847 0.801587 -2.09597 0.724544 0.478053 -0.496603 15.3309
-0.680001 0.657757 -0.324097 15.7497 0.174139 0.57423 0.800018 -2.11205 0.712287 0.487558 -0.505002 15.3591
-0.692631 0.649007 -0.31488 15.8103 0.177399 0.576376 0.797754 -2.12648 0.699212 0.496676 -0.514324 15.3888
-0.705284 0.64068 -0.303626 15.865 0.182171 0.577662 0.795746 -2.13889 0.685178 0.505897 -0.524112 15.4169
-0.718726 0.631305 -0.291519 15.9145 0.18588 0.578425 0.794333 -2.15152 0.670064 0.516706 -0.53305 15.4411
-0.731683 0.621307 -0.280539 15.9675 0.188686 0.580047 0.792487 -2.16338 0.65507 0.526896 -0.541625 15.4652
-0.746859 0.610399 -0.26403 16.0184 0.193817 0.579562 0.791603 -2.17544 0.636192 0.540026 -0.55113 15.4919
-0.766362 0.592403 -0.248661 16.0844 0.192067 0.580609 0.791262 -2.19392 0.613089 0.558613 -0.55872 15.5237
-0.784344 0.575633 -0.231407 16.156 0.192865 0.580765 0.790954 -2.21233 0.58967 0.575732 -0.566511 15.5643
-0.803243 0.557379 -0.210267 16.2217 0.194732 0.579264 0.791596 -2.23297 0.562989 0.594877 -0.573812 15.6051
-0.820722 0.538447 -0.191284 16.3097 0.197085 0.580971 0.789762 -2.25147 0.536355 0.610455 -0.582906 15.6593
-0.838078 0.518732 -0.169187 16.3969 0.200312 0.580963 0.788954 -2.27087 0.50752 0.627293 -0.590782 15.7131
-0.853011 0.500076 -0.149656 16.5006 0.202663 0.581507 0.787954 -2.29427 0.481043 0.641782 -0.597348 15.7742
-0.868026 0.480331 -0.126086 16.6013 0.205545 0.578655 0.789305 -2.32469 0.452062 0.659196 -0.600997 15.8317
-0.880374 0.462379 -0.106055 16.7196 0.208342 0.57772 0.789257 -2.3541 0.426188 0.672723 -0.604913 15.8984
-0.891436 0.444752 -0.0872919 16.843 0.210401 0.576682 0.789469 -2.38629 0.401434 0.68537 -0.607632 15.9738
-0.90138 0.428085 -0.0660168 16.9643 0.215429 0.575305 0.78912 -2.41696 0.375775 0.69705 -0.610759 16.055
-0.909593 0.412952 -0.0468335 17.0958 0.220506 0.575073 0.787884 -2.44876 0.352269 0.7063 -0.61412 16.145
-0.916417 0.399366 -0.0280756 17.2315 0.226518 0.575058 0.78619 -2.48046 0.330109 0.714092 -0.617425 16.241
-0.921783 0.3876 -0.0128452 17.3807 0.229533 0.571991 0.787549 -2.52265 0.312582 0.722974 -0.616198 16.3305
-0.9257 0.378376 -0.00352407 17.5477 0.22967 0.569246 0.789498 -2.57145 0.30072 0.730002 -0.613821 16.426
-0.928385 0.37162 0.00915735 17.7013 0.236007 0.570229 0.786914 -2.6037 0.287192 0.732693 -0.617075 16.5435
-0.929982 0.367172 0.0205101 17.8572 0.241097 0.566643 0.787963 -2.64989 0.277684 0.737709 -0.615459 16.6541
-0.929908 0.367159 0.0234355 18.0402 0.242518 0.563855 0.789523 -2.70145 0.276648 0.739839 -0.613354 16.77
-0.92897 0.36947 0.0247148 18.2263 0.243543 0.559344 0.792413 -2.75937 0.278936 0.742118 -0.609564 16.8831
-0.92644 0.375867 0.0227235 18.4209 0.245227 0.556463 0.793918 -2.81323 0.285744 0.741062 -0.607681 17.0054
-0.922575 0.385539 0.0178913 18.6171 0.247439 0.55526 0.794077 -2.86247 0.296201 0.736994 -0.607634 17.1408
-0.920795 0.389995 0.0111318 18.811 0.245014 0.555836 0.794424 -2.91373 0.303614 0.734201 -0.607344 17.2804
-0.917645 0.397503 0.00474316 18.9969 0.244761 0.555557 0.794699 -2.96393 0.313246 0.730385 -0.607066 17.4257
-0.912214 0.409665 -0.011212 19.2154 0.241669 0.559845 0.792631 -3.00768 0.330969 0.720313 -0.60968 17.5908
-0.905407 0.423561 -0.0306346 19.4414 0.235819 0.561463 0.793251 -3.06744 0.353176 0.710963 -0.608204 17.755
-0.897102 0.439258 -0.0484472 19.6541 0.233942 0.56507 0.791241 -3.10991 0.374912 0.698463 -0.609665 17.9354
-0.886707 0.457248 -0.069123 19.8756 0.230714 0.566963 0.790837 -3.1621 0.400782 0.685268 -0.608192 18.119
-0.87341 0.477314 -0.0970202 20.1162 0.222778 0.568631 0.791912 -3.22779 0.433134 0.670024 -0.602963 18.3033
-0.857342 0.499072 -0.126473 20.3574 0.217699 0.574036 0.789424 -3.27217 0.46656 0.649249 -0.600762 18.5034
-0.839206 0.521091 -0.155839 20.5878 0.211761 0.576978 0.788892 -3.32443 0.500971 0.629017 -0.59453 18.6945
-0.818549 0.544068 -0.184587 20.8075 0.210882 0.5834 0.784395 -3.35116 0.53443 0.603117 -0.592245 18.915
-0.794896 0.565995 -0.218812 21.0504 0.201059 0.585903 0.785105 -3.4052 0.572537 0.58006 -0.57951 19.0904
-0.769189 0.588276 -0.249769 21.2751 0.195656 0.588822 0.784289 -3.43886 0.608423 0.554377 -0.567987 19.2714
-0.740629 0.610572 -0.280641 21.4982 0.189807 0.590734 0.784285 -3.47665 0.644613 0.527576 -0.553387 19.4477
-0.708827 0.632096 -0.313246 21.7313 0.178638 0.590414 0.787149 -3.52931 0.682469 0.501978 -0.531392 19.589
-0.674693 0.652549 -0.34505 21.958 0.172889 0.594169 0.785602 -3.56104 0.717624 0.470367 -0.513683 19.7708
-0.638374 0.672925 -0.373839 22.1724 0.164312 0.593587 0.787883 -3.60564 0.75206 0.441524 -0.489476 19.9127
-0.600917 0.692191 -0.399828 22.3735 0.152644 0.590368 0.792632 -3.67903 0.784657 0.415258 -0.460406 20.0396
-0.556971 0.708511 -0.433475 22.6273 0.134533 0.59198 0.794712 -3.75292 0.819636 0.384303 -0.425014 20.1352
-0.513666 0.722978 -0.462107 22.8545 0.122528 0.594876 0.794489 -3.81519 0.84925 0.351467 -0.394141 20.2651
-0.471465 0.735529 -0.486645 23.0592 0.114256 0.598109 0.793296 -3.86083 0.874522 0.3184 -0.366009 20.3964
-0.448148 0.737025 -0.506015 23.2464 0.0882689 0.599749 0.79537 -3.931 0.889643 0.311766 -0.333824 20.5076
-0.427497 0.73341 -0.528642 23.453 0.0610268 0.606845 0.792542 -3.98121 0.902024 0.306539 -0.304168 20.6342
-0.410222 0.727448 -0.55012 23.6598 0.0325167 0.614493 0.788318 -4.03261 0.911458 0.305486 -0.275726 20.7676
-0.394483 0.718784 -0.572572 23.8738 0.00212031 0.623813 0.781639 -4.07199 0.91897 0.307121 -0.247598 20.8982
-0.380283 0.707565 -0.595678 24.0938 -0.0297278 0.634384 0.772514 -4.10865 0.924444 0.31147 -0.220206 21.0328
-0.367968 0.694152 -0.618756 24.3109 -0.0629607 0.645319 0.761385 -4.13698 0.927774 0.319112 -0.193745 21.1654
-0.35725 0.681294 -0.638988 24.5187 -0.0958349 0.653791 0.750652 -4.18526 0.929131 0.329395 -0.168272 21.3019
-0.34912 0.668373 -0.656886 24.7082 -0.127315 0.660668 0.739877 -4.22945 0.928458 0.341926 -0.145554 21.4532
-0.339227 0.649039 -0.681007 24.9408 -0.162131 0.672768 0.721944 -4.23568 0.92668 0.355301 -0.12299 21.5944
-0.330514 0.631185 -0.701765 25.1503 -0.197569 0.680817 0.705384 -4.25372 0.922961 0.371773 -0.100315 21.7225
-0.32218 0.612249 -0.722115 25.3564 -0.230507 0.689104 0.687103 -4.26599 0.91824 0.387807 -0.0808878 21.8645
