1 0 0 0 0 1 0 0 0 0 1 0
0.999688 0.0224286 0.0109723 0.0131037 -0.0225194 0.999715 0.00823508 -0.0091711 -0.0107844 -0.00847953 0.999908 0.0372413
0.999775 0.00415399 0.0208211 0.0275672 -0.00453277 0.999824 0.0181829 -0.0225559 -0.0207418 -0.0182731 0.999618 0.0757996
0.999414 0.0100922 0.0327281 0.0515009 -0.0110682 0.999498 0.0297828 -0.0311678 -0.0324109 -0.0301274 0.999022 0.113896
0.998461 -0.0368508 0.0414616 0.0608974 0.0350047 0.9984 0.0444101 -0.0452556 -0.0430318 -0.0428902 0.998153 0.145216
0.995186 -0.0847816 0.0491984 0.0663662 0.0816297 0.99468 0.062885 -0.0638562 -0.0542678 -0.058566 0.996809 0.165007
0.994389 -0.0964963 0.0433506 -0.0595166 0.0930375 0.992777 0.0757558 -0.0711698 -0.0503475 -0.0712973 0.996185 0.15845
0.994742 -0.0942904 0.0400141 -0.194086 0.0907185 0.992394 0.083259 -0.08825 -0.0475597 -0.0791908 0.995726 0.131609
0.995332 -0.0855118 0.0447666 -0.335228 0.0810408 0.992304 0.0936316 -0.10346 -0.0524283 -0.0895663 0.994602 0.0911887
0.993269 -0.102796 0.0534229 -0.395182 0.0972858 0.990509 0.0971358 -0.0989694 -0.0629003 -0.0912841 0.993839 0.0529136
0.987832 -0.143494 0.0600051 -0.451418 0.135388 0.983206 0.122385 -0.1134 -0.0765587 -0.112771 0.99067 0.0199365
0.985427 -0.152252 0.0758776 -0.512685 0.140823 0.980343 0.138223 -0.11224 -0.0954299 -0.125522 0.987494 -0.011248
0.985782 -0.145098 0.0847687 -0.56998 0.131521 0.980163 0.148279 -0.104203 -0.104602 -0.135021 0.98531 -0.0435506
0.984994 -0.146443 0.0913636 -0.694741 0.130321 0.978041 0.162668 -0.108779 -0.113178 -0.148319 0.982445 -0.078726
0.984225 -0.147225 0.0981412 -0.820981 0.128818 0.976468 0.172974 -0.109022 -0.121298 -0.157601 0.980029 -0.109255
0.983367 -0.14291 0.112134 -0.951478 0.120995 0.975744 0.182467 -0.107919 -0.135489 -0.165864 0.9768 -0.131604
0.983176 -0.134602 0.123503 -1.07718 0.109667 0.975595 0.190242 -0.1036 -0.146096 -0.173496 0.973942 -0.149143
0.982667 -0.130913 0.131287 -1.20572 0.103194 0.974491 0.19932 -0.0974638 -0.15403 -0.182316 0.971104 -0.163535
0.981996 -0.126135 0.140649 -1.33892 0.0954071 0.973665 0.207075 -0.087769 -0.163065 -0.189926 0.968167 -0.173225
0.979751 -0.139521 0.143631 -1.45853 0.106662 0.9707 0.215351 -0.080055 -0.169467 -0.195669 0.96592 -0.181163
0.979686 -0.131378 0.151533 -1.4998 0.0958703 0.97043 0.221543 -0.0518589 -0.176158 -0.202513 0.96331 -0.176903
0.978437 -0.130374 0.160219 -1.54007 0.090893 0.968266 0.232831 -0.0261134 -0.185488 -0.213246 0.959233 -0.165375
0.97709 -0.144223 0.156535 -1.67173 0.101836 0.962565 0.251203 -0.0166737 -0.186903 -0.229504 0.955199 -0.160593
0.975802 -0.155499 0.153749 -1.80965 0.111663 0.958846 0.261068 0.00469653 -0.188015 -0.237581 0.953003 -0.160809
0.975872 -0.154317 0.154498 -1.95225 0.109515 0.957978 0.265121 0.0361194 -0.188918 -0.241801 0.951763 -0.158629
0.976193 -0.152147 0.154623 -2.09363 0.105933 0.956378 0.27227 0.0265264 -0.189301 -0.249406 0.949721 -0.147448
0.976286 -0.15272 0.153466 -2.22212 0.106088 0.955339 0.275821 0.0740037 -0.188735 -0.252997 0.948885 -0.134385
0.97711 -0.147242 0.153574 -2.33531 0.10062 0.95582 0.276218 0.117759 -0.187458 -0.25444 0.948751 -0.117416
0.97753 -0.146245 0.151845 -2.43598 0.099865 0.955548 0.277417 0.169927 -0.185666 -0.256016 0.948681 -0.0931077
0.978071 -0.14289 0.151557 -2.52408 0.0969293 0.956253 0.27604 0.227892 -0.184368 -0.255294 0.949127 -0.0382235
0.978878 -0.136983 0.151799 -2.5932 0.0920072 0.958096 0.271279 0.28696 -0.182599 -0.251579 0.950462 0.0289375
0.979636 -0.133727 0.149801 -2.63452 0.0901789 0.95952 0.266836 0.339409 -0.179418 -0.247891 0.952034 0.0964247
0.980412 -0.130714 0.147361 -2.65865 0.0887323 0.960964 0.262069 0.384939 -0.175865 -0.243857 0.953739 0.168019
0.980945 -0.129012 0.145314 -2.67719 0.0883487 0.962153 0.257818 0.420435 -0.173073 -0.240064 0.955209 0.239859
0.981607 -0.125938 0.143515 -2.68884 0.0868888 0.963931 0.251585 0.455269 -0.170023 -0.234484 0.957142 0.300039
0.982073 -0.124274 0.141778 -2.69888 0.0867667 0.965555 0.245336 0.482495 -0.167381 -0.228633 0.959021 0.351232
0.982547 -0.122705 0.139841 -2.70351 0.0869249 0.967353 0.238072 0.505569 -0.164488 -0.221758 0.961134 0.397699
0.982896 -0.121659 0.138299 -2.70867 0.087488 0.969088 0.230711 0.522099 -0.16209 -0.214663 0.96315 0.440153
0.983179 -0.121024 0.13683 -2.71133 0.0885692 0.970932 0.22238 0.536087 -0.159766 -0.206517 0.965318 0.477075
0.983317 -0.121109 0.135768 -2.71415 0.0903793 0.972825 0.213207 0.545467 -0.157897 -0.197377 0.967534 0.504871
0.983344 -0.121588 0.13513 -2.71706 0.0925895 0.974735 0.203287 0.550111 -0.156433 -0.187387 0.969756 0.528793
0.983366 -0.121643 0.134934 -2.72037 0.0944567 0.976804 0.192216 0.55397 -0.155183 -0.176271 0.972038 0.542614
0.983156 -0.12263 0.135556 -2.72365 0.0971788 0.978746 0.18061 0.552233 -0.154823 -0.164392 0.974176 0.553511
0.982754 -0.125499 0.135866 -2.72495 0.101803 0.980325 0.169159 0.544994 -0.15442 -0.152408 0.976186 0.55717
0.982554 -0.126493 0.136371 -2.72681 0.105049 0.982415 0.154381 0.54608 -0.1535 -0.137359 0.978562 0.562879
0.982233 -0.128639 0.136694 -2.72898 0.109485 0.984165 0.139456 0.549785 -0.152466 -0.12201 0.980755 0.571629
0.981981 -0.130089 0.137114 -2.73183 0.113402 0.985883 0.123216 0.555827 -0.151207 -0.105445 0.982869 0.587545
0.981664 -0.132065 0.137507 -2.73577 0.117831 0.98726 0.106999 0.560817 -0.149883 -0.0888323 0.984711 0.605155
0.981459 -0.133141 0.137927 -2.73956 0.121503 0.988538 0.0896525 0.570898 -0.148282 -0.0712296 0.986384 0.630228
0.981153 -0.136388 0.136934 -2.74176 0.127311 0.989178 0.0730355 0.58043 -0.145411 -0.0542236 0.987891 0.660013
0.980977 -0.138555 0.136009 -2.74273 0.13198 0.989658 0.0562774 0.586059 -0.142399 -0.0372546 0.989115 0.691397
0.980911 -0.140491 0.1345 -2.74406 0.136315 0.989873 0.0398222 0.594463 -0.13873 -0.0207256 0.99012 0.727883
0.980981 -0.142515 0.131827 -2.7417 0.140683 0.989788 0.0231678 0.599628 -0.133782 -0.0041799 0.991009 0.77931
0.981289 -0.143279 0.128675 -2.7417 0.14391 0.989589 0.00443106 0.623934 -0.127967 0.0141714 0.991684 0.829744
0.981696 -0.143365 0.125428 -2.74459 0.146267 0.989148 -0.0141834 0.650906 -0.122033 0.032271 0.992009 0.87586
0.982284 -0.143832 0.120188 -2.74131 0.148594 0.988402 -0.0315967 0.673608 -0.114247 0.0488981 0.992255 0.933372
0.982795 -0.14459 0.114976 -2.74395 0.150898 0.987381 -0.0481378 0.697975 -0.106564 0.0646602 0.992209 0.991882
0.983826 -0.143071 0.107844 -2.74387 0.150653 0.986407 -0.0657393 0.733193 -0.0969708 0.080925 0.991999 1.05752
0.984673 -0.143034 0.0998594 -2.7463 0.151328 0.985157 -0.0810806 0.764509 -0.0867793 0.0949501 0.9917 1.12017
0.985842 -0.141043 0.0907542 -2.74961 0.149787 0.983851 -0.0980703 0.806927 -0.0754544 0.110277 0.99104 1.18651
0.987139 -0.138732 0.0795087 -2.75224 0.14721 0.982618 -0.113135 0.85115 -0.0624308 0.123385 0.990401 1.26209
0.988324 -0.136793 0.067216 -2.75798 0.144478 0.981293 -0.127307 0.899997 -0.0485419 0.135534 0.98959 1.34467
0.989768 -0.132268 0.0536327 -2.76282 0.138647 0.980224 -0.141236 0.950215 -0.0338905 0.147228 0.98853 1.43099
0.991011 -0.128221 0.0383486 -2.76785 0.132621 0.979331 -0.152768 0.999262 -0.0179662 0.156483 0.987525 1.51591
0.992064 -0.123825 0.022122 -2.77466 0.12578 0.978445 -0.16381 1.0505 -0.00136109 0.165293 0.986251 1.60765
0.992898 -0.118937 0.00478657 -2.78245 0.11796 0.97775 -0.173511 1.10463 0.0159584 0.172845 0.984827 1.69989
0.993382 -0.114108 -0.013571 -2.79089 0.109764 0.977183 -0.181865 1.15775 0.0340137 0.179172 0.983237 1.79993
0.993397 -0.110002 -0.0328301 -2.79917 0.101892 0.976635 -0.18926 1.21661 0.0528831 0.184666 0.981385 1.90232
0.993203 -0.10393 -0.0525267 -2.80884 0.0918126 0.976344 -0.195789 1.26865 0.0716322 0.189636 0.979247 2.0162
0.992434 -0.0991747 -0.0724911 -2.81988 0.082888 0.976149 -0.200696 1.32261 0.090667 0.19317 0.976975 2.1335
0.991394 -0.0927498 -0.0924645 -2.83167 0.0720109 0.975758 -0.206694 1.38348 0.109393 0.198256 0.974036 2.25705
0.989831 -0.0872489 -0.112423 -2.83304 0.0622396 0.975865 -0.20936 1.43054 0.127976 0.200235 0.971362 2.36762
0.987995 -0.0836128 -0.129958 -2.83694 0.0551095 0.976325 -0.209198 1.47456 0.144372 0.199525 0.969209 2.42542
0.986131 -0.0779433 -0.146586 -2.84674 0.045994 0.976651 -0.209896 1.5143 0.159523 0.200244 0.966681 2.49957
0.983683 -0.0725582 -0.164679 -2.84321 0.0369546 0.977059 -0.209765 1.54411 0.17612 0.200256 0.963794 2.59022
0.980662 -0.0666692 -0.184054 -2.83593 0.0269691 0.977274 -0.210303 1.57115 0.193892 0.201273 0.960163 2.70322
0.977526 -0.0610609 -0.201817 -2.84042 0.0176249 0.977468 -0.210378 1.58638 0.210114 0.202093 0.956573 2.83444
0.974469 -0.0548795 -0.217755 -2.84581 0.00807264 0.977621 -0.210262 1.59934 0.22442 0.203137 0.953096 2.95552
0.971221 -0.0500957 -0.232887 -2.85184 3.62447e-05 0.977673 -0.210161 1.61006 0.238214 0.204104 0.949536 3.08636
0.967506 -0.044628 -0.248917 -2.8318 -0.00851912 0.978003 -0.208464 1.6192 0.252744 0.203811 0.945835 3.18831
0.965704 -0.0408438 -0.256447 -2.85629 -0.0135804 0.978263 -0.206953 1.63306 0.259323 0.203337 0.944155 3.24808
0.964845 -0.0364441 -0.260322 -2.8677 -0.0172052 0.979472 -0.200897 1.62983 0.262299 0.198314 0.944402 3.24849
0.964034 -0.033561 -0.263683 -2.87527 -0.0190237 0.980748 -0.194386 1.62529 0.265128 0.19241 0.944834 3.24614
0.963912 -0.0310365 -0.264448 -2.88586 -0.0200734 0.981896 -0.188412 1.62296 0.265507 0.186921 0.945829 3.24436
0.962667 -0.0293814 -0.269123 -2.904 -0.0225592 0.981936 -0.187905 1.62808 0.269779 0.18696 0.944613 3.38084
0.962793 -0.0257824 -0.269053 -2.90494 -0.0250164 0.982677 -0.183693 1.62271 0.269127 0.183589 0.94546 3.38746
0.96265 -0.0242886 -0.269695 -2.8878 -0.0256686 0.983306 -0.180184 1.62934 0.269566 0.180376 0.945954 3.41043
0.962482 -0.023873 -0.270343 -2.89502 -0.0255346 0.983751 -0.177789 1.62781 0.270192 0.178022 0.946222 3.5255
0.963974 -0.0224406 -0.265091 -2.90065 -0.0238735 0.985127 -0.170212 1.61554 0.264965 0.170407 0.949098 3.51396
0.963759 -0.0222126 -0.2659 -2.88704 -0.0240491 0.985254 -0.169481 1.62145 0.265742 0.169733 0.949004 3.63278
0.965151 -0.0237912 -0.260654 -2.91752 -0.0217235 0.985151 -0.170363 1.62938 0.260833 0.170087 0.9503 3.7937
0.966437 -0.0250773 -0.255732 -2.93561 -0.019441 0.98525 -0.170094 1.63275 0.256223 0.169357 0.951685 3.94864
0.968335 -0.0278345 -0.248147 -2.96216 -0.0153098 0.985289 -0.170268 1.63764 0.249232 0.168674 0.95366 4.09878
0.970305 -0.0300994 -0.240065 -2.98153 -0.0112332 0.98557 -0.168984 1.6368 0.241685 0.166663 0.955955 4.24331
0.971919 -0.0340735 -0.232892 -2.98928 -0.00594092 0.98561 -0.169 1.64051 0.235295 0.165636 0.957725 4.38927
0.973592 -0.0387523 -0.225048 -2.99186 0.000283169 0.985713 -0.168521 1.64372 0.228361 0.164007 0.959684 4.53228
0.975479 -0.0436799 -0.215778 -2.99822 0.00707576 0.985845 -0.167583 1.64539 0.22004 0.161945 0.961974 4.6755
0.977825 -0.0485882 -0.203787 -3.01359 0.0142565 0.985925 -0.166676 1.64624 0.209014 0.160074 0.964744 4.81922
0.980037 -0.0548489 -0.191168 -3.02669 0.0227945 0.985873 -0.166011 1.64683 0.19757 0.158337 0.967437 4.96745
0.982024 -0.0612524 -0.178631 -3.03543 0.0316917 0.985987 -0.163882 1.64321 0.186163 0.155274 0.970194 5.11191
0.983899 -0.0682982 -0.165254 -3.04361 0.0413591 0.986052 -0.161293 1.63894 0.173961 0.151859 0.972994 5.25647
0.985875 -0.0755853 -0.14957 -3.05937 0.0515681 0.986044 -0.158408 1.63465 0.159453 0.148457 0.976002 5.39158
0.987415 -0.0835949 -0.134367 -3.06839 0.0622037 0.985778 -0.156192 1.63232 0.14551 0.145866 0.978566 5.53798
0.988666 -0.0925753 -0.118338 -3.0772 0.0738794 0.985378 -0.153644 1.63062 0.130829 0.143159 0.981038 5.67568
0.989452 -0.102695 -0.102331 -3.08524 0.0865793 0.984731 -0.151109 1.62922 0.116283 0.140653 0.983229 5.81981
0.989912 -0.112957 -0.0857367 -3.09225 0.099413 0.983919 -0.14851 1.62981 0.101132 0.138488 0.985211 5.96803
0.989982 -0.123639 -0.0684253 -3.1015 0.112742 0.982992 -0.145059 1.62674 0.0851937 0.135889 0.987078 6.11767
0.989701 -0.134512 -0.0493513 -3.11871 0.126363 0.981798 -0.14192 1.62805 0.0675417 0.134221 0.988671 6.26226
0.988862 -0.145399 -0.0323574 -3.12557 0.139672 0.980571 -0.13784 1.62688 0.051768 0.131783 0.98995 6.41338
0.987591 -0.156315 -0.0163527 -3.13037 0.152778 0.979207 -0.133603 1.62728 0.0368958 0.129445 0.990925 6.56334
0.98601 -0.16679 3.42982e-05 -3.13943 0.165382 0.977641 -0.129974 1.63166 0.0216425 0.128159 0.991542 6.7135
0.983968 -0.177541 0.0180256 -3.16683 0.178398 0.976054 -0.124614 1.63057 0.00452951 0.125831 0.992067 6.8642
0.981847 -0.186934 0.0326605 -3.19373 0.189545 0.974384 -0.121142 1.63773 -0.00918045 0.125132 0.992122 7.01597
0.978357 -0.199101 0.0567127 -3.344 0.204457 0.972264 -0.113743 1.62561 -0.0324938 0.122875 0.991916 7.11493
0.975416 -0.207469 0.074526 -3.49598 0.214687 0.970779 -0.107355 1.60505 -0.0500774 0.120714 0.991448 7.05982
0.972359 -0.216025 0.0888288 -3.61075 0.224737 0.9689 -0.103747 1.59314 -0.0636541 0.120841 0.990655 6.96365
0.969205 -0.224506 0.101367 -3.71377 0.234406 0.96706 -0.0993797 1.57805 -0.0757183 0.120078 0.989898 6.85196
0.96624 -0.232137 0.111956 -3.80399 0.243071 0.965221 -0.0964535 1.56779 -0.0856711 0.120409 0.989048 6.73392
0.963636 -0.237965 0.121712 -3.88941 0.24978 0.963826 -0.0931511 1.55526 -0.0951445 0.120163 0.98821 6.62384
0.960894 -0.244835 0.129542 -3.96965 0.257221 0.962236 -0.0893217 1.53564 -0.10278 0.119148 0.98757 6.51494
0.960666 -0.245701 0.129574 -3.97347 0.258304 0.961748 -0.0913613 1.54456 -0.102172 0.121235 0.987377 6.51087
0.958889 -0.250549 0.133418 -4.04173 0.263571 0.960381 -0.0907677 1.53646 -0.105389 0.1222 0.986922 6.41199
0.957382 -0.255014 0.135743 -4.10549 0.268306 0.959086 -0.090519 1.52595 -0.107107 0.123079 0.986626 6.31199
0.955911 -0.259825 0.136996 -4.16419 0.273228 0.95775 -0.0900194 1.51506 -0.107817 0.12348 0.986501 6.2163
0.955108 -0.262367 0.137739 -4.22473 0.275918 0.956929 -0.0904775 1.50501 -0.108069 0.124418 0.986354 6.11992
0.955137 -0.264121 0.134151 -4.2008 0.277483 0.956247 -0.0929455 1.50978 -0.103731 0.125999 0.986622 6.09522
0.954648 -0.265347 0.135192 -4.21575 0.279468 0.955066 -0.0988703 1.51926 -0.102883 0.132165 0.985901 6.09499
0.955395 -0.264708 0.131125 -4.23944 0.27851 0.955119 -0.101115 1.51084 -0.098472 0.133122 0.986225 6.0376
0.956661 -0.26494 0.121021 -4.20962 0.277696 0.954985 -0.104488 1.51253 -0.0878907 0.133564 0.987162 5.97202
0.958028 -0.264237 0.111377 -4.2261 0.275883 0.955275 -0.106694 1.49991 -0.0782017 0.132941 0.988064 5.89873
0.959347 -0.262749 0.103232 -4.24086 0.273508 0.955645 -0.109386 1.4872 -0.0699133 0.133171 0.988651 5.82606
0.960532 -0.258836 0.102115 -4.2888 0.269959 0.955811 -0.116587 1.48555 -0.0674238 0.139551 0.987948 5.73559
0.961143 -0.260568 0.0913746 -4.31865 0.270346 0.955355 -0.119331 1.47755 -0.0562021 0.139394 0.988668 5.65611
0.962453 -0.258531 0.0830035 -4.33924 0.26742 0.955498 -0.12472 1.47217 -0.0470647 0.142232 0.988745 5.58285
0.963841 -0.255978 0.0743445 -4.36356 0.263891 0.955678 -0.130656 1.46625 -0.0376054 0.145547 0.988664 5.51334
0.965167 -0.253603 0.0646785 -4.38143 0.260296 0.955895 -0.136217 1.459 -0.0272801 0.148306 0.988596 5.44388
0.966741 -0.249796 0.0552779 -4.38507 0.255232 0.95655 -0.141067 1.44687 -0.0176391 0.150481 0.988483 5.38334
0.968073 -0.246504 0.0460033 -4.3991 0.25064 0.956888 -0.146935 1.43887 -0.00779914 0.153772 0.988107 5.32231
0.969326 -0.243092 0.0368183 -4.40978 0.245859 0.957248 -0.152512 1.4287 0.00182908 0.156882 0.987644 5.26332
0.970739 -0.238503 0.0287592 -4.41394 0.240025 0.957967 -0.157262 1.41262 0.00995753 0.159561 0.98717 5.21296
0.972216 -0.233196 0.0213923 -4.42163 0.233511 0.958508 -0.163603 1.40023 0.0176457 0.16405 0.986322 5.1621
0.973186 -0.229719 0.0135473 -4.42949 0.228589 0.95826 -0.171843 1.39651 0.0264939 0.17033 0.985063 5.11313
0.974312 -0.225209 0.00624566 -4.43377 0.222679 0.9584 -0.178646 1.38681 0.0342454 0.175444 0.983922 5.06448
0.97553 -0.219964 0.00133313 -4.44787 0.216402 0.958607 -0.185173 1.37313 0.0394531 0.180928 0.982737 5.02916
0.97625 -0.216686 -0.00501508 -4.45112 0.211709 0.958264 -0.192202 1.36228 0.0464518 0.186572 0.981371 4.98659
0.977587 -0.21045 -0.00890975 -4.4657 0.204668 0.95902 -0.196056 1.33718 0.0498044 0.189836 0.980584 4.95675
0.978708 -0.204992 -0.0123408 -4.47714 0.19844 0.959464 -0.200205 1.30884 0.0528795 0.193489 0.979705 4.9299
0.979706 -0.200082 -0.0137106 -4.50113 0.19299 0.959155 -0.206934 1.29113 0.0545539 0.200085 0.978291 4.9077
0.980762 -0.19458 -0.0169403 -4.50986 0.186621 0.959151 -0.212681 1.27031 0.0576303 0.205424 0.977003 4.88677
0.981655 -0.189707 -0.0202485 -4.51847 0.180791 0.958876 -0.218902 1.2557 0.0609426 0.211222 0.975569 4.86489
0.982288 -0.186058 -0.0231587 -4.52489 0.176147 0.958085 -0.226005 1.24244 0.0642365 0.217919 0.973879 4.84322
0.9831 -0.181548 -0.0245371 -4.54235 0.170845 0.956893 -0.234978 1.23798 0.0661384 0.226812 0.971723 4.82821
0.983872 -0.177013 -0.0265718 -4.55501 0.165446 0.955963 -0.242477 1.22773 0.0683218 0.234166 0.969822 4.81233
0.984709 -0.171969 -0.0286796 -4.56706 0.159456 0.954863 -0.250715 1.2228 0.0704996 0.242304 0.967669 4.79937
0.98551 -0.16713 -0.0297034 -4.58532 0.153948 0.9537 -0.258435 1.21588 0.0715187 0.250113 0.9656 4.78863
0.98631 -0.162083 -0.0311265 -4.60032 0.148158 0.952605 -0.265783 1.20885 0.0727296 0.257529 0.963563 4.78222
0.986865 -0.158149 -0.0336323 -4.61328 0.143148 0.951309 -0.273043 1.20178 0.0751747 0.264638 0.961442 4.7704
0.987307 -0.154721 -0.0365293 -4.6255 0.138457 0.949783 -0.280695 1.19765 0.0781236 0.27207 0.959134 4.75621
0.987805 -0.150685 -0.0397186 -4.63932 0.133121 0.948462 -0.28763 1.19038 0.0810116 0.278831 0.956946 4.73711
0.988269 -0.146852 -0.0425193 -4.65998 0.128023 0.946933 -0.294915 1.18478 0.0835709 0.286008 0.95461 4.72256
0.988638 -0.143388 -0.0455922 -4.68172 0.123241 0.945534 -0.301345 1.17598 0.0863165 0.292297 0.952453 4.70083
0.98902 -0.139804 -0.0483976 -4.70967 0.118452 0.944285 -0.307152 1.16632 0.0886413 0.298043 0.950462 4.67927
0.989324 -0.136387 -0.0517665 -4.7333 0.113641 0.943028 -0.312756 1.15775 0.0914712 0.303529 0.94845 4.6569
0.989528 -0.133405 -0.0555547 -4.75916 0.109164 0.941958 -0.317563 1.14338 0.0946935 0.308168 0.946642 4.63094
0.989714 -0.130607 -0.0587435 -4.79077 0.104951 0.94057 -0.323028 1.13517 0.0974403 0.313535 0.944593 4.60718
0.989961 -0.126967 -0.0624998 -4.8209 0.100011 0.940154 -0.325814 1.11762 0.100126 0.316288 0.943399 4.5824
0.990057 -0.124092 -0.0665718 -4.84671 0.0956022 0.939393 -0.329295 1.10429 0.103398 0.319651 0.941906 4.5546
0.990154 -0.121325 -0.0701761 -4.87772 0.0916142 0.939167 -0.331087 1.08468 0.106075 0.321393 0.941021 4.53089
0.990222 -0.119354 -0.0725063 -4.91413 0.0886956 0.938534 -0.333648 1.06929 0.10787 0.323949 0.939935 4.50707
0.990188 -0.117487 -0.075994 -4.94103 0.0855876 0.938229 -0.335335 1.05651 0.110696 0.325536 0.939063 4.47989
0.989967 -0.116694 -0.0799476 -4.95978 0.0834364 0.938119 -0.336161 1.03883 0.114226 0.326113 0.938435 4.44047
0.9896 -0.116337 -0.0848918 -4.9713 0.0814992 0.938378 -0.335934 1.01632 0.11874 0.325517 0.938086 4.39829
0.989296 -0.117736 -0.0864679 -4.99761 0.0820959 0.93773 -0.337575 1.01069 0.120826 0.326857 0.937349 4.37053
0.988876 -0.119584 -0.0887253 -5.01243 0.0830638 0.937546 -0.33787 1.00085 0.123586 0.326737 0.937035 4.32656
0.988478 -0.122414 -0.0892783 -5.03099 0.0856279 0.93748 -0.337392 0.98906 0.124996 0.325855 0.937151 4.30554
0.988187 -0.125171 -0.0887032 -5.05466 0.0884304 0.937223 -0.337405 0.982488 0.125366 0.32557 0.937205 4.26797
0.98781 -0.129778 -0.0862216 -5.07929 0.0939342 0.937539 -0.335012 0.970869 0.124311 0.322823 0.938291 4.20069
0.9875 -0.134758 -0.0820681 -5.10627 0.100515 0.938231 -0.331163 0.956954 0.121624 0.31877 0.940032 4.13271
0.987267 -0.139122 -0.0774369 -5.12941 0.106858 0.939491 -0.325537 0.934614 0.118038 0.313111 0.942385 4.06303
0.986597 -0.146236 -0.0727491 -5.1422 0.115794 0.940365 -0.319933 0.916756 0.115194 0.307216 0.944677 4.00456
0.985866 -0.154396 -0.0653982 -5.16351 0.126753 0.941558 -0.312151 0.899167 0.109769 0.299444 0.947811 3.91923
0.984886 -0.163878 -0.0565231 -5.18193 0.139563 0.942988 -0.302238 0.871527 0.102829 0.289777 0.951589 3.84619
0.983659 -0.174298 -0.0456354 -5.20131 0.153718 0.943977 -0.292086 0.85114 0.0939868 0.280293 0.955334 3.753
0.982042 -0.185919 -0.0328495 -5.22376 0.169486 0.944797 -0.280506 0.828411 0.0831862 0.269897 0.959324 3.65475
0.980005 -0.198217 -0.0186461 -5.24928 0.186122 0.945374 -0.267701 0.804237 0.0706886 0.258873 0.963353 3.55991
0.977498 -0.211027 -0.00414185 -5.26966 0.203164 0.946026 -0.252607 0.771224 0.0572243 0.246077 0.967595 3.4542
0.974363 -0.224759 0.0121639 -5.29615 0.221126 0.945702 -0.238304 0.747153 0.0420559 0.234879 0.971146 3.34929
0.970612 -0.239082 0.0283806 -5.31966 0.239282 0.944863 -0.223672 0.725031 0.0266601 0.223886 0.974286 3.23718
0.966363 -0.253397 0.0445118 -5.34148 0.25706 0.943866 -0.207543 0.697737 0.0105762 0.212 0.977245 3.12558
0.96136 -0.268624 0.060685 -5.36352 0.27533 0.942304 -0.190546 0.666845 -0.00599817 0.199888 0.979836 3.00914
0.955619 -0.284232 0.0778031 -5.39325 0.293756 0.939782 -0.174802 0.644056 -0.0234348 0.189895 0.981557 2.89801
0.949966 -0.298261 0.0930652 -5.41525 0.309867 0.937545 -0.158252 0.61769 -0.0400515 0.179168 0.983039 2.77226
0.943347 -0.31359 0.108664 -5.44033 0.326927 0.934411 -0.141541 0.585173 -0.0571519 0.169044 0.983983 2.64246
0.936203 -0.328815 0.124346 -5.46952 0.343535 0.930799 -0.125099 0.556485 -0.074605 0.159832 0.984358 2.50804
0.928948 -0.343362 0.138591 -5.4946 0.358882 0.927053 -0.108703 0.527849 -0.0911573 0.150714 0.984398 2.37836
0.921726 -0.357066 0.151602 -5.51911 0.372927 0.923229 -0.0928794 0.495866 -0.106797 0.142142 0.984105 2.25258
0.914745 -0.369956 0.162558 -5.53796 0.385883 0.919126 -0.0796312 0.474565 -0.119951 0.135567 0.983513 2.14261
0.907249 -0.384302 0.171085 -5.55533 0.399733 0.91428 -0.0660217 0.447428 -0.131045 0.128283 0.983079 2.01833
0.900426 -0.395827 0.180568 -5.57669 0.410642 0.910326 -0.0521564 0.415668 -0.143731 0.121109 0.982212 1.91715
0.894128 -0.406133 0.188815 -5.59688 0.420257 0.906545 -0.0401619 0.389647 -0.154855 0.115257 0.981229 1.81715
0.888725 -0.415051 0.194814 -5.61237 0.428317 0.903161 -0.0297472 0.363639 -0.163602 0.109876 0.980422 1.70977
0.887536 -0.415202 0.199871 -5.63174 0.427642 0.90372 -0.0216081 0.341816 -0.171652 0.104648 0.979623 1.60902
0.886977 -0.415412 0.201881 -5.63014 0.42692 0.904185 -0.0151314 0.318683 -0.176252 0.0996056 0.979326 1.55506
0.885944 -0.416446 0.204297 -5.6509 0.427321 0.904073 -0.0101908 0.29927 -0.180452 0.0963258 0.978895 1.46785
0.885301 -0.417142 0.205635 -5.669 0.427502 0.904013 -0.00662772 0.279596 -0.183131 0.0937743 0.97864 1.38137
0.884973 -0.41794 0.205455 -5.67645 0.427913 0.903839 -0.00456352 0.261997 -0.183787 0.0919522 0.978695 1.33457
0.884966 -0.418301 0.204721 -5.68379 0.428057 0.903767 -0.00374063 0.245896 -0.183455 0.09094 0.978847 1.2887
0.884829 -0.418599 0.204733 -5.69386 0.428618 0.903503 -0.00510746 0.239915 -0.182836 0.0922686 0.978844 1.28339
0.885258 -0.418548 0.202946 -5.69709 0.428458 0.903567 -0.00545403 0.224912 -0.181092 0.0917793 0.979208 1.24358
0.885332 -0.418875 0.201978 -5.70802 0.42894 0.90334 -0.00676408 0.217155 -0.179618 0.0926217 0.979407 1.23365
0.885514 -0.419081 0.200716 -5.71577 0.429282 0.903156 -0.00815325 0.206 -0.17786 0.0933809 0.979649 1.20137
0.885677 -0.419255 0.199661 -5.7235 0.429594 0.903004 -0.00947795 0.194917 -0.176318 0.0941648 0.979859 1.16904
0.885781 -0.419155 0.199381 -5.73219 0.429721 0.902919 -0.0108986 0.187844 -0.175456 0.0953295 0.979895 1.15956
0.885908 -0.418966 0.199245 -5.74286 0.429623 0.902967 -0.0115093 0.177379 -0.175086 0.0957935 0.979922 1.13827
0.885577 -0.419568 0.199419 -5.75235 0.430409 0.902572 -0.0123686 0.171039 -0.1748 0.0967823 0.97987 1.11394
0.885111 -0.420175 0.200237 -5.76019 0.431171 0.902212 -0.0127168 0.165478 -0.175309 0.0975891 0.979705 1.09058
0.885047 -0.419573 0.201747 -5.76645 0.430382 0.902604 -0.0108857 0.154364 -0.17753 0.0964599 0.979411 1.05391
0.884442 -0.419886 0.203767 -5.76773 0.430504 0.902579 -0.00870816 0.148215 -0.180256 0.0954215 0.979021 1.03318
0.883585 -0.42009 0.207013 -5.76785 0.430416 0.902637 -0.00539593 0.142305 -0.18459 0.0938667 0.978358 1.01158
0.882462 -0.420187 0.211583 -5.76694 0.430073 0.902826 -0.000790759 0.137922 -0.190687 0.0916911 0.977401 0.997422
0.880841 -0.420501 0.217603 -5.76932 0.429754 0.902953 0.00528958 0.133248 -0.198709 0.0888539 0.976058 0.976175
0.879155 -0.42017 0.224963 -5.76578 0.428447 0.903504 0.0131344 0.1316 -0.20877 0.0848348 0.97432 0.963642
0.876902 -0.420272 0.233384 -5.76603 0.427252 0.903879 0.0223697 0.128596 -0.220351 0.0800953 0.972162 0.946424
0.87392 -0.420883 0.243282 -5.7659 0.426212 0.904054 0.0329912 0.127377 -0.233821 0.0748555 0.969436 0.937956
0.870217 -0.422764 0.253076 -5.75691 0.425768 0.903705 0.0456287 0.125866 -0.247995 0.0680425 0.966405 0.928932
0.865912 -0.424186 0.265194 -5.75654 0.424577 0.903509 0.0588629 0.124695 -0.264568 0.0616228 0.962438 0.929912
0.861775 -0.425973 0.275581 -5.73786 0.42323 0.903138 0.072527 0.126635 -0.279781 0.0541302 0.958574 0.929625
0.857113 -0.425698 0.290178 -5.74443 0.419128 0.90371 0.0877657 0.129056 -0.299592 0.0463945 0.952982 0.932663
0.850293 -0.430922 0.302266 -5.73897 0.418696 0.901736 0.107744 0.114461 -0.31899 0.0349421 0.947152 0.84579
0.844609 -0.434234 0.313277 -5.73107 0.417136 0.900449 0.123495 0.113043 -0.335708 0.0263721 0.941641 0.843152
0.838658 -0.437662 0.324287 -5.72982 0.415335 0.898984 0.139169 0.110512 -0.352434 0.0179712 0.935703 0.837503
0.832755 -0.441509 0.334149 -5.72935 0.413644 0.897243 0.154649 0.107832 -0.368083 0.00943258 0.929789 0.825457
0.826787 -0.445573 0.343432 -5.73025 0.411996 0.89527 0.169696 0.104156 -0.383072 0.00118916 0.923758 0.809559
0.820901 -0.450483 0.351074 -5.72808 0.411066 0.892793 0.184414 0.0995806 -0.396502 -0.00707227 0.918052 0.786253
0.815327 -0.455535 0.357473 -5.7332 0.409995 0.890103 0.199166 0.0913941 -0.40891 -0.015824 0.912478 0.75361
0.810546 -0.46017 0.36239 -5.73379 0.408922 0.887543 0.212397 0.0835762 -0.419365 -0.0239693 0.907547 0.715008
0.806239 -0.464712 0.366167 -5.74092 0.407854 0.884906 0.225037 0.073438 -0.428596 -0.0320907 0.902967 0.674198
0.802869 -0.469208 0.367849 -5.74735 0.406967 0.882191 0.237026 0.059621 -0.435717 -0.040599 0.899214 0.61362
0.800656 -0.472855 0.367988 -5.75866 0.405756 0.879802 0.247702 0.0440917 -0.440879 -0.0490112 0.896269 0.54811
0.799491 -0.476137 0.366299 -5.76978 0.404844 0.877545 0.257062 0.0288749 -0.443829 -0.0572249 0.89433 0.486948
0.799186 -0.4795 0.362548 -5.78405 0.404984 0.875175 0.26477 0.0124654 -0.444245 -0.0647739 0.893603 0.437305
0.801242 -0.48049 0.356663 -5.79747 0.403687 0.87401 0.270568 -0.00392229 -0.441721 -0.0728103 0.894241 0.390004
0.805175 -0.480913 0.347096 -5.81125 0.403024 0.87302 0.274693 -0.0225847 -0.43512 -0.0812872 0.896738 0.303579
0.810102 -0.480838 0.335557 -5.82893 0.403071 0.872314 0.27689 -0.0438925 -0.425839 -0.0890553 0.900454 0.195765
0.816163 -0.479633 0.32232 -5.8477 0.402648 0.872092 0.278172 -0.0664904 -0.414508 -0.0972514 0.904877 0.0813794
0.822648 -0.478356 0.3074 -5.86817 0.403016 0.871902 0.278264 -0.0920704 -0.401121 -0.105026 0.910032 -0.0422042
0.829865 -0.476423 0.290526 -5.88762 0.403807 0.872052 0.276611 -0.116691 -0.385133 -0.112233 0.916054 -0.169216
0.837605 -0.473528 0.272506 -5.90943 0.404223 0.872695 0.273995 -0.141503 -0.367549 -0.119346 0.922362 -0.305878
0.84334 -0.471627 0.257697 -5.93635 0.406043 0.873268 0.269413 -0.153522 -0.352096 -0.122569 0.927947 -0.312205
0.85107 -0.467795 0.238577 -5.96325 0.406473 0.874514 0.264711 -0.176223 -0.33246 -0.128311 0.934396 -0.434349
0.8585 -0.463913 0.218689 -5.98708 0.407099 0.875741 0.259616 -0.19818 -0.31195 -0.133851 0.940667 -0.559085
0.865747 -0.459448 0.198646 -6.01007 0.407191 0.877251 0.254351 -0.216544 -0.291115 -0.139315 0.946537 -0.661071
0.872691 -0.454381 0.178918 -6.03377 0.406926 0.879188 0.247977 -0.234183 -0.269975 -0.143599 0.952143 -0.761876
0.87956 -0.448382 0.159369 -6.05577 0.405859 0.881706 0.240711 -0.246096 -0.248439 -0.147037 0.957469 -0.824994
0.885273 -0.443442 0.140414 -6.07721 0.405563 0.883687 0.233817 -0.258604 -0.227762 -0.150043 0.96213 -0.911993
0.890831 -0.438169 0.120411 -6.09089 0.404964 0.885726 0.227072 -0.269403 -0.206141 -0.153519 0.966451 -0.986342
0.895581 -0.433357 0.101003 -6.10169 0.404551 0.887501 0.220763 -0.279867 -0.185307 -0.156848 0.970125 -1.05181
0.899866 -0.428189 0.0834663 -6.11391 0.403537 0.889708 0.21365 -0.286312 -0.165738 -0.158572 0.973384 -1.10072
0.903708 -0.422891 0.0673797 -6.12338 0.401922 0.891928 0.207309 -0.290621 -0.147765 -0.160264 0.975994 -1.13596
0.907112 -0.417472 0.0541847 -6.13848 0.399558 0.894337 0.20145 -0.296173 -0.132555 -0.161086 0.978045 -1.16405
0.910239 -0.412003 0.0422291 -6.1478 0.396884 0.896863 0.195383 -0.298881 -0.11837 -0.161084 0.979859 -1.18432
0.912889 -0.407006 0.0324167 -6.15561 0.394135 0.899179 0.190269 -0.303336 -0.106585 -0.160916 0.981243 -1.2015
0.91557 -0.401451 0.0251658 -6.16338 0.390437 0.902008 0.184379 -0.302971 -0.096717 -0.158984 0.982575 -1.20643
0.917601 -0.397112 0.0195622 -6.17149 0.387558 0.904345 0.178957 -0.303971 -0.0887534 -0.156628 0.983709 -1.22221
0.919411 -0.393084 0.0152975 -6.17606 0.384669 0.906505 0.174167 -0.303152 -0.0823279 -0.154245 0.984639 -1.23596
0.921137 -0.389118 0.0128373 -6.18128 0.381519 0.908741 0.169416 -0.302814 -0.0775851 -0.151155 0.985508 -1.24998
0.922623 -0.385616 0.0115067 -6.18248 0.378621 0.910804 0.164735 -0.302572 -0.0740032 -0.14763 0.986313 -1.26036
0.924093 -0.382095 0.0113061 -6.18279 0.375555 0.913001 0.159547 -0.300672 -0.0712817 -0.143189 0.987172 -1.26145
0.925603 -0.378364 0.0128331 -6.18851 0.372016 0.915313 0.154476 -0.301846 -0.0701932 -0.138208 0.987955 -1.2677
0.927098 -0.374645 0.0142472 -6.18645 0.368517 0.917611 0.149177 -0.299738 -0.0689587 -0.13305 0.988755 -1.27944
0.928799 -0.37029 0.0168369 -6.18935 0.364291 0.920258 0.143087 -0.297295 -0.0684765 -0.126764 0.989609 -1.29366
0.930565 -0.365712 0.0193798 -6.18847 0.359878 0.922967 0.136703 -0.29621 -0.0678778 -0.120235 0.990469 -1.30942
0.932146 -0.361506 0.0219664 -6.19196 0.355798 0.925381 0.130895 -0.284376 -0.0676453 -0.114197 0.991195 -1.32926
0.934081 -0.356354 0.024016 -6.18642 0.350948 0.928242 0.123572 -0.263258 -0.0663249 -0.106997 0.992092 -1.34465
0.936273 -0.35026 0.0278553 -6.1792 0.345026 0.931477 0.115605 -0.224461 -0.0664371 -0.0986265 0.992947 -1.33625
0.93858 -0.343712 0.0316488 -6.16905 0.338718 0.934807 0.107112 -0.195088 -0.0663982 -0.0898122 0.99379 -1.31439
0.940979 -0.336737 0.0351052 -6.15787 0.332119 0.938225 0.0973971 -0.169556 -0.0657326 -0.0799894 0.994668 -1.29351
0.943849 -0.328103 0.0396253 -6.15287 0.323863 0.942144 0.0868689 -0.151462 -0.0658317 -0.0691576 0.995478 -1.27078
0.946671 -0.319405 0.0431496 -6.14788 0.315696 0.94588 0.075524 -0.127446 -0.0649357 -0.0578744 0.996253 -1.20246
0.950327 -0.30769 0.0477475 -6.14712 0.304571 0.950449 0.0628689 -0.110265 -0.0647226 -0.0452036 0.996926 -1.18313
0.953278 -0.298366 0.0480493 -6.13235 0.296124 0.953941 0.048613 -0.0899558 -0.0603394 -0.0321137 0.997705 -1.10385
0.956519 -0.287771 0.0483057 -6.12597 0.286355 0.957549 0.0341813 -0.075344 -0.0560886 -0.0188631 0.998295 -1.05086
0.959993 -0.276116 0.0473768 -6.12089 0.275562 0.961146 0.0179589 -0.0585533 -0.0504937 -0.00418627 0.99876 -0.951138
0.963348 -0.264769 0.043973 -6.10781 0.264972 0.964291 0.00125062 -0.0446738 -0.0427313 0.0104456 0.99908 -0.847488
0.966696 -0.253151 0.0385531 -6.08845 0.253901 0.967129 -0.0159472 -0.0319998 -0.0332479 0.025203 0.999175 -0.741522
0.970027 -0.240888 0.0331285 -6.07257 0.241959 0.969748 -0.0333963 -0.0214989 -0.0240793 0.0404092 0.998943 -0.627969
0.973155 -0.228633 0.0277335 -6.06207 0.229819 0.971861 -0.0522478 -0.00652455 -0.015007 0.0572164 0.998296 -0.50475
0.976447 -0.214868 0.0214638 -6.05143 0.215857 0.973953 -0.0699454 -0.00177613 -0.00587391 0.0729285 0.99737 -0.381179
0.979279 -0.20222 0.0139826 -6.03629 0.202662 0.975382 -0.0872865 0.00316762 0.00401289 0.0883084 0.996132 -0.255363
0.981933 -0.189363 0.00522264 -6.01955 0.18885 0.976365 -0.105443 0.0131116 0.0148691 0.104521 0.994462 -0.106737
0.984179 -0.177356 -0.00357305 -6.00531 0.175569 0.976745 -0.123311 0.0241903 0.0253596 0.120728 0.99241 0.0308786
0.986274 -0.164885 -0.0125096 -5.99299 0.161537 0.976887 -0.140245 0.0324692 0.0353456 0.136295 0.990088 0.162641
0.988219 -0.151845 -0.0210609 -5.98294 0.146753 0.976768 -0.156365 0.0373609 0.0443143 0.151427 0.987523 0.278827
0.989475 -0.141523 -0.03148 -5.96136 0.134102 0.975912 -0.172293 0.0465114 0.0551055 0.166254 0.984593 0.389455
0.990434 -0.132207 -0.0404715 -5.94427 0.122457 0.974692 -0.187196 0.0563338 0.064195 0.180444 0.981537 0.486669
0.991067 -0.123997 -0.049905 -5.92568 0.111534 0.972949 -0.202494 0.0727929 0.0736636 0.195114 0.978062 0.581258
0.991693 -0.114906 -0.0584667 -5.90969 0.0997255 0.971096 -0.217004 0.0881107 0.0817105 0.209365 0.974468 0.670171
0.991964 -0.10718 -0.0678306 -5.88638 0.0890631 0.969335 -0.229195 0.100095 0.0903153 0.221306 0.971066 0.751411
0.992227 -0.100003 -0.0745905 -5.87066 0.0794457 0.967482 -0.240275 0.110213 0.0961912 0.232475 0.967885 0.825408
0.99242 -0.0922938 -0.0816416 -5.85359 0.069427 0.966218 -0.248348 0.111675 0.101804 0.240791 0.965276 0.889763
0.99238 -0.0871598 -0.0875358 -5.83432 0.0621792 0.964783 -0.255719 0.118451 0.106739 0.248321 0.962831 0.946704
0.992327 -0.0828068 -0.0922685 -5.8161 0.0561721 0.963785 -0.260839 0.123444 0.110525 0.253648 0.961015 0.993058
0.992229 -0.0794495 -0.0961744 -5.8004 0.0514709 0.963035 -0.264536 0.126724 0.113634 0.257523 0.959619 1.03632
0.992528 -0.0758914 -0.0959823 -5.79884 0.047896 0.962819 -0.266008 0.128749 0.1126 0.259416 0.959233 1.06111
0.992655 -0.0735077 -0.0965013 -5.79631 0.0453904 0.962803 -0.266486 0.129481 0.112498 0.260141 0.959047 1.07829
0.99275 -0.0710609 -0.0973687 -5.78936 0.0428572 0.963083 -0.265911 0.128374 0.112669 0.259804 0.95912 1.09124
0.992775 -0.0693168 -0.0983493 -5.78351 0.0410591 0.963513 -0.264618 0.126861 0.113101 0.25866 0.959376 1.10261
0.992812 -0.0682247 -0.098753 -5.78278 0.04006 0.963944 -0.263213 0.125482 0.113149 0.257358 0.959722 1.10967
0.992832 -0.0671365 -0.0992845 -5.78083 0.0391203 0.964568 -0.261043 0.124519 0.11329 0.255281 0.960259 1.11382
0.992858 -0.0666288 -0.0993795 -5.77956 0.038836 0.965116 -0.25907 0.124072 0.113173 0.253354 0.960784 1.12115
0.992875 -0.0661187 -0.0995297 -5.774 0.0385593 0.965709 -0.256874 0.125548 0.113099 0.251199 0.961357 1.13017
0.992878 -0.0664795 -0.09928 -5.76974 0.0391574 0.966102 -0.255317 0.126392 0.112887 0.249605 0.961799 1.14114
0.992851 -0.066516 -0.0995092 -5.7608 0.0393419 0.966556 -0.253549 0.126613 0.113044 0.247814 0.962242 1.15568
0.992833 -0.0666556 -0.0996124 -5.75245 0.0395919 0.96686 -0.252366 0.126611 0.113132 0.246607 0.962543 1.17153
0.992803 -0.0669664 -0.0996886 -5.74395 0.0399362 0.966977 -0.251844 0.127233 0.113259 0.246043 0.962671 1.19025
0.992801 -0.0663406 -0.100138 -5.73161 0.039294 0.967181 -0.251179 0.123766 0.113514 0.24543 0.962799 1.20992
0.992809 -0.0654908 -0.100598 -5.72204 0.0383526 0.967218 -0.251164 0.116054 0.113747 0.245492 0.962754 1.23139
0.992597 -0.0648816 -0.103074 -5.69729 0.036803 0.966543 -0.253999 0.118385 0.116104 0.248319 0.961749 1.26255
0.992404 -0.0621818 -0.10653 -5.66849 0.0329631 0.96595 -0.25675 0.115032 0.118865 0.251281 0.960641 1.28803
0.992091 -0.0599617 -0.11065 -5.64243 0.0291692 0.964848 -0.26133 0.11027 0.122429 0.256029 0.95894 1.32825
0.991595 -0.0569326 -0.116528 -5.60081 0.0237741 0.963094 -0.268236 0.108791 0.127496 0.263204 0.956332 1.37024
0.990816 -0.0539879 -0.12431 -5.54867 0.0175418 0.960636 -0.277394 0.11085 0.134391 0.272659 0.952734 1.41521
0.989843 -0.049601 -0.133533 -5.48969 0.00929521 0.957943 -0.286924 0.105542 0.142146 0.282761 0.948654 1.4644
0.988672 -0.0468061 -0.142901 -5.42505 0.00198758 0.954341 -0.298842 0.104908 0.150362 0.295165 0.943597 1.51718
0.987315 -0.0427292 -0.15318 -5.34977 -0.00721435 0.950233 -0.311563 0.102842 0.158866 0.308707 0.937852 1.56962
0.985667 -0.038065 -0.164612 -5.26232 -0.0175961 0.9459 -0.324098 0.0963875 0.168042 0.322341 0.931647 1.6214
0.983889 -0.034002 -0.175749 -5.16734 -0.0277527 0.940983 -0.337416 0.0933146 0.176846 0.336848 0.924859 1.6735
0.982253 -0.0300868 -0.185362 -5.07802 -0.03748 0.935847 -0.350518 0.0836215 0.184014 0.351236 0.918086 1.73036
0.979779 -0.0250125 -0.198723 -4.95822 -0.0496794 0.930851 -0.362101 0.0691485 0.194034 0.36464 0.910766 1.78755
0.977506 -0.0210831 -0.210056 -4.84109 -0.0605853 0.925166 -0.3748 0.061541 0.202236 0.379087 0.903053 1.84704
0.975034 -0.0161099 -0.22166 -4.71645 -0.0724586 0.919861 -0.385584 0.0624446 0.210103 0.392008 0.895708 1.90647
0.972425 -0.0114406 -0.233125 -4.83997 -0.0843287 0.914143 -0.396623 0.101845 0.217644 0.405335 0.887945 1.87278
0.970425 -0.00763248 -0.241454 -4.98038 -0.0939649 0.908896 -0.406385 0.12503 0.222553 0.417042 0.881279 1.82585
0.968049 -0.00327958 -0.250917 -5.10768 -0.104256 0.904308 -0.41405 0.138141 0.22826 0.426969 0.875047 1.78
0.965966 -0.000205566 -0.258833 -5.23029 -0.1128 0.899738 -0.421686 0.157309 0.232963 0.436518 0.869073 1.72246
0.963925 0.00412323 -0.26631 -5.34734 -0.12178 0.896095 -0.426922 0.165311 0.236874 0.44394 0.864246 1.6673
0.962412 0.00815735 -0.271627 -5.46795 -0.128933 0.893618 -0.429993 0.165105 0.239217 0.448839 0.861061 1.61201
0.961512 0.0102321 -0.274735 -5.58533 -0.133205 0.891546 -0.432991 0.171522 0.240504 0.45291 0.858571 1.55528
0.960658 0.0134774 -0.277557 -5.68972 -0.138032 0.890058 -0.434527 0.176941 0.24118 0.455731 0.856883 1.50116
0.960066 0.0159471 -0.279476 -5.7871 -0.140953 0.890144 -0.433422 0.173922 0.241857 0.455495 0.856821 1.44891
0.959864 0.0195217 -0.279937 -5.87478 -0.143543 0.89137 -0.430029 0.169916 0.241127 0.452939 0.858377 1.39865
0.959781 0.0239839 -0.279881 -5.95122 -0.145853 0.894095 -0.423555 0.163854 0.240077 0.44733 0.861611 1.34132
0.96055 0.0283883 -0.276806 -6.03014 -0.145719 0.898814 -0.413486 0.150203 0.237053 0.437497 0.867474 1.28087
0.962232 0.0315045 -0.270564 -6.10986 -0.142652 0.904496 -0.402014 0.135906 0.232054 0.425416 0.874806 1.22186
0.964377 0.0335681 -0.262552 -6.18584 -0.137995 0.910245 -0.39049 0.123049 0.225873 0.412799 0.882432 1.18311
0.966954 0.0354741 -0.252646 -6.25347 -0.131663 0.917638 -0.375079 0.103404 0.218528 0.395938 0.891961 1.13131
0.969747 0.0379813 -0.241313 -6.3158 -0.125181 0.925571 -0.357379 0.0798303 0.209773 0.376764 0.902305 1.08222
0.97266 0.0388661 -0.229152 -6.37158 -0.117149 0.933535 -0.338924 0.0602414 0.200745 0.356494 0.91254 1.03958
0.975374 0.0407753 -0.216952 -6.4184 -0.110066 0.941773 -0.317836 0.0363242 0.191355 0.333878 0.923049 1.00053
0.978328 0.0411035 -0.203163 -6.46269 -0.101534 0.949559 -0.296832 0.0175725 0.180712 0.311018 0.933127 0.967207
0.981159 0.0400724 -0.189228 -6.49879 -0.092168 0.956985 -0.275238 0.000654545 0.170055 0.287484 0.942627 0.936518
0.983882 0.0391393 -0.174743 -6.53128 -0.0833159 0.963853 -0.253234 -0.012961 0.158512 0.263704 0.951551 0.912815
0.986369 0.0380873 -0.160348 -6.55775 -0.0748959 0.970282 -0.230247 -0.0279057 0.14681 0.23911 0.959888 0.899953
0.988661 0.0355452 -0.146205 -6.57809 -0.0657912 0.976038 -0.207616 -0.0381621 0.135319 0.214874 0.967282 0.88525
0.990831 0.0333052 -0.131263 -6.59691 -0.057542 0.981005 -0.185444 -0.0449907 0.12259 0.19129 0.973906 0.874433
0.992658 0.0301716 -0.11752 -6.60756 -0.0494655 0.985106 -0.164931 -0.0459629 0.110792 0.169528 0.979338 0.867831
0.994154 0.0270652 -0.104935 -6.61195 -0.0421633 0.988648 -0.144459 -0.0473783 0.0998319 0.148033 0.983988 0.873041
0.995471 0.0229817 -0.0927352 -6.61159 -0.0345605 0.99156 -0.12529 -0.0460222 0.0890722 0.127923 0.987836 0.877623
0.996527 0.0197992 -0.0814241 -6.61248 -0.0285305 0.99383 -0.107515 -0.0464681 0.0787911 0.10946 0.990921 0.876575
