1 0 0 0 0 1 0 0 0 0 1 0
0.999861 -0.00413483 0.0161696 0.0377969 0.00433555 0.999913 -0.0124001 -0.0338204 -0.0161168 0.0124684 0.999792 -0.119294
0.999368 -0.00614256 0.0350247 0.0407034 0.00694083 0.999718 -0.0227158 -0.086135 -0.0348754 0.0229446 0.999129 -0.247427
0.998372 -0.0107776 0.0560097 0.0074342 0.0128786 0.999222 -0.0372867 -0.108461 -0.0555641 0.0379475 0.997734 -0.341999
0.99715 -0.0129403 0.0743393 -0.0282635 0.0166219 0.998655 -0.049119 -0.143498 -0.073604 0.0502149 0.996023 -0.413948
0.99572 -0.01711 0.0908253 -0.0558256 0.0229251 0.997728 -0.063371 -0.16444 -0.0895346 0.0651822 0.99385 -0.475484
0.993514 -0.0222611 0.111521 -0.092071 0.0311257 0.996438 -0.0783875 -0.177798 -0.109379 0.0813504 0.990666 -0.542029
0.990759 -0.0253838 0.13324 -0.133597 0.0380007 0.99494 -0.0930199 -0.193667 -0.130205 0.0972238 0.98671 -0.603645
0.98768 -0.0281162 0.153946 -0.174622 0.0448045 0.993354 -0.10603 -0.218442 -0.149942 0.111622 0.982375 -0.666285
0.984388 -0.0317955 0.173121 -0.214333 0.0530292 0.991425 -0.119444 -0.237632 -0.167839 0.12676 0.977632 -0.727488
0.980687 -0.0341513 0.192584 -0.262407 0.0603275 0.989448 -0.131741 -0.260939 -0.186053 0.140815 0.972398 -0.791321
0.976506 -0.0355712 0.212537 -0.324194 0.0670949 0.987446 -0.143004 -0.287984 -0.204782 0.153904 0.966634 -0.853937
0.972928 -0.0385537 0.227875 -0.368049 0.0750219 0.985281 -0.153613 -0.312555 -0.218599 0.16655 0.961498 -0.916897
0.968555 -0.0404505 0.245496 -0.437168 0.0825626 0.983041 -0.163756 -0.33449 -0.234709 0.178876 0.955468 -0.979285
0.963585 -0.042882 0.263948 -0.519644 0.0913827 0.980442 -0.174321 -0.345512 -0.25131 0.192094 0.948656 -1.04154
0.959218 -0.0445162 0.279146 -0.594831 0.0984951 0.978272 -0.182446 -0.367864 -0.264958 0.2025 0.94276 -1.10953
0.95469 -0.0473653 0.293818 -0.679333 0.106768 0.976047 -0.189573 -0.384511 -0.2778 0.212354 0.936878 -1.18697
0.950794 -0.0499312 0.305782 -0.764916 0.113869 0.974176 -0.194988 -0.40531 -0.288149 0.220212 0.931925 -1.26845
0.950526 -0.0552073 0.305709 -0.752209 0.120564 0.97251 -0.19924 -0.424024 -0.286305 0.226241 0.931049 -1.29466
0.947215 -0.0571842 0.315467 -0.859432 0.12515 0.971855 -0.199606 -0.460097 -0.295173 0.228552 0.92771 -1.4119
0.944907 -0.0607374 0.321664 -0.955674 0.129908 0.971526 -0.198166 -0.49549 -0.300467 0.229036 0.92589 -1.53374
0.942642 -0.0641566 0.327593 -1.06944 0.133871 0.971645 -0.19492 -0.528924 -0.305798 0.227596 0.9245 -1.65358
0.941306 -0.0673336 0.330781 -1.18316 0.136133 0.972412 -0.18945 -0.568549 -0.308898 0.223361 0.924501 -1.77749
0.940795 -0.0705 0.331579 -1.30069 0.137158 0.973665 -0.182142 -0.613594 -0.310004 0.216838 0.925685 -1.90245
0.940626 -0.0749286 0.331085 -1.42466 0.138725 0.975026 -0.173464 -0.656744 -0.309818 0.209096 0.927526 -2.03795
0.941189 -0.0798523 0.328328 -1.54929 0.140534 0.976162 -0.165443 -0.689707 -0.307288 0.201855 0.929971 -2.17676
0.94192 -0.0848476 0.324956 -1.68698 0.14209 0.977384 -0.156662 -0.720207 -0.304313 0.193737 0.93267 -2.31435
0.942768 -0.0889841 0.321377 -1.8396 0.142727 0.978686 -0.147711 -0.749312 -0.30138 0.185127 0.935371 -2.45337
0.944598 -0.0932521 0.314721 -1.9773 0.14208 0.980487 -0.135916 -0.797074 -0.295903 0.173103 0.939411 -2.61841
0.948515 -0.0984785 0.30106 -2.07033 0.141605 0.98202 -0.124913 -0.843 -0.283343 0.161114 0.9454 -2.80841
0.952693 -0.103465 0.285808 -2.17216 0.141896 0.982932 -0.117154 -0.863412 -0.268806 0.152168 0.951107 -2.95597
0.954411 -0.105216 0.279366 -2.3582 0.140245 0.984168 -0.108461 -0.903683 -0.263528 0.142698 0.954051 -3.13201
0.95601 -0.106145 0.273482 -2.55009 0.13815 0.985307 -0.100506 -0.940665 -0.258793 0.133867 0.956621 -3.316
0.95411 -0.105634 0.280237 -2.63899 0.136556 0.986253 -0.0931614 -0.97793 -0.26654 0.127156 0.955413 -3.32108
0.972269 -0.116934 0.202578 -2.57135 0.136495 0.986963 -0.0853964 -1.01803 -0.189949 0.11068 0.975545 -3.39782
0.98263 -0.120263 0.141398 -2.56112 0.132827 0.987666 -0.0830253 -1.05345 -0.129667 0.100367 0.986479 -3.50307
0.989183 -0.11993 0.0845729 -2.54758 0.127223 0.988074 -0.0868608 -1.07454 -0.073145 0.0966822 0.992634 -3.61146
0.989868 -0.117146 0.0803551 -2.71698 0.123971 0.988565 -0.0859739 -1.10888 -0.0693625 0.0950667 0.993066 -3.83153
0.990339 -0.113796 0.0793598 -2.89019 0.120524 0.989001 -0.0858656 -1.14728 -0.0687137 0.0946022 0.993151 -4.04552
0.990832 -0.110264 0.0781809 -3.05699 0.117008 0.989264 -0.0876789 -1.18634 -0.0676714 0.096025 0.99309 -4.25301
0.991241 -0.106315 0.0784735 -3.21988 0.113486 0.98915 -0.0934134 -1.22221 -0.0676887 0.101502 0.992541 -4.45733
0.991628 -0.100161 0.0816166 -3.38566 0.108341 0.988788 -0.102877 -1.25442 -0.0703948 0.11086 0.991354 -4.65273
0.991909 -0.0935583 0.0859243 -3.54873 0.103216 0.987902 -0.115842 -1.28211 -0.0740446 0.123775 0.989555 -4.83996
0.992199 -0.086028 0.09033 -3.70439 0.097458 0.986609 -0.130871 -1.31066 -0.0778593 0.138656 0.98729 -5.02663
0.992509 -0.0791426 0.0931828 -3.84462 0.0925445 0.984417 -0.14961 -1.33366 -0.0798878 0.157114 0.984355 -5.21266
0.992493 -0.0709044 0.0997516 -3.99265 0.0871079 0.981804 -0.168814 -1.36165 -0.0859641 0.176238 0.980602 -5.38742
0.992511 -0.0637365 0.104308 -4.1268 0.0826681 0.978572 -0.188645 -1.39233 -0.0900472 0.195856 0.976501 -5.56152
0.992377 -0.0545684 0.110601 -4.26251 0.0770019 0.974674 -0.210016 -1.42027 -0.096337 0.216932 0.971438 -5.73035
0.991964 -0.0448826 0.118376 -4.39791 0.0715855 0.970078 -0.232053 -1.45006 -0.104416 0.238663 0.965485 -5.88844
0.991351 -0.0346748 0.12666 -4.53054 0.0663504 0.964613 -0.255236 -1.47752 -0.113325 0.261433 0.958563 -6.03927
0.990598 -0.0244648 0.134677 -4.65647 0.0615515 0.958441 -0.278618 -1.50622 -0.122261 0.284289 0.950924 -6.18668
0.989878 -0.0145483 0.141255 -4.77123 0.0571651 0.951414 -0.302605 -1.53082 -0.129987 0.307617 0.942607 -6.32686
0.988665 -0.00403072 0.150161 -4.89679 0.0535407 0.943458 -0.327179 -1.55178 -0.140349 0.331509 0.932968 -6.463
0.987266 0.00563045 0.159055 -5.02284 0.0513654 0.934638 -0.351912 -1.57049 -0.150637 0.3556 0.922437 -6.59654
0.985998 0.0142747 0.166217 -5.14132 0.0500011 0.92526 -0.376059 -1.5842 -0.159158 0.379103 0.911579 -6.732
0.984675 0.0252074 0.172638 -5.25606 0.045979 0.91705 -0.396149 -1.61296 -0.1683 0.398014 0.901828 -6.87971
0.983347 0.032813 0.178822 -5.37473 0.0455575 0.907743 -0.41708 -1.629 -0.176007 0.418279 0.891119 -7.01739
0.98183 0.0410674 0.185332 -5.48793 0.0444826 0.899375 -0.434943 -1.65185 -0.184542 0.435282 0.881198 -7.158
0.980393 0.0485822 0.191039 -5.59938 0.0439931 0.890799 -0.452297 -1.66576 -0.192147 0.451831 0.871182 -7.28597
0.978952 0.0549461 0.196625 -5.71297 0.0445055 0.882519 -0.4682 -1.67102 -0.199247 0.467093 0.861488 -7.40868
0.977706 0.060959 0.201002 -5.81649 0.0441973 0.875844 -0.480599 -1.68071 -0.20534 0.478765 0.853611 -7.53476
0.976399 0.0623434 0.206849 -5.92126 0.045905 0.87574 -0.48063 -1.68059 -0.211106 0.478778 0.8522 -7.64574
0.97503 0.0631109 0.21298 -6.02747 0.0485011 0.875191 -0.481375 -1.67377 -0.216774 0.479681 0.850264 -7.74485
0.973982 0.0622388 0.217976 -6.12637 0.0521405 0.874297 -0.482617 -1.66316 -0.220609 0.481422 0.848295 -7.8381
0.972719 0.0616647 0.223706 -6.22629 0.0556513 0.873936 -0.482879 -1.65619 -0.225278 0.48215 0.84665 -7.92978
0.97149 0.0602178 0.229375 -6.32169 0.0602775 0.872773 -0.484428 -1.64466 -0.229359 0.484438 0.844249 -8.00953
0.970474 0.0584813 0.234074 -6.40766 0.0643072 0.872402 -0.484576 -1.63406 -0.232542 0.485316 0.842871 -8.09487
0.969477 0.0563022 0.238697 -6.4918 0.0687092 0.871975 -0.484741 -1.62394 -0.235426 0.486341 0.841481 -8.17732
0.967954 0.0538928 0.245342 -6.58215 0.0737559 0.872701 -0.482689 -1.62822 -0.24012 0.48531 0.840747 -8.24896
0.966634 0.0508752 0.251127 -6.66465 0.0797805 0.871627 -0.483672 -1.61421 -0.243492 0.487562 0.838474 -8.30652
0.964709 0.0476991 0.259024 -6.75233 0.0864843 0.871581 -0.4826 -1.61324 -0.248777 0.487964 0.836685 -8.359
0.963019 0.0443792 0.26582 -6.82929 0.0926628 0.871702 -0.481236 -1.60852 -0.253068 0.488064 0.835342 -8.41087
0.960903 0.0410082 0.273892 -6.90481 0.0999349 0.87102 -0.481015 -1.60016 -0.258287 0.489573 0.832855 -8.45143
0.958548 0.037463 0.282523 -6.97796 0.107686 0.870238 -0.480758 -1.59459 -0.263868 0.491245 0.83012 -8.48434
0.95626 0.0339149 0.290607 -7.03803 0.115433 0.868971 -0.481252 -1.58225 -0.268846 0.493741 0.827034 -8.51565
0.953614 0.0307416 0.299521 -7.09644 0.12326 0.867759 -0.481501 -1.57314 -0.274709 0.496076 0.823706 -8.5488
0.950482 0.0276973 0.309601 -7.15374 0.131163 0.867286 -0.480262 -1.57137 -0.28181 0.497081 0.820694 -8.58256
0.947106 0.0244647 0.320046 -7.20717 0.139811 0.866107 -0.479952 -1.56934 -0.288931 0.499303 0.816864 -8.61502
0.94608 0.022763 0.323189 -7.20635 0.143186 0.865467 -0.48011 -1.56698 -0.290634 0.500491 0.815528 -8.64583
0.946313 0.0222072 0.322548 -7.19092 0.142894 0.8662 -0.478875 -1.59263 -0.29002 0.499247 0.816513 -8.67906
0.941621 0.0199914 0.336139 -7.23849 0.152762 0.864261 -0.47933 -1.59137 -0.30009 0.502688 0.810739 -8.71838
0.935847 0.0178057 0.352016 -7.28567 0.163077 0.863539 -0.477231 -1.59728 -0.312471 0.50401 0.805226 -8.75383
0.929305 0.0162089 0.369013 -7.33272 0.173411 0.862965 -0.474617 -1.60959 -0.326134 0.505045 0.799134 -8.79311
0.922781 0.0152243 0.385079 -7.36714 0.183672 0.861076 -0.47419 -1.61406 -0.338795 0.508291 0.791778 -8.83434
0.914833 0.0150407 0.403604 -7.41014 0.195387 0.858125 -0.474856 -1.61904 -0.35348 0.513262 0.782089 -8.8622
0.907449 0.0150328 0.419947 -7.43799 0.20547 0.85589 -0.474636 -1.62684 -0.366557 0.516983 0.773577 -8.90491
0.899386 0.0159412 0.436912 -7.46379 0.215286 0.853651 -0.474316 -1.63765 -0.380526 0.520644 0.764317 -8.94485
0.890849 0.0164721 0.454053 -7.49357 0.225746 0.851235 -0.473799 -1.64751 -0.394302 0.524571 0.754592 -8.98584
0.88286 0.0171237 0.469371 -7.51216 0.235082 0.849063 -0.473154 -1.65649 -0.406621 0.528058 0.745564 -9.03073
0.874077 0.0188174 0.485473 -7.53505 0.244459 0.846522 -0.472957 -1.66477 -0.419855 0.532066 0.735314 -9.0697
0.867491 0.0201067 0.497093 -7.53414 0.251189 0.844789 -0.472529 -1.66994 -0.429432 0.534768 0.727782 -9.12544
0.861153 0.02241 0.507901 -7.51162 0.256031 0.843994 -0.47135 -1.68984 -0.439218 0.53593 0.721059 -9.147
0.854179 0.0256989 0.519389 -7.52246 0.262217 0.841243 -0.472865 -1.68715 -0.449076 0.540092 0.71182 -9.18582
0.848146 0.0278709 0.529077 -7.5269 0.267359 0.839643 -0.47283 -1.69283 -0.457404 0.542469 0.704677 -9.22811
0.843846 0.0294889 0.53582 -7.51381 0.270447 0.839064 -0.472101 -1.70283 -0.4635 0.543279 0.700053 -9.27658
0.839015 0.0355921 0.54299 -7.51826 0.270285 0.838821 -0.472626 -1.7071 -0.472283 0.543288 0.694152 -9.31083
0.836075 0.0408116 0.54714 -7.49578 0.267545 0.840323 -0.471516 -1.72028 -0.479008 0.540595 0.691641 -9.3434
0.834256 0.0447065 0.549609 -7.4766 0.265466 0.841063 -0.471371 -1.72678 -0.483319 0.539133 0.689782 -9.36699
0.833125 0.0469366 0.551134 -7.47038 0.264306 0.841518 -0.47121 -1.73077 -0.485897 0.538233 0.688671 -9.38092
0.833749 0.046251 0.55025 -7.47052 0.263897 0.841967 -0.470638 -1.73492 -0.485049 0.53759 0.689772 -9.39424
0.834557 0.0440417 0.549204 -7.48284 0.26513 0.841719 -0.470389 -1.73832 -0.482982 0.538164 0.690773 -9.39141
0.836988 0.0458558 0.545344 -7.49305 0.25926 0.844366 -0.468913 -1.73252 -0.481962 0.533847 0.694824 -9.39113
0.839786 0.0481842 0.540823 -7.51808 0.252284 0.847398 -0.467247 -1.72423 -0.480796 0.528816 0.699463 -9.37957
0.844347 0.0496532 0.53354 -7.53868 0.243382 0.851548 -0.464414 -1.7141 -0.477384 0.521968 0.706905 -9.37578
0.847919 0.0520841 0.52761 -7.58318 0.234766 0.855413 -0.461739 -1.70704 -0.475364 0.515369 0.71308 -9.35211
0.853866 0.0532538 0.517812 -7.62853 0.224402 0.859936 -0.45848 -1.69536 -0.46969 0.507666 0.722307 -9.34395
0.860069 0.0540246 0.507361 -7.66779 0.213658 0.864883 -0.454288 -1.68212 -0.46334 0.499108 0.732302 -9.33617
0.866855 0.0541326 0.495666 -7.70913 0.201544 0.871239 -0.44763 -1.68478 -0.456065 0.487916 0.744314 -9.31979
0.87379 0.0550269 0.483236 -7.7552 0.188483 0.877642 -0.44076 -1.68515 -0.448352 0.476201 0.756488 -9.30077
0.882898 0.0556796 0.466309 -7.7823 0.173057 0.884516 -0.433283 -1.68059 -0.436572 0.463231 0.771286 -9.29873
0.891032 0.0561186 0.450519 -7.81718 0.158193 0.891786 -0.423963 -1.6866 -0.425549 0.449021 0.785716 -9.2883
0.90035 0.0564263 0.431556 -7.84459 0.142016 0.899222 -0.413865 -1.68843 -0.411407 0.4339 0.801585 -9.29736
0.90834 0.0574773 0.414332 -7.88244 0.126883 0.90601 -0.403856 -1.69099 -0.398592 0.419398 0.815655 -9.29169
0.916962 0.0588343 0.394682 -7.91184 0.110674 0.912796 -0.393204 -1.69014 -0.383387 0.404224 0.83047 -9.3035
0.926383 0.0604453 0.371778 -7.9279 0.0930457 0.919748 -0.381394 -1.68591 -0.364986 0.387897 0.846397 -9.3391
0.933187 0.0620657 0.354071 -7.96822 0.0786559 0.925882 -0.369611 -1.6921 -0.350758 0.372756 0.859119 -9.34257
0.940002 0.0637798 0.335242 -8.00138 0.0637368 0.932303 -0.356096 -1.70083 -0.33525 0.356086 0.872283 -9.36137
0.94646 0.0658953 0.316118 -8.02842 0.0494588 0.937848 -0.343585 -1.70211 -0.319102 0.340814 0.884356 -9.38361
0.951922 0.0678906 0.298824 -8.06324 0.0366293 0.942973 -0.330933 -1.7082 -0.304242 0.325957 0.895129 -9.40467
0.956385 0.0702084 0.283654 -8.10186 0.0241826 0.948386 -0.316284 -1.72568 -0.29121 0.309339 0.905303 -9.43384
0.961064 0.0727492 0.266693 -8.12925 0.0121861 0.952686 -0.303804 -1.7275 -0.276168 0.295215 0.914685 -9.48536
0.964079 0.0746528 0.255029 -8.17313 0.00235626 0.957312 -0.289146 -1.75136 -0.265719 0.279351 0.922727 -9.51521
0.966461 0.0770349 0.245112 -8.22123 -0.00624289 0.960776 -0.277357 -1.7613 -0.256856 0.266515 0.929013 -9.55734
0.968589 0.0795367 0.235736 -8.26506 -0.0145887 0.964072 -0.265347 -1.77446 -0.248363 0.253563 0.934928 -9.61338
0.970778 0.0817287 0.225772 -8.29878 -0.0222409 0.966875 -0.254391 -1.78404 -0.239076 0.241926 0.940417 -9.68356
0.972169 0.0835571 0.219014 -8.33727 -0.0285447 0.969582 -0.243217 -1.80181 -0.232667 0.230188 0.94496 -9.73473
0.973572 0.0854885 0.211924 -8.3728 -0.034856 0.972113 -0.232033 -1.82025 -0.225842 0.218505 0.94938 -9.80306
0.974875 0.0871596 0.205145 -8.40214 -0.0406993 0.974533 -0.220653 -1.84319 -0.219144 0.206752 0.953572 -9.88008
0.97591 0.0898233 0.198982 -8.43046 -0.0471881 0.976703 -0.209482 -1.86991 -0.213155 0.195037 0.957391 -9.96318
0.976526 0.0920972 0.194882 -8.46864 -0.0523264 0.97839 -0.200182 -1.89198 -0.209099 0.185277 0.960219 -10.0459
0.977012 0.0941109 0.191453 -8.50578 -0.0566909 0.979725 -0.192313 -1.90489 -0.205662 0.17703 0.962516 -10.1404
0.97724 0.0952866 0.189701 -8.55036 -0.059747 0.980958 -0.184964 -1.91914 -0.203706 0.169412 0.9643 -10.2342
0.977266 0.0964833 0.188954 -8.59927 -0.0624667 0.982008 -0.178373 -1.93559 -0.202757 0.162507 0.965689 -10.3252
0.977148 0.0967062 0.189457 -8.65271 -0.0639236 0.983034 -0.1721 -1.95314 -0.202878 0.15605 0.966727 -10.4211
0.9769 0.0993398 0.189367 -8.69974 -0.0679334 0.983866 -0.165691 -1.96862 -0.202764 0.148991 0.967865 -10.5305
0.976614 0.100436 0.190266 -8.75068 -0.0702714 0.98478 -0.159158 -1.99048 -0.203347 0.142059 0.968783 -10.6347
0.976431 0.102049 0.190345 -8.7987 -0.0728382 0.985315 -0.154628 -2.00716 -0.203321 0.137112 0.969503 -10.7523
0.976002 0.10362 0.191694 -8.85354 -0.0754272 0.985994 -0.148958 -2.03081 -0.204436 0.130918 0.970123 -10.869
0.975401 0.106032 0.193423 -8.91291 -0.0786596 0.986461 -0.144114 -2.05259 -0.206076 0.125348 0.970513 -10.987
0.975177 0.10775 0.193606 -8.96694 -0.0811136 0.986765 -0.140629 -2.07121 -0.206188 0.121428 0.970986 -11.1142
0.975145 0.108744 0.193213 -9.02038 -0.0828548 0.987076 -0.137396 -2.08948 -0.205649 0.117966 0.971529 -11.2414
0.974928 0.110374 0.193382 -9.0773 -0.085348 0.987424 -0.133312 -2.11226 -0.205656 0.113459 0.972063 -11.3617
0.974527 0.11172 0.194626 -9.14183 -0.0879441 0.988049 -0.126832 -2.14201 -0.206461 0.106479 0.972683 -11.4762
0.974083 0.114937 0.194977 -9.20148 -0.0926551 0.988495 -0.119824 -2.17301 -0.206497 0.0986477 0.973499 -11.594
0.973766 0.117399 0.195093 -9.25874 -0.0960176 0.988664 -0.115702 -2.19666 -0.206456 0.0939291 0.973976 -11.7138
0.973566 0.119444 0.19485 -9.31531 -0.0984845 0.988623 -0.113968 -2.21699 -0.206237 0.0917606 0.974228 -11.8335
0.973239 0.121844 0.194998 -9.37134 -0.100921 0.988384 -0.113908 -2.23388 -0.206603 0.0911749 0.974207 -11.9529
0.972773 0.123442 0.196314 -9.43437 -0.102095 0.988089 -0.115417 -2.24939 -0.208215 0.0922269 0.973764 -12.067
0.972401 0.125162 0.19707 -9.48786 -0.103485 0.987788 -0.116751 -2.26679 -0.209267 0.0931297 0.973453 -12.1862
0.971968 0.12689 0.198097 -9.54253 -0.104829 0.987475 -0.118191 -2.28501 -0.210605 0.0941069 0.97307 -12.3022
0.970822 0.129275 0.202132 -9.60752 -0.106542 0.987119 -0.119623 -2.30639 -0.214983 0.0945916 0.972066 -12.4097
0.969526 0.131964 0.206572 -9.66594 -0.107857 0.986441 -0.123964 -2.32153 -0.22012 0.0979012 0.970587 -12.5215
0.967545 0.133914 0.214448 -9.7353 -0.108166 0.985934 -0.127666 -2.3421 -0.228518 0.100321 0.968397 -12.6252
0.96599 0.136489 0.219774 -9.7905 -0.108926 0.985139 -0.133051 -2.36049 -0.234658 0.104581 0.966476 -12.7347
0.963532 0.13995 0.228224 -9.85107 -0.11003 0.984194 -0.139 -2.38216 -0.24406 0.108813 0.963676 -12.8413
0.960685 0.143613 0.237753 -9.91221 -0.110973 0.983153 -0.145468 -2.40541 -0.254629 0.113359 0.960412 -12.9484
0.95748 0.146823 0.248479 -9.97021 -0.111013 0.982077 -0.152533 -2.4308 -0.26641 0.118457 0.956594 -13.0536
0.953567 0.151 0.260725 -10.0267 -0.110556 0.980371 -0.163451 -2.44812 -0.280278 0.127031 0.951518 -13.1587
0.948415 0.15623 0.275985 -10.0903 -0.10969 0.978153 -0.176781 -2.4611 -0.297562 0.137383 0.944808 -13.2605
0.942223 0.161687 0.2935 -10.1544 -0.108394 0.975887 -0.189638 -2.48039 -0.317073 0.146862 0.937003 -13.3617
0.936155 0.166421 0.309813 -10.2003 -0.105059 0.973086 -0.205262 -2.49439 -0.335622 0.159602 0.92842 -13.4636
0.927026 0.172761 0.332936 -10.272 -0.102189 0.970392 -0.219009 -2.52272 -0.360902 0.168997 0.917207 -13.5563
0.916334 0.180913 0.357308 -10.3407 -0.0976089 0.966166 -0.238876 -2.52992 -0.388421 0.184007 0.902968 -13.6403
0.903946 0.189671 0.383376 -10.4111 -0.0919966 0.961571 -0.258816 -2.54115 -0.417718 0.198679 0.886633 -13.7211
0.88958 0.197 0.412199 -10.4949 -0.085281 0.958027 -0.273824 -2.57532 -0.448825 0.208427 0.86902 -13.8053
0.87413 0.205954 0.439945 -10.573 -0.0779083 0.953418 -0.291536 -2.59891 -0.479479 0.220556 0.849434 -13.8889
0.858076 0.216369 0.46579 -10.6388 -0.0698744 0.947706 -0.311513 -2.61282 -0.508816 0.234746 0.828301 -13.9685
0.841064 0.226634 0.491246 -10.706 -0.061477 0.942212 -0.329433 -2.63235 -0.5375 0.246864 0.806372 -14.0506
0.823893 0.237504 0.514648 -10.7668 -0.0532394 0.936419 -0.346922 -2.65102 -0.564302 0.258417 0.784134 -14.1355
0.806241 0.247678 0.537312 -10.828 -0.044772 0.931127 -0.362033 -2.67512 -0.589953 0.267819 0.761783 -14.2179
0.788949 0.257612 0.557912 -10.8895 -0.0363804 0.925906 -0.37609 -2.69794 -0.613438 0.276409 0.739848 -14.305
0.771091 0.269717 0.576841 -10.9519 -0.0288239 0.919753 -0.391528 -2.7063 -0.636132 0.285266 0.716969 -14.385
0.753232 0.282494 0.594062 -11.018 -0.0215116 0.913217 -0.406991 -2.70691 -0.657458 0.293769 0.693925 -14.4597
0.736498 0.29276 0.609864 -11.0887 -0.0142901 0.90807 -0.418658 -2.71698 -0.676344 0.299615 0.67296 -14.5383
0.720926 0.305447 0.622124 -11.1652 -0.00984186 0.902096 -0.431506 -2.70575 -0.692994 0.30495 0.653335 -14.6164
0.707224 0.314318 0.633334 -11.2439 -0.00561276 0.89825 -0.439529 -2.7105 -0.707021 0.307279 0.637013 -14.6974
0.692147 0.321357 0.646324 -11.3436 -0.00156642 0.896121 -0.443886 -2.72313 -0.721807 0.306211 0.620737 -14.7539
0.678859 0.323822 0.659064 -11.4581 0.000930979 0.897167 -0.441772 -2.74453 -0.734321 0.300503 0.608733 -14.8075
0.678898 0.327631 0.65714 -11.434 -0.00535479 0.897155 -0.441768 -2.7626 -0.734267 0.296385 0.610816 -14.9071
0.678928 0.327714 0.657066 -11.431 -0.00938377 0.898705 -0.438537 -2.80935 -0.734197 0.291559 0.613215 -14.9856
0.681358 0.333961 0.651384 -11.4253 -0.0219984 0.898836 -0.43782 -2.8041 -0.731675 0.283972 0.619758 -15.0598
0.683751 0.345538 0.642782 -11.4201 -0.0407708 0.897544 -0.439123 -2.75447 -0.72863 0.274033 0.627767 -15.1106
0.680678 0.358351 0.639017 -11.4365 -0.0608488 0.896885 -0.438147 -2.69841 -0.730107 0.259343 0.632277 -15.0969
0.678698 0.374552 0.631793 -11.4609 -0.0865013 0.895007 -0.437674 -2.60531 -0.729361 0.242388 0.63982 -15.0735
0.676002 0.389791 0.625434 -11.498 -0.113932 0.893777 -0.433891 -2.50649 -0.728096 0.222046 0.648584 -15.0308
0.692101 0.39221 0.606012 -11.5381 -0.136245 0.895434 -0.423926 -2.4427 -0.708882 0.210826 0.673148 -15.111
0.690203 0.409696 0.596534 -11.5896 -0.167882 0.892506 -0.418726 -2.30037 -0.703931 0.188852 0.684767 -15.0527
0.704379 0.419396 0.572749 -11.6285 -0.196704 0.890569 -0.410212 -2.16656 -0.682084 0.176275 0.709774 -15.1162
0.712847 0.431224 0.553157 -11.6765 -0.229841 0.888769 -0.396667 -2.02177 -0.662651 0.155619 0.732645 -15.1433
0.726514 0.435742 0.531405 -11.7289 -0.257485 0.889573 -0.377413 -1.90989 -0.63715 0.137362 0.75846 -15.2038
0.740215 0.439844 0.508632 -11.7777 -0.287776 0.890871 -0.351592 -1.80099 -0.607743 0.113878 0.785986 -15.28
0.754516 0.441585 0.485586 -11.8345 -0.31464 0.892655 -0.322875 -1.69555 -0.576011 0.0908256 0.812436 -15.3663
0.770461 0.44371 0.45782 -11.8802 -0.342479 0.893745 -0.289849 -1.5922 -0.537757 0.0665208 0.840527 -15.494
0.78433 0.446175 0.431091 -11.9166 -0.370161 0.89418 -0.252 -1.49491 -0.497886 0.0380757 0.86646 -15.62
0.794682 0.450029 0.407484 -11.9452 -0.396704 0.893032 -0.212618 -1.38977 -0.459556 0.00731231 0.888172 -15.7274
0.803482 0.4544 0.384738 -11.9607 -0.420644 0.890557 -0.173342 -1.27944 -0.421377 -0.0225601 0.906657 -15.8355
0.811848 0.449894 0.372274 -12.007 -0.437366 0.8909 -0.122862 -1.24855 -0.386912 -0.0630727 0.92001 -15.8989
0.818854 0.444551 0.363236 -12.0637 -0.451674 0.889451 -0.0703477 -1.2243 -0.354336 -0.106457 0.929089 -15.9559
0.82524 0.439058 0.355382 -12.1205 -0.463816 0.88581 -0.0173456 -1.2034 -0.322397 -0.150512 0.934614 -16.0152
0.831271 0.432754 0.349001 -12.1894 -0.473535 0.88006 0.0366347 -1.18651 -0.29127 -0.195711 0.936459 -16.1036
0.836916 0.425529 0.344364 -12.257 -0.480432 0.872508 0.089447 -1.16974 -0.26238 -0.240294 0.934619 -16.2101
0.844722 0.410771 0.343225 -12.3361 -0.478722 0.866614 0.141033 -1.15304 -0.239496 -0.283432 0.928658 -16.3195
0.850737 0.395585 0.346193 -12.4291 -0.476572 0.858336 0.19033 -1.13048 -0.221841 -0.326893 0.918709 -16.4324
0.856451 0.378535 0.351135 -12.526 -0.47249 0.848812 0.237397 -1.11126 -0.20817 -0.369213 0.905785 -16.5615
0.860979 0.361115 0.358332 -12.6295 -0.468415 0.837537 0.281437 -1.0841 -0.198468 -0.410143 0.890221 -16.6912
0.865073 0.341475 0.36761 -12.7394 -0.46302 0.825558 0.322729 -1.05634 -0.193265 -0.449377 0.872245 -16.8274
0.869151 0.320072 0.377125 -12.8549 -0.455873 0.814224 0.359595 -1.02159 -0.19195 -0.484443 0.853565 -16.981
0.872515 0.297796 0.387467 -12.9728 -0.448949 0.801647 0.394836 -0.988615 -0.193016 -0.518432 0.833112 -17.1326
0.874761 0.274409 0.399484 -13.0968 -0.442228 0.7892 0.426248 -0.94242 -0.198289 -0.549505 0.811683 -17.3035
0.877076 0.250324 0.410086 -13.1834 -0.434557 0.777387 0.454883 -0.875206 -0.204913 -0.57715 0.790578 -17.5086
0.878304 0.226475 0.421173 -13.2709 -0.42806 0.764976 0.481318 -0.807011 -0.213163 -0.603006 0.768798 -17.7176
0.879951 0.201467 0.43034 -13.3522 -0.419403 0.755019 0.504119 -0.730381 -0.223336 -0.624061 0.748848 -17.946
0.87986 0.179161 0.440277 -13.4319 -0.413882 0.744291 0.524237 -0.65125 -0.233753 -0.643452 0.728997 -18.1809
0.880275 0.158042 0.447478 -13.4774 -0.407257 0.735659 0.541329 -0.561825 -0.243623 -0.658731 0.711919 -18.434
0.881213 0.13829 0.452148 -13.4046 -0.40008 0.72774 0.557156 -0.460918 -0.251977 -0.67184 0.696595 -18.6872
0.882029 0.122639 0.455062 -13.2216 -0.392967 0.724443 0.566436 -0.335819 -0.260183 -0.678411 0.687147 -18.914
0.881602 0.11106 0.45885 -13.0333 -0.388814 0.722104 0.572261 -0.210292 -0.267762 -0.682884 0.679765 -19.1158
0.881979 0.103518 0.459887 -12.8288 -0.386467 0.717426 0.579686 -0.101629 -0.269909 -0.688974 0.672735 -19.2888
0.883329 0.102385 0.457544 -12.6134 -0.384489 0.716684 0.581915 0.0153241 -0.268314 -0.689914 0.672409 -19.465
0.885061 0.107324 0.453044 -12.401 -0.384882 0.716213 0.582234 0.122352 -0.261971 -0.689653 0.675174 -19.6338
0.888639 0.116334 0.443722 -12.1773 -0.384356 0.716845 0.581805 0.237798 -0.250376 -0.687532 0.681704 -19.8056
0.89545 0.102276 0.433371 -11.9584 -0.362434 0.732832 0.575929 0.349451 -0.258667 -0.672756 0.693255 -19.9592
0.902963 0.088176 0.420696 -11.7338 -0.337544 0.751457 0.566985 0.459253 -0.266119 -0.653941 0.708273 -20.1135
0.910199 0.0740669 0.40762 -11.5095 -0.311276 0.77157 0.554871 0.566818 -0.273391 -0.631899 0.725309 -20.2618
0.917346 0.0609794 0.393525 -11.2869 -0.283745 0.793489 0.538478 0.672072 -0.279401 -0.605604 0.745177 -20.4077
0.923528 0.0474804 0.380715 -11.0826 -0.255486 0.816436 0.517932 0.769862 -0.286219 -0.575569 0.766101 -20.5502
0.930813 0.0336776 0.364083 -10.8518 -0.223743 0.840054 0.494311 0.847661 -0.289181 -0.541548 0.789437 -20.6951
0.936415 0.0194441 0.350502 -10.6373 -0.193427 0.861836 0.468957 0.901143 -0.292937 -0.506915 0.810764 -20.819
0.942435 0.00553817 0.334501 -10.4085 -0.160944 0.884104 0.438807 0.936513 -0.293281 -0.467363 0.834068 -20.9654
0.948254 -0.00900522 0.31755 -10.1781 -0.127105 0.905388 0.405231 0.950852 -0.291136 -0.424607 0.857357 -21.1175
0.953087 -0.0246291 0.301869 -9.95044 -0.092873 0.924954 0.368688 0.955165 -0.288273 -0.379411 0.879238 -21.2692
0.957118 -0.0398807 0.287124 -9.72697 -0.0590688 0.942924 0.327876 0.954901 -0.283792 -0.330763 0.900096 -21.4292
0.960292 -0.0553875 0.273638 -9.50301 -0.0258643 0.958307 0.284734 0.950914 -0.277979 -0.280494 0.918784 -21.5904
0.961852 -0.0699263 0.264682 -9.29224 0.0047845 0.971021 0.23915 0.945199 -0.273715 -0.228753 0.934274 -21.7571
0.962443 -0.085366 0.257919 -9.07863 0.0357266 0.980922 0.191343 0.943571 -0.269312 -0.174935 0.947091 -21.9166
0.962081 -0.0994209 0.254212 -8.8684 0.0641102 0.987604 0.143622 0.934229 -0.26532 -0.121875 0.956487 -22.0783
0.960618 -0.112093 0.25447 -8.66144 0.0906156 0.991427 0.094642 0.92851 -0.262877 -0.0678538 0.9625 -22.2356
0.958256 -0.124159 0.257758 -8.45012 0.116061 0.992205 0.0464622 0.922141 -0.261498 -0.0146086 0.965154 -22.3883
0.955003 -0.133902 0.264853 -8.2441 0.139053 0.990334 -0.000714753 0.914552 -0.262177 0.0375083 0.964351 -22.5564
0.95117 -0.140795 0.274885 -8.03624 0.159102 0.98627 -0.0453656 0.905391 -0.264704 0.086879 0.960469 -22.7104
0.948434 -0.151375 0.278688 -7.72603 0.180139 0.980388 -0.080538 0.849465 -0.261011 0.126581 0.957062 -22.8623
0.943486 -0.177881 0.279832 -7.335 0.208212 0.974655 -0.0824472 0.567463 -0.258054 0.136043 0.956568 -23.0034
0.940243 -0.192598 0.281002 -6.92916 0.225568 0.970127 -0.0898427 0.354501 -0.255284 0.14785 0.955558 -23.1575
0.937681 -0.201902 0.283024 -6.48518 0.236341 0.967263 -0.0929881 0.123222 -0.254965 0.154073 0.95466 -23.3155
0.934632 -0.206369 0.289808 -6.07508 0.243042 0.96526 -0.0964622 -0.0799979 -0.259812 0.160583 0.952277 -23.4608
0.933161 -0.209448 0.29233 -5.62054 0.246931 0.964177 -0.0974214 -0.291991 -0.261433 0.163084 0.95141 -23.6232
0.93132 -0.21057 0.297354 -5.17206 0.249964 0.963034 -0.100928 -0.459719 -0.265088 0.168314 0.949485 -23.7803
0.929966 -0.211709 0.300764 -4.70882 0.252497 0.962102 -0.10349 -0.611074 -0.267435 0.172173 0.948136 -23.9428
0.928167 -0.213582 0.304968 -4.24546 0.255909 0.96094 -0.105871 -0.738979 -0.270422 0.176299 0.946529 -24.104
0.927705 -0.211394 0.307887 -3.76814 0.254695 0.961078 -0.107555 -0.850046 -0.273145 0.178185 0.945394 -24.2712
0.927899 -0.20725 0.310109 -3.2848 0.250937 0.962024 -0.107917 -0.973623 -0.275944 0.177943 0.944626 -24.4418
0.927507 -0.200304 0.315796 -2.83243 0.245509 0.963173 -0.110144 -1.0563 -0.282082 0.179678 0.942483 -24.598
0.927177 -0.195832 0.319549 -2.38838 0.242235 0.963761 -0.112223 -1.12664 -0.285969 0.181446 0.940973 -24.7531
0.927413 -0.190601 0.322018 -1.94695 0.237465 0.964883 -0.112783 -1.1887 -0.289191 0.181052 0.940063 -24.9102
0.927605 -0.185347 0.324524 -1.52336 0.232776 0.965918 -0.113691 -1.23354 -0.292367 0.180991 0.939093 -25.0586
0.927032 -0.182796 0.327595 -1.11751 0.230875 0.966324 -0.114127 -1.26737 -0.295678 0.18142 0.937973 -25.2016
0.926916 -0.179914 0.329512 -0.727952 0.228243 0.966952 -0.114094 -1.29149 -0.298071 0.180953 0.937306 -25.3379
0.926893 -0.175798 0.331793 -0.357891 0.224171 0.967993 -0.113353 -1.30518 -0.301222 0.179432 0.936592 -25.4662
0.926643 -0.173522 0.333682 -0.0133001 0.221851 0.968641 -0.112374 -1.30146 -0.303694 0.178148 0.936037 -25.5843
0.926055 -0.173494 0.335328 0.302942 0.22176 0.968801 -0.111174 -1.28296 -0.305554 0.177304 0.935594 -25.6925
0.924986 -0.175896 0.337024 0.58557 0.22438 0.968277 -0.110478 -1.22936 -0.306875 0.177801 0.935066 -25.7835
0.9261 -0.167615 0.338183 0.836863 0.215225 0.970597 -0.10832 -1.16745 -0.310059 0.173089 0.934902 -25.8642
0.927105 -0.159603 0.339303 1.06992 0.206572 0.97263 -0.106926 -1.08401 -0.312925 0.169212 0.934655 -25.9331
0.927817 -0.152914 0.34044 1.28706 0.198584 0.974671 -0.103421 -1.00719 -0.315978 0.16355 0.934639 -25.9991
0.928276 -0.146635 0.341944 1.49937 0.191388 0.976376 -0.100871 -0.915137 -0.319049 0.15907 0.934366 -26.0638
0.928736 -0.142005 0.342653 1.65047 0.18586 0.977678 -0.0985799 -0.78897 -0.32098 0.155229 0.934354 -26.1048
0.929385 -0.137378 0.342778 1.8109 0.180336 0.978905 -0.0966327 -0.660363 -0.322246 0.151615 0.93451 -26.146
0.930268 -0.134957 0.341345 1.96636 0.17664 0.979836 -0.0939976 -0.521631 -0.321752 0.147727 0.935305 -26.1788
0.932594 -0.134234 0.335223 2.14119 0.17388 0.980605 -0.0910781 -0.379714 -0.31647 0.143219 0.937803 -26.1953
0.933244 -0.13197 0.334322 2.25855 0.170483 0.98144 -0.0884779 -0.236638 -0.316416 0.139557 0.938377 -26.2181
0.93335 -0.131426 0.334232 2.35752 0.168762 0.982033 -0.0851229 -0.0886 -0.317014 0.135846 0.938716 -26.2391
0.933505 -0.132201 0.3335 2.45083 0.168762 0.982214 -0.083025 0.0700705 -0.316568 0.133776 0.939167 -26.2545
0.93334 -0.133466 0.333454 2.53439 0.168991 0.982442 -0.079789 0.214786 -0.316924 0.130812 0.939462 -26.2737
0.933735 -0.133603 0.332295 2.6216 0.167913 0.982878 -0.0766466 0.346465 -0.316341 0.127354 0.940137 -26.2904
0.933817 -0.134855 0.331555 2.69874 0.168071 0.98309 -0.0735183 0.472314 -0.316008 0.124369 0.940646 -26.3046
0.934445 -0.136345 0.329174 2.78543 0.168329 0.983263 -0.0705711 0.586461 -0.314018 0.121344 0.94171 -26.3197
0.934555 -0.138308 0.328037 2.8577 0.169141 0.983354 -0.0672755 0.685346 -0.313246 0.118349 0.942345 -26.3348
0.934821 -0.140625 0.326294 2.93125 0.170532 0.983281 -0.0647939 0.775237 -0.311702 0.116205 0.943128 -26.3499
0.934592 -0.143566 0.325664 2.9981 0.173056 0.982935 -0.0633275 0.856662 -0.310989 0.115535 0.943442 -26.3667
0.934723 -0.148339 0.323142 3.07383 0.177651 0.982136 -0.0630172 0.929419 -0.307997 0.1163 0.944333 -26.3826
0.934743 -0.152849 0.320973 3.15426 0.181922 0.981389 -0.0624605 0.974828 -0.305426 0.116768 0.945107 -26.3987
0.934484 -0.157805 0.319328 3.23765 0.186918 0.980449 -0.0624761 1.00017 -0.303202 0.118061 0.945665 -26.4201
0.934146 -0.162766 0.31782 3.3282 0.19204 0.979435 -0.0628568 1.00322 -0.301028 0.119743 0.946145 -26.4457
0.933977 -0.168069 0.315554 3.42752 0.198293 0.97798 -0.0660137 1.00295 -0.297487 0.124217 0.946692 -26.465
0.933704 -0.17334 0.313498 3.53538 0.204355 0.976546 -0.0686952 0.979009 -0.294213 0.128196 0.94718 -26.4909
0.933369 -0.179027 0.311297 3.64979 0.210745 0.975011 -0.0711476 0.935458 -0.290757 0.132 0.947729 -26.5194
0.932595 -0.184621 0.310343 3.76031 0.217424 0.973303 -0.0743685 0.879989 -0.288303 0.136822 0.947791 -26.5511
0.931794 -0.190715 0.309067 3.87743 0.224817 0.971303 -0.0784268 0.817343 -0.285218 0.142549 0.947885 -26.584
0.930753 -0.196909 0.308314 3.99402 0.232963 0.96887 -0.0845083 0.759332 -0.282052 0.150472 0.947603 -26.6186
0.929599 -0.203727 0.30737 4.11417 0.241541 0.966266 -0.0900564 0.687047 -0.278632 0.157946 0.947403 -26.6533
0.92809 -0.210121 0.307621 4.23041 0.249563 0.963789 -0.0946186 0.596444 -0.276577 0.164574 0.946873 -26.6937
0.926431 -0.21732 0.307628 4.34892 0.258595 0.960863 -0.0999724 0.508381 -0.27384 0.172155 0.946325 -26.735
0.92526 -0.222783 0.307238 4.47574 0.26758 0.957087 -0.111841 0.454228 -0.269113 0.18568 0.945119 -26.7602
0.923727 -0.228116 0.307942 4.59434 0.276074 0.953448 -0.121836 0.382259 -0.265792 0.197543 0.943657 -26.7923
0.922403 -0.232719 0.308461 4.71467 0.284743 0.949047 -0.135476 0.330761 -0.261193 0.212781 0.941622 -26.8131
0.921216 -0.237949 0.308025 4.84245 0.291237 0.946436 -0.139881 0.213295 -0.25822 0.218552 0.941124 -26.8641
0.920154 -0.240665 0.309082 4.96079 0.295876 0.944112 -0.145721 0.100153 -0.256715 0.22552 0.939888 -26.9117
0.920049 -0.241729 0.30857 5.09236 0.298214 0.942585 -0.15076 -0.0197485 -0.254389 0.230709 0.939265 -26.9649
0.919982 -0.241586 0.308874 5.21838 0.299014 0.941808 -0.153989 -0.152487 -0.253675 0.234009 0.938637 -27.0241
0.919576 -0.240032 0.31129 5.31835 0.299708 0.94057 -0.160095 -0.262058 -0.25434 0.240498 0.93682 -27.0709
0.919574 -0.238366 0.312571 5.4209 0.299687 0.939719 -0.165054 -0.374716 -0.254363 0.245437 0.935528 -27.12
0.920983 -0.231197 0.313808 5.52017 0.294334 0.940342 -0.171031 -0.476966 -0.255523 0.249862 0.934043 -27.1659
0.922558 -0.223824 0.314522 5.61815 0.288563 0.941077 -0.176725 -0.577567 -0.256411 0.253782 0.932738 -27.2105
0.923887 -0.217265 0.315225 5.70687 0.283606 0.941526 -0.182274 -0.672698 -0.257169 0.257781 0.931435 -27.2494
0.924822 -0.211169 0.316616 5.78547 0.27881 0.942234 -0.185974 -0.772521 -0.259031 0.260252 0.930228 -27.2958
0.925599 -0.203106 0.319615 5.84391 0.27315 0.942688 -0.191981 -0.858872 -0.262282 0.26498 0.927983 -27.3324
0.926405 -0.198348 0.32026 5.91394 0.269428 0.943077 -0.195298 -0.94888 -0.263269 0.267195 0.927065 -27.3729
0.927632 -0.19139 0.32095 5.9804 0.263806 0.943748 -0.199685 -1.03265 -0.264656 0.269883 0.925894 -27.4113
0.928599 -0.184555 0.322147 6.04269 0.258437 0.944315 -0.203976 -1.11221 -0.266539 0.27265 0.924539 -27.4473
0.92933 -0.178941 0.323213 6.10354 0.254203 0.944601 -0.207939 -1.18459 -0.268075 0.275386 0.923287 -27.4831
0.930313 -0.17142 0.324451 6.16351 0.248182 0.945249 -0.212222 -1.25194 -0.270284 0.277939 0.921873 -27.5173
0.931387 -0.163245 0.325593 6.22521 0.241098 0.946417 -0.215164 -1.32316 -0.272999 0.27888 0.920792 -27.5556
0.932231 -0.154685 0.327344 6.28513 0.234402 0.946971 -0.220067 -1.37499 -0.275919 0.281866 0.919007 -27.5896
0.933183 -0.147102 0.328136 6.35571 0.227638 0.948088 -0.222349 -1.4406 -0.27837 0.282168 0.918179 -27.6306
0.933797 -0.140578 0.32924 6.42487 0.222083 0.948838 -0.224754 -1.4982 -0.280775 0.282976 0.917194 -27.6699
0.934412 -0.133986 0.33025 6.49897 0.216525 0.949489 -0.227412 -1.55027 -0.283075 0.283983 0.916178 -27.7096
0.934035 -0.128628 0.33342 6.56141 0.213089 0.949483 -0.230656 -1.58823 -0.286883 0.286472 0.914214 -27.7502
0.934084 -0.124006 0.335045 6.63983 0.209833 0.949497 -0.233568 -1.62488 -0.289136 0.288454 0.912884 -27.7904
0.934382 -0.119637 0.335788 6.73084 0.206145 0.949903 -0.235202 -1.67162 -0.290802 0.288973 0.912187 -27.8344
0.93425 -0.115547 0.337598 6.81838 0.203518 0.949737 -0.238139 -1.70442 -0.293089 0.291167 0.91076 -27.8778
0.933648 -0.113707 0.339868 6.90947 0.20325 0.94912 -0.240816 -1.72834 -0.295167 0.293899 0.909207 -27.9232
0.9337 -0.107022 0.341903 7.00828 0.197818 0.949728 -0.242929 -1.75144 -0.298692 0.294436 0.907886 -27.9714
0.932585 -0.0976749 0.347683 7.07629 0.190948 0.950566 -0.245143 -1.77864 -0.306525 0.294989 0.905086 -28.0109
0.932546 -0.0923234 0.349259 7.18467 0.18657 0.951017 -0.246757 -1.79353 -0.309345 0.295251 0.904045 -28.0599
0.931992 -0.0851995 0.352521 7.27706 0.180992 0.951639 -0.248515 -1.80848 -0.314272 0.2954 0.902291 -28.1015
0.930958 -0.0791694 0.356647 7.36723 0.1766 0.952176 -0.249608 -1.8184 -0.319804 0.295336 0.900372 -28.152
0.929727 -0.0729472 0.361145 7.44891 0.172097 0.952739 -0.250609 -1.82679 -0.325767 0.295133 0.898293 -28.2021
0.928497 -0.0666622 0.365511 7.52808 0.16747 0.953315 -0.251549 -1.83507 -0.331651 0.294752 0.896269 -28.2501
0.927123 -0.0596313 0.370171 7.59301 0.16231 0.95386 -0.252867 -1.84353 -0.337984 0.294505 0.893975 -28.2844
0.926012 -0.0556976 0.373562 7.67103 0.159471 0.954297 -0.253021 -1.84787 -0.342368 0.293851 0.892528 -28.3282
0.924685 -0.0516757 0.377397 7.73257 0.156799 0.95462 -0.253477 -1.84995 -0.347143 0.293545 0.890776 -28.3681
0.923866 -0.0481891 0.379867 7.79668 0.153839 0.955236 -0.252965 -1.85921 -0.350644 0.292122 0.889879 -28.4055
0.922951 -0.0434081 0.382646 7.84032 0.150401 0.955405 -0.254396 -1.86091 -0.354509 0.292328 0.888272 -28.4314
0.921497 -0.0407955 0.38643 7.86433 0.148771 0.955802 -0.253859 -1.86752 -0.358965 0.291399 0.886793 -28.4561
0.921276 -0.0382629 0.387205 7.90151 0.146294 0.956257 -0.253589 -1.87825 -0.360534 0.290255 0.886526 -28.4744
0.92145 -0.0368332 0.386941 7.93558 0.144656 0.956549 -0.253422 -1.88684 -0.360765 0.289468 0.886696 -28.4885
0.921777 -0.0363145 0.386198 7.96092 0.143747 0.956763 -0.253137 -1.89833 -0.360278 0.288834 0.887094 -28.4961
0.922561 -0.0379587 0.384175 7.98209 0.1446 0.956746 -0.252709 -1.90765 -0.357937 0.28867 0.888101 -28.4972
0.924273 -0.0409117 0.37972 8.00472 0.146317 0.956379 -0.253116 -1.91146 -0.35277 0.289492 0.889892 -28.4875
0.926832 -0.044944 0.372976 8.02894 0.148408 0.955929 -0.253595 -1.91753 -0.345112 0.290371 0.892611 -28.4711
0.928768 -0.04835 0.367686 8.01851 0.14977 0.955977 -0.252616 -1.93928 -0.339256 0.289673 0.895074 -28.4504
0.931804 -0.0273942 0.362133 7.98953 0.126461 0.959281 -0.252828 -1.94969 -0.340434 0.281362 0.897281 -28.4202
0.934401 -0.00432933 0.356395 7.94339 0.100831 0.962354 -0.25268 -1.9567 -0.341854 0.272025 0.899612 -28.3812
0.936859 0.0209185 0.349296 7.89138 0.0723762 0.965108 -0.251918 -1.96487 -0.34235 0.261273 0.90261 -28.3384
0.93856 0.0477298 0.342007 7.83264 0.0425638 0.966927 -0.251757 -1.95973 -0.342682 0.250832 0.905437 -28.2916
0.938984 0.0771357 0.335425 7.75547 0.010332 0.967872 -0.251498 -1.95242 -0.34402 0.239601 0.907973 -28.2386
0.938171 0.107036 0.329425 7.66742 -0.0224451 0.967909 -0.250576 -1.94468 -0.345644 0.227677 0.910416 -28.1846
0.935978 0.136633 0.324699 7.57459 -0.0549331 0.967113 -0.248611 -1.93334 -0.347962 0.214843 0.912655 -28.1343
0.934023 0.166415 0.316306 7.50533 -0.0889534 0.965438 -0.245271 -1.93313 -0.346159 0.200942 0.916494 -28.0859
0.931095 0.195359 0.308301 7.44175 -0.122084 0.962789 -0.241384 -1.92248 -0.343958 0.1871 0.92025 -28.045
0.92764 0.222765 0.300006 7.38121 -0.153708 0.95933 -0.237066 -1.90954 -0.340584 0.17379 0.924103 -28.0087
0.923502 0.248462 0.292515 7.32702 -0.183437 0.955267 -0.232274 -1.89233 -0.337114 0.160837 0.927718 -27.9775
0.917214 0.276144 0.287416 7.2655 -0.213869 0.949527 -0.229784 -1.86411 -0.336333 0.149284 0.929926 -27.9386
0.910405 0.301912 0.283137 7.22049 -0.242129 0.943311 -0.227317 -1.82792 -0.335689 0.138386 0.931847 -27.9063
0.904577 0.324704 0.276502 7.21163 -0.267411 0.93692 -0.22542 -1.78384 -0.332225 0.129965 0.934292 -27.8876
0.897152 0.347573 0.272886 7.20287 -0.292275 0.929915 -0.223538 -1.74903 -0.331429 0.120783 0.935812 -27.868
0.889868 0.367829 0.270154 7.20257 -0.314063 0.923081 -0.222324 -1.71507 -0.331121 0.11299 0.936888 -27.8576
0.882908 0.386397 0.26707 7.22621 -0.333883 0.91622 -0.221808 -1.68591 -0.330374 0.10666 0.937899 -27.8539
0.876383 0.401801 0.265809 7.26499 -0.350053 0.910191 -0.221718 -1.66426 -0.330994 0.10126 0.938274 -27.8579
0.870928 0.414897 0.263633 7.33971 -0.364181 0.904827 -0.220902 -1.66446 -0.330166 0.0963745 0.939085 -27.8738
0.866615 0.424769 0.262101 7.44116 -0.374308 0.900484 -0.221733 -1.66907 -0.330174 0.0940483 0.939312 -27.9009
0.866997 0.424211 0.261761 7.57089 -0.373328 0.900583 -0.222966 -1.68932 -0.330294 0.0955839 0.939121 -27.9418
