1.0 0.0 0.0 0.0 0.0 -1.0 0.0 0.0 0.0 0.0 -1.0 0.0
0.9997077917870291 0.0062242018811859805 0.02335787557215355 -0.300292 0.005414379324963718 -0.9993874489580729 0.03457472142477099 -0.00887445 0.023558767727268167 -0.03443815000863656 -0.9991291199275273 -0.0965023
0.9998147056153868 0.006976453720905313 0.01794111280544561 -0.527237 0.005940305730613897 -0.9983467176166321 0.05717118323004465 0.00408867 0.01831030319368016 -0.05705401403561865 -0.9982031718439783 -0.264617
0.9999236923605356 0.00596960613497481 0.010815417637156708 -0.735792 0.005079409891996298 -0.9967381501009899 0.08054352691809251 0.0335431 0.01126095250065195 -0.080482444892347 -0.9966924134420451 -0.463781
0.9999775591203435 0.005188370715342658 0.004238167651165112 -0.932202 0.004727748815135942 -0.9947448393011507 0.10227586750973142 0.0737662 0.004746540514963333 -0.10225353535720577 -0.9947470456654253 -0.686985
0.9999846460079571 0.004720229994600614 -0.002902960064961371 -1.10525 0.005041126320596935 -0.9924121650641817 0.12285227583583037 0.119387 -0.0023010418858579375 -0.12286502375135587 -0.9924207228513613 -0.923982
0.9999510276478569 0.003306100541697526 -0.009328022577323253 -1.25406 0.004600198678895896 -0.9898100454568375 0.1423197529679131 0.167275 -0.00876244703890126 -0.14235569399199077 -0.989776780850081 -1.17357
0.9998656790865557 0.00024033546417972628 -0.016387984123913985 -1.37183 0.002876973519764779 -0.9869410066330364 0.16105642629071082 0.213352 -0.01613526597697018 -0.1610819408407822 -0.9868091312542762 -1.4268
0.999750790564199 -0.0006170696928775163 -0.02231537566910851 -1.44394 0.003301866782719153 -0.9845359588805408 0.17515148685330528 0.259112 -0.02207837045636484 -0.1751815198477526 -0.9842885657477806 -1.70141
0.9996471457498196 -0.0018985558106907798 -0.026494895358773668 -1.48395 0.0030997431238685693 -0.982290037721325 0.18734106166562622 0.298225 -0.026381349222598598 -0.18735708494549022 -0.9819375474712858 -1.97902
0.9994648846925972 -0.0027012173507151636 -0.03259827742745398 -1.4858 0.0036389151080800162 -0.9812162653820432 0.19287664152652503 0.319118 -0.03250696176589327 -0.19289205264743195 -0.9806813720379371 -2.25454
0.999347987976309 -0.0025067027080285338 -0.0360182643840176 -1.4726 0.004630310770111643 -0.980451674273634 0.19670555314022184 0.322003 -0.03580724996248128 -0.19674407451194562 -0.9798008011808128 -2.52522
0.9989630674878143 -0.00821255353645048 -0.04478106474556908 -1.48751 0.0010666538456284755 -0.9791043023944519 0.20335591282833854 0.261721 -0.0455154044792477 -0.2031928123657039 -0.9780802773586663 -2.52541
0.9988354999221781 -0.010470694963251613 -0.047095739108740216 -1.45935 -0.0009744721206794644 -0.9803445465310429 0.1972907004674297 0.166014 -0.04823582174378294 -0.1970150619466176 -0.9792131386306414 -2.78021
0.9986509732326497 -0.008808839893012326 -0.051172629414765275 -1.41555 0.0009932671453469323 -0.9820842767323047 0.188439610526991 0.0485251 -0.05191576910592388 -0.1882362285398997 -0.9807506692239446 -3.01986
0.9983185726053133 -0.006304455448137965 -0.05762188328050919 -1.33081 0.003926293430901274 -0.9844302780154385 0.17573164753777723 -0.0693191 -0.057832618920334596 -0.17566240795329416 -0.9827502768358126 -3.24843
0.9928628265575911 -0.0595609625251424 -0.10332424392730757 -1.17306 -0.040061080786754064 -0.9825833619084859 0.18145260181880782 -0.235414 -0.11233217458176592 -0.17601826224484843 -0.9779565705643761 -3.3247
0.9954141595234712 -0.04345649320091484 -0.08521844999095404 -1.14072 -0.029094663314050112 -0.9861883736376006 0.1630521151922506 -0.238542 -0.09112711773574295 -0.15982498209198626 -0.9829302231147808 -3.25127
0.9976430041499114 -0.014309763119980955 -0.06710936559222017 -1.10748 -0.004934051452623343 -0.990441782792562 0.13784313561057124 -0.186334 -0.06844042231753905 -0.13718711884918897 -0.9881779207282744 -3.15869
0.9976504776576552 -0.019123447445527308 -0.06578615498150064 -1.02277 -0.010890433532082591 -0.9923094960517341 0.12330151054644985 -0.187807 -0.06763817625376337 -0.12229537114441881 -0.9901863053535497 -3.14831
0.9981102106155881 -0.014581384787482471 -0.05969414278290496 -1.02018 -0.008385965008883105 -0.9946718574859066 0.10275004387544664 -0.146139 -0.0608743218095796 -0.10205527494067024 -0.9929144161512653 -3.12601
0.9972014477205795 -0.02410039768302769 -0.07077035746342131 -1.07224 -0.018482028015681277 -0.9967035109368749 0.07899699947804496 -0.166799 -0.0724409228572365 -0.07746794251576956 -0.9943596082796029 -3.21586
0.9972767011399433 -0.018126973996992347 -0.07148841988143824 -1.18127 -0.014364217107574288 -0.9985016985962749 0.05280177238730427 -0.14482 -0.07233844503663954 -0.05163110219689854 -0.996042859848719 -3.17715
0.9976374415039111 -0.01226386511145894 -0.06759536169041963 -1.33746 -0.010464202784395185 -0.9995829780931536 0.02691412949567194 -0.114393 -0.06789724419752075 -0.02614321171835401 -0.9973497364071602 -3.00081
0.997658031911713 -0.0093687356563299 -0.06775454342144809 -1.48026 -0.009424078377720718 -0.9999554687671206 -0.00049722173918911 -0.0989451 -0.06774686788905933 0.0011345813893935352 -0.9977018966686857 -2.80242
0.9971431511396703 -0.010163225075003104 -0.07484814621166735 -1.6067 -0.01180362464430537 -0.9996990226634211 -0.02150670897781866 -0.075241 -0.07460704109200855 0.022328746983990545 -0.9969629965438137 -2.64036
0.9966347493152078 -0.006599393694334021 -0.08170449473731524 -1.73562 -0.010611491178631386 -0.9987537346011576 -0.04876857466859269 -0.0552498 -0.08128082622844467 0.04947146271445242 -0.995462707319824 -2.45978
0.9971874721353338 0.020427761182892926 -0.0721099992330957 -1.89698 0.014645212691306751 -0.9967011151123246 -0.07982734418151556 0.0202499 -0.07350281056918 0.0785467612757041 -0.9941970343606583 -2.28697
0.9980951006716126 0.03646104646760199 -0.04976707853401111 -2.02579 0.030858305293118483 -0.9935581741379858 -0.10904090791087595 0.0739495 -0.053422233290641795 0.10729746825568068 -0.9927906719425605 -2.35914
0.9972131551399847 0.06867616787856927 -0.029146306477350854 -2.14712 0.06387885819442786 -0.9878072843001929 -0.14197274583262068 0.167396 -0.038541077975755574 0.13971525703727675 -0.989441373836507 -2.4614
0.9959451471850441 0.0899477204224619 -0.001634438547017109 -2.2886 0.08840256551598653 -0.9818820487876329 -0.16760855789246748 0.228145 -0.016680833574886318 0.16678444129895192 -0.9858522708458118 -2.51066
0.9960677543146884 0.0885385492246421 0.003155014372229631 -2.37729 0.0876284283319623 -0.9793331997015723 -0.1822847840889358 0.256336 -0.013049420008701414 0.1818444644840074 -0.9832407148679111 -2.60323
0.9960682044209802 0.08858724695189822 0.0006571293994590364 -2.46139 0.08720232969000737 -0.9791347433391914 -0.18355083242178655 0.277149 -0.015616844694095333 0.1828864512848858 -0.9830099999990952 -2.6161
0.9956877788282338 0.09261166456015345 0.0053783528608426275 -2.57575 0.09201569514817896 -0.9785879942342143 -0.18411585859739227 0.31736 -0.0117880845982505 0.1838168031711333 -0.9828898330603738 -2.61659
0.9952892185478154 0.09667656214086204 0.007281055905804523 -2.71609 0.09635033655693181 -0.9779936120607932 -0.18505433638164 0.335496 -0.010769590885701272 0.18488411803318114 -0.9827013171921811 -2.41032
0.9950366335732236 0.09906177738667696 0.009426670051444807 -2.85961 0.09907700752650148 -0.9774383372358827 -0.18654233696709852 0.34704 -0.009265226757069691 0.18655042525426044 -0.9824016970723303 -2.20238
0.9953085147577905 0.09652027709700046 0.006693023215213361 -2.9903 0.09603934558162026 -0.9772287810439508 -0.18920981369793632 0.339258 -0.011721968729494832 0.18896493221884292 -0.9819138708871735 -2.01164
0.9950684591978902 0.09483716004392057 0.029063285849000878 -3.15451 0.0985913443106464 -0.9778059937163093 -0.18486531713515392 0.383744 0.010886153432526724 0.18681903470274452 -0.9823340266610836 -2.02574
0.9937554662121567 0.10116529836846982 0.04707075290961275 -3.30917 0.10819207735972663 -0.9768076657310337 -0.18477353318502188 0.442744 0.02728640265858199 0.1887123911541262 -0.981653241045353 -2.0353
0.993502160773391 0.10272308912863765 0.049004321222445746 -3.41304 0.11013141526369605 -0.9763160920326815 -0.1862201917356105 0.480972 0.02871459403540332 0.19040707811922897 -0.981285186218298 -2.03231
0.994205394498001 0.09793483006003224 0.04432158178796 -3.515 0.10457060407688477 -0.9766589894469219 -0.1876225122300432 0.509032 0.024912292429032507 0.19117004836958615 -0.9812407402326405 -2.01901
0.9946345001451911 0.09422178705447132 0.04271376786456149 -3.60793 0.10074555692841203 -0.976016569811857 -0.19298183389086201 0.515374 0.023506251936663083 0.19624961222116602 -0.9802721794598335 -2.01326
0.9952443556120454 0.09057211442427672 0.035851983363265644 -3.72943 0.09582585975674633 -0.9764388393726797 -0.19335096991330042 0.527077 0.017495062853403406 0.1958670085880962 -0.980474394220729 -1.81443
0.996057518901756 0.0840873540531419 0.028261916559556247 -3.84765 0.08799859302752087 -0.9768466346346272 -0.1950048718062698 0.527425 0.011210114381865803 0.19672307767861025 -0.9803950040897804 -1.61763
0.9968275286953862 0.07618976448328346 0.02302168158565787 -3.98646 0.07910680598252065 -0.9802889635654829 -0.18104049590894192 0.529257 0.008774467635899992 0.18228732182928567 -0.9832061538751745 -1.42944
0.9975882766366091 0.06702482245114473 0.018036171783210746 -4.11765 0.06907443151554486 -0.9841626847292717 -0.16325603479589088 0.535672 0.006808320498130529 0.164108144715201 -0.9864188580973754 -1.22056
0.9985055381382493 0.05304975727044951 0.013130634439805399 -4.25462 0.05439684555184493 -0.9878832500831547 -0.14535359437988538 0.521109 0.0052605609258084655 0.14585063407023607 -0.9892926356948464 -1.01993
0.9992994241368024 0.03699405822900878 0.005665736986888142 -4.38062 0.03741076781636345 -0.9916292248283906 -0.12357958940551575 0.509719 0.001046599850004782 0.12370497209891937 -0.9923184894512246 -0.808518
0.9998176922187677 0.019085019038079822 -0.0005868344347014602 -4.51481 0.018933231288930128 -0.9949093594956308 -0.09897928642374475 0.49868 -0.0024728686373315344 0.09895013105756835 -0.9950893208573756 -0.602951
0.9999751652846818 -0.0004229108010771128 -0.007034910115097927 -4.65647 -0.0009295097528292411 -0.9973922286745107 -0.07216563026338724 0.485353 -0.0069860450537174565 0.07217037706806614 -0.9973678518221654 -0.400951
0.9996854200967746 -0.020858078770246022 -0.013928438388756572 -4.79085 -0.02143742337197721 -0.998852409846223 -0.04282873128594319 0.479769 -0.013019129199212243 0.04311384805845026 -0.9989853344171209 -0.196224
0.9989074662724434 -0.041586523471154595 -0.021317478527048708 -4.92939 -0.04179318213094319 -0.9990826070198192 -0.009342070319362218 0.485108 -0.0209094177952875 0.010222789055106523 -0.9997291087246573 -0.00201038
0.9973885724051137 -0.06617882385484244 -0.028920562042931287 -5.06256 -0.06539308915210654 -0.9974855293321756 0.027319638798015265 0.486397 -0.030655823701769114 -0.02535709064737337 -0.9992083058236989 0.200056
0.9952133541960537 -0.0912582155313013 -0.03496166082843628 -5.19758 -0.08894407806551367 -0.9940521706456404 0.06284292332288799 0.481884 -0.040488647877100895 -0.059432483817632324 -0.9974108728404514 0.402089
0.9923966936422103 -0.11582799399808243 -0.041625452002214416 -5.32188 -0.11112549107305446 -0.9886035996414008 0.1015581016454966 0.493799 -0.05291434287394077 -0.09616027549068644 -0.9939583863199574 0.607865
0.9882223615460057 -0.14627960823041636 -0.04493150739059957 -5.45938 -0.1387347587550513 -0.9803427383641983 0.1402882106584972 0.480113 -0.06456958148860269 -0.132402384995668 -0.9890906821893761 0.825018
0.9832758641358577 -0.1760760256254927 -0.04653824457166944 -5.59785 -0.16515498962305483 -0.9697693596608246 0.17964191734014193 0.474735 -0.07676199847900222 -0.16895153820834116 -0.982630639318022 1.03847
0.9773867054016785 -0.20594862926177848 -0.0479623832732199 -5.73806 -0.19084191721007182 -0.9567882228988311 0.2193984028147902 0.468407 -0.09107464377990625 -0.20528384891971255 -0.9744557202013193 1.24377
0.9705661237784412 -0.23558882003774045 -0.04999307198918809 -5.86447 -0.21533807916686187 -0.9418671847289691 0.25790641324219044 0.46307 -0.10784670154630283 -0.23954981570427125 -0.9648756265766235 1.44776
0.963387093390963 -0.2632308645468018 -0.050939378065066696 -5.99891 -0.23714764403210745 -0.925234893248428 0.29614420008771325 0.468261 -0.12508518384578304 -0.27322134665050235 -0.9537839338743095 1.64492
0.9550675267527615 -0.29162534340018015 -0.0529214363853627 -6.11162 -0.25862351109347786 -0.90720137375088 0.33181251780817145 0.463473 -0.14477533923995722 -0.3032166330385644 -0.9418597425289563 1.85685
0.9461774687088199 -0.3196170064147089 -0.050923147175618765 -6.25037 -0.2801285611937907 -0.8875524613491096 0.36575759398354746 0.456476 -0.16209931187783141 -0.33180656648661555 -0.9293159933656024 2.06205
0.937051864842396 -0.34555655024119364 -0.050244135785115315 -6.36964 -0.2989718005215632 -0.8682842153142907 0.39585146700364904 0.450437 -0.18041525736002018 -0.3559117756150417 -0.9169390071811023 2.26572
0.9279274890290417 -0.3696213517023895 -0.04827661411031861 -6.50003 -0.31602274020085297 -0.848745805379586 0.4239813504465764 0.443469 -0.1976871335727299 -0.3781674420362717 -0.9043833164115429 2.46543
0.9190017992286345 -0.3914758785996497 -0.04671540954722753 -6.6241 -0.3309479893030508 -0.8303988096807883 0.4482312408311115 0.439396 -0.21426413930193883 -0.3964649459351513 -0.89269615505716 2.66909
0.9095476392528211 -0.41304574327348165 -0.04600332480676868 -6.74775 -0.3454832715589653 -0.8129770734130585 0.46873189263976145 0.426869 -0.23100736136005323 -0.4104406072361697 -0.8821417725791417 2.88611
0.9009722709550129 -0.4316163372368298 -0.04423013000692673 -6.88751 -0.35796087913851726 -0.7970621422951588 0.486370178286284 0.418721 -0.24517947707046422 -0.42237338783369743 -0.8726326519637794 3.09847
0.8937481902341591 -0.4463714060908229 -0.04434794558564015 -7.01542 -0.3673712194066376 -0.7851106106357475 0.4986378607956315 0.417356 -0.2573957256926489 -0.42936452682035237 -0.865675195153176 3.30724
0.8870509289488674 -0.459659684650702 -0.04305373105514404 -7.16625 -0.37703960942951925 -0.7750997537327685 0.5070123318861558 0.397476 -0.2664240649269264 -0.43351279804663084 -0.8608628645478872 3.51377
0.8818319332639719 -0.46944765704288655 -0.044624419019972494 -7.31184 -0.3836080024263518 -0.769170443032237 0.5110985521795733 0.390943 -0.2742578019863606 -0.433584740117242 -0.8583629367505763 3.72748
0.87861423832888 -0.47513800002542605 -0.04775878073820582 -7.45525 -0.38775547200995153 -0.7682292659024612 0.5093814768297971 0.380468 -0.27871618921781616 -0.42903108971588944 -0.8592145307925692 3.92644
0.8772862849851417 -0.4770869527907709 -0.05250536785687335 -7.60331 -0.3898127234934938 -0.7720483269089347 0.5019834872978391 0.374313 -0.28002645371384793 -0.41991596825309185 -0.8632819729535157 4.13053
0.8776857975989657 -0.4754780521083885 -0.05990210894684181 -7.74982 -0.38949732498729833 -0.7805651460315534 0.4888863739443738 0.370431 -0.2792122392030938 -0.40575691585474144 -0.8702883721590459 4.34265
0.8799787616641834 -0.4701237526905221 -0.06797820368435462 -7.9035 -0.3873142937373464 -0.7929781537735385 0.47029063939722576 0.372344 -0.27500003070310985 -0.38751684452948837 -0.8798895830268689 4.55445
0.8834974796294516 -0.4619903332174939 -0.07744117446162577 -8.05693 -0.3836381784453547 -0.8084721208611919 0.44631219771516073 0.370489 -0.26880095150043126 -0.3646063107020989 -0.8915202110264621 4.77251
0.8880460571787546 -0.45068341635743214 -0.09087716187063334 -8.18607 -0.37694459630850985 -0.8268970829090919 0.4173176075727561 0.371561 -0.263224185140884 -0.3363416009012679 -0.9042053726118252 5.00029
0.8938612524518683 -0.4363738591306463 -0.10290731962598416 -8.3322 -0.3691310556118583 -0.846561627282036 0.38350446541920047 0.369875 -0.25446871153061773 -0.3048134942567643 -0.9177877797023282 5.22349
0.900579642170683 -0.41887686555633014 -0.11618295748270603 -8.47185 -0.35867348074769095 -0.8670541030527367 0.3457896999445615 0.367905 -0.2455802156446238 -0.26973941847849797 -0.9310912972436277 5.44233
0.9081185089422876 -0.3986615637845027 -0.1280223858445475 -8.62513 -0.3466997100067144 -0.8873622699919022 0.30395314256654354 0.379247 -0.2347766700455891 -0.23164015056917991 -0.9440459500716007 5.66455
0.9159126767148478 -0.37623648192658893 -0.13982159454299858 -8.76937 -0.33267022816812836 -0.9064872280002969 0.2600219697696785 0.379299 -0.22457624078162985 -0.1916429365769626 -0.9554258196932666 5.88559
0.9242195296772027 -0.3514361269840304 -0.14936836885269406 -8.93192 -0.3168027637775719 -0.9240556875325905 0.21390908162479544 0.394572 -0.21320006994872676 -0.15037863873946955 -0.9653662492467416 6.11405
0.9320256826180742 -0.32585858834551795 -0.1585695662533619 -9.08568 -0.3000330945762555 -0.9392579918679473 0.16665703366850987 0.397608 -0.20324435809957622 -0.1077525178993855 -0.9731809316807609 6.33702
0.9398200637247324 -0.29836360393139516 -0.16648545783193683 -9.23811 -0.2811712692169781 -0.9522172107961008 0.11926902712191349 0.401448 -0.1941158550643242 -0.0652804971853282 -0.9788041129357204 6.55489
0.9467193297419104 -0.2710729444640807 -0.17390218363379434 -9.39091 -0.2622072747024562 -0.9622825125237414 0.07252386630693823 0.404472 -0.1870022881842337 -0.023061328464973187 -0.9820887532923345 6.7855
0.9527683290729704 -0.24390378967669518 -0.18095151974174317 -9.53489 -0.2430773010992605 -0.9696289013336309 0.02707802409400184 0.414887 -0.18206025597532116 0.018186123277992725 -0.9831191830669962 7.02669
0.9585444738384244 -0.2155692038395258 -0.18633950206494132 -9.67584 -0.22254582098993084 -0.9747719866868435 -0.0171152426363482 0.431223 -0.17794900739744218 0.05787479871737265 -0.9823363265397896 7.25834
0.9631984317585364 -0.18965699256794497 -0.19047048650113416 -9.81863 -0.2039233365089341 -0.9772586978495604 -0.05814387589803343 0.433954 -0.17511154697780576 0.09484546719513992 -0.9799695319077913 7.48929
0.9663911405499702 -0.16629288502773346 -0.1960480549653087 -9.95756 -0.1873590692625439 -0.9777646947909179 -0.09419543930305976 0.432015 -0.1760248352693476 0.12776101913172172 -0.976059618752268 7.74118
0.9689798480863553 -0.14570709118272626 -0.1996183798692202 -10.1004 -0.1725779567054229 -0.9770944139866683 -0.12451246931705406 0.423799 -0.17690365417911746 0.15509980572237297 -0.9719306289046338 7.99354
0.9709019539689776 -0.12955797589742274 -0.20140537892664256 -10.2609 -0.16121871326277043 -0.9755045703734408 -0.14966415627806595 0.388852 -0.17708168248895273 0.17777953780424666 -0.9680064636483532 8.22862
0.9720466824248528 -0.11589140733516458 -0.2041921371961038 -10.4078 -0.15183760342853847 -0.9736383310676582 -0.17021675141085035 0.366719 -0.1790826328037295 0.1964626732528607 -0.9640185831437196 8.47208
0.9729299350667574 -0.10537282026109301 -0.20567914381681568 -10.5543 -0.1441251274426825 -0.9723792798122132 -0.18359325649792294 0.347651 -0.18065239851888348 0.2082669079381191 -0.9612437807170818 8.72447
0.9734902429642441 -0.09840232864144402 -0.20647936596996413 -10.712 -0.13756386028565826 -0.9730964341868601 -0.18482292638124137 0.311664 -0.18273732841629547 0.20832741416040068 -0.9608364883332211 8.94717
0.9738854314500631 -0.09211198222061921 -0.2075151780972 -10.8465 -0.1315353182342437 -0.9738934926415579 -0.1850133104602044 0.251534 -0.18505573880952875 0.20747734267099158 -0.9605766631622088 9.14988
0.9739704549561097 -0.08902109703922384 -0.20846293952288494 -10.9459 -0.12725104437348095 -0.9757979471687623 -0.17783570509627103 0.128361 -0.187586578886783 0.19973384936750851 -0.9617263981187114 9.32501
0.9739215956135723 -0.08856446851927387 -0.2088852807485776 -10.9875 -0.12397544476022525 -0.9788002599214434 -0.16303416903894513 -0.0233977 -0.1900179325590558 0.18467914363461174 -0.9642545303043013 9.48939
0.9734356530832255 -0.09080214780188604 -0.21018563048172142 -10.9735 -0.12276068524362592 -0.981880596464412 -0.14436172777161588 -0.18523 -0.1932688372835872 0.1663293847798854 -0.9669445135548345 9.6455
0.9728474239150399 -0.09638383831596506 -0.21042349083064088 -10.9478 -0.12371670313531169 -0.9849334489470064 -0.12083161221586014 -0.357001 -0.19560691998802104 0.14358362321949097 -0.9701142592478286 9.78409
0.9722011093882889 -0.10490674420766041 -0.2093312636084957 -10.9211 -0.12673660925110686 -0.9874992338290957 -0.0937181682625183 -0.529401 -0.19688279452433943 0.11764284171464895 -0.973343375697184 9.93357
0.9705527222953735 -0.11503756672645508 -0.21164539089405224 -10.8403 -0.13173137020395417 -0.9890524904484671 -0.06649824991587279 -0.697424 -0.20167860409381197 0.0924203948235534 -0.9750816433875834 10.0893
0.9688756231061528 -0.12637503632698865 -0.21285999423098856 -10.7599 -0.1372421168649221 -0.9898457366136704 -0.03701376860271654 -0.870483 -0.20602094143338745 0.06507509432257992 -0.9763813823449359 10.2278
0.9671104419422722 -0.13832637735381426 -0.21345539677973308 -10.6806 -0.14301579610170873 -0.9896983408360462 -0.0066087980580520275 -1.03991 -0.21034228094136848 0.03691893111328956 -0.9769304567746033 10.3649
0.9654714738207687 -0.15110836798997748 -0.21220531181324942 -10.6062 -0.14934599558730113 -0.9884837729753281 0.02440500289895302 -1.21085 -0.21344930742541818 0.008129679444211103 -0.9769203148014395 10.5033
0.9637212721055791 -0.164115963131723 -0.21049289854185427 -10.5331 -0.1557340475066477 -0.9862152682498674 0.05591378289866686 -1.3904 -0.21676765473289972 -0.02110439092200929 -0.9759950760866621 10.6275
0.9615965298097002 -0.17724262477342687 -0.20956422839160394 -10.4473 -0.16262647026517832 -0.9830046499342457 0.08517329027776269 -1.55176 -0.22109894849824863 -0.04782164960639867 -0.9740782026110077 10.7862
0.9600848409878666 -0.18832814818806107 -0.20680813984308802 -10.3715 -0.16781817619833292 -0.9793481695298583 0.11275736151569396 -1.70245 -0.22377255828802564 -0.07355046864956963 -0.9718622179705623 10.9296
0.9590846448207857 -0.1978543681196334 -0.20250998267978895 -10.3117 -0.17207939659493302 -0.9753714942545622 0.13798235199889416 -1.82954 -0.22482287547425325 -0.09748895943440761 -0.9695104834151538 11.0963
0.9582743143794179 -0.20654995589580816 -0.19760428669463645 -10.2517 -0.17658738087654807 -0.971360822492418 0.15898128645225548 -1.95156 -0.22478264015670182 -0.11745325983680861 -0.9673042419207567 11.2768
0.9582246526719852 -0.2119937432380488 -0.19200043708172587 -10.1999 -0.17896704932916543 -0.9680447808268501 0.1756704231460374 -2.05712 -0.22310605161237917 -0.1339699785094258 -0.9655442685822947 11.4476
0.9597656965377805 -0.2115352890765096 -0.18466897201389024 -10.1658 -0.1766003344539736 -0.966019608175203 0.188728478221418 -2.12757 -0.21831658118451316 -0.14852251713577005 -0.9645096849091568 11.6108
0.9612542309350602 -0.21005631027672964 -0.17851232456716154 -10.1136 -0.1745310381863834 -0.9650057389815578 0.19571111476418532 -2.20586 -0.21337577233375982 -0.156972195772319 -0.964277195382836 11.793
0.9653276590976594 -0.1980798571745777 -0.1700202363330096 -10.0873 -0.16354454246603983 -0.9665607226551807 0.1975184853371176 -2.23153 -0.2034593158609535 -0.16286417531794503 -0.9654426793898221 11.9281
0.9690451184692076 -0.18613659484737352 -0.1621873189544239 -10.0444 -0.15395997129480513 -0.969165982830711 0.19238925376092264 -2.28391 -0.19299711295742766 -0.16146351223235123 -0.9678231494481268 12.0711
0.9731339582512133 -0.17100876681264524 -0.15416322833783835 -9.98897 -0.1423041656086471 -0.9731035638020797 0.18116009098617325 -2.3364 -0.18099675065799636 -0.15435496684237326 -0.9712953827041171 12.2246
0.9782827151515194 -0.15211684080854757 -0.14079558223963795 -9.96598 -0.12838966318051884 -0.9779797221049584 0.16453497360713842 -2.38217 -0.16272376477996253 -0.14288502333672276 -0.9762708878594608 12.3487
0.9829251867309012 -0.1315647952386066 -0.12864206910589965 -9.92279 -0.11297937662071261 -0.9833362105856625 0.14242737591286903 -2.4327 -0.14523683330484288 -0.12546155428996586 -0.9814100369604581 12.4793
0.9874508062604478 -0.1069061595005292 -0.1162410352519249 -9.8762 -0.09342221294180028 -0.9888642164257925 0.11584408315343762 -2.47345 -0.1273310462717116 -0.1035308385624837 -0.9864421777894031 12.5878
0.9916355791018722 -0.08154232625866462 -0.10004862461633714 -9.84974 -0.07272141627583156 -0.9933862658614921 0.08885562679199652 -2.51104 -0.1066324241219924 -0.0808367232517922 -0.9910070384713628 12.6761
0.9947667331697482 -0.055712182890341654 -0.08564636160619994 -9.78796 -0.050935799051432744 -0.9970752219675222 0.056978470613103335 -2.55555 -0.08857025998482167 -0.05231782120854557 -0.9946950058335527 12.7767
0.9969910312406837 -0.032837365094316326 -0.07021816772959398 -9.71812 -0.031356943633975384 -0.999264275210353 0.022082807209780245 -2.61873 -0.07089164768556665 -0.019814533605190095 -0.9972871996302947 12.8724
0.9984489338666959 -0.0034748142724573537 -0.05556664580690924 -9.64029 -0.004030077570720577 -0.9999430327357725 -0.009883812926192517 -2.63331 -0.05552913591289308 0.010092420371641386 -0.9984060587335245 12.9336
0.9989486240476602 0.02245154321033619 -0.03996967251255374 -9.55937 0.02075029245464955 -0.9988817599486108 -0.042481231208759275 -2.66006 -0.04087874602202104 0.04160718506988854 -0.9982974357746428 12.9763
0.9988927799776058 0.041983002028323065 -0.021228321867280846 -9.48644 0.04022877643277462 -0.9962019206460307 -0.07722291659787177 -2.71477 -0.024389744880438775 0.07628342442398507 -0.9967878307357178 13.0111
0.9981368020800869 0.06091521240534586 -0.0035016040536287453 -9.41336 0.06015473504616719 -0.9920366956068873 -0.11065533164241603 -2.7613 -0.010214312745467306 0.11023852079459001 -0.9938526733616799 13.0264
0.9968257587646179 0.07865655658726536 0.01231067703977561 -9.33904 0.07960904511774175 -0.9865181642831085 -0.14298360561591214 -2.80347 0.0008981084481824199 0.14350978240287196 -0.9896484910087497 13.0366
0.9950716834506969 0.09583426267632214 0.02545857207076057 -9.26969 0.0987801398010324 -0.9804470788092868 -0.17019403525160623 -2.82993 0.008650362737187235 0.1718700664793674 -0.9850816471099709 13.0349
0.9931522136568478 0.11125770058263233 0.03564273515834218 -9.19838 0.11611064265775357 -0.9737458881691949 -0.1957990396687084 -2.85589 0.012922815873711196 0.198596750564178 -0.9799960874897631 13.0262
0.9912166258325644 0.1251264356240309 0.042813266415117804 -9.12669 0.13148258653777103 -0.9671935727171056 -0.2173681723069392 -2.87543 0.014210211484849567 0.22108814532386603 -0.9751502970756917 13.0182
0.9893743497173596 0.13778874943124866 0.04639673104351375 -9.06255 0.14488941614961406 -0.9608847578361476 -0.2360244462889211 -2.88902 0.012060398383782221 0.24023892833664662 -0.9706388638945403 13.0014
0.9882318493198882 0.14487892964881946 0.04907043645216719 -9.0131 0.15259578289150885 -0.9559800950036 -0.25063237021708756 -2.91611 0.010599010969012602 0.25517083238630583 -0.9668378908926555 12.9965
0.9873995059808318 0.1503786840843317 0.049279478100665165 -8.97846 0.15805239465385124 -0.9525984469928093 -0.2599531483384483 -2.93473 0.007852141936594857 0.2644663497686479 -0.9643629470832311 12.9884
0.9870649413705376 0.15395023976116287 0.04474511364001135 -8.9479 0.16031203014912979 -0.9507304246329237 -0.26535205419737196 -2.94997 0.0016895285264139255 0.2690928898257644 -0.9631127463275405 12.976
0.987414445134359 0.1542401042060468 0.03496718167815697 -8.92347 0.15797439562038865 -0.9513476371715573 -0.26454066526049896 -2.96071 -0.007536834108453107 0.26673519359582504 -0.963740386530013 12.9586
0.9878389517330604 0.15346764393106446 0.024937676418933796 -8.91813 0.15467134324149537 -0.9536324642243177 -0.2581896565653353 -2.96025 -0.01584238046503622 0.25890694359885813 -0.9657723404288909 12.9499
0.9883706011339426 0.15162497656757692 0.011550813608195834 -8.91509 0.14979259426229788 -0.9577114267514308 -0.24566440884651933 -2.94675 -0.026186514053996045 0.24453770578506082 -0.9692861171661749 12.9363
0.9896785984469477 0.1432402071319299 -0.004302887040908518 -8.91138 0.13842015139508115 -0.963286160123599 -0.23004268169645056 -2.95103 -0.03709627291046656 0.22707271252868202 -0.9731710280115301 12.9309
0.9905462668884998 0.13490271690870315 -0.024886745948540623 -8.89852 0.12679520272339012 -0.969612709251695 -0.20922277749786744 -2.93816 -0.05235522628727052 0.20408932120088508 -0.977551266815286 12.9172
0.9912669704472431 0.1230293943569191 -0.047471690769490524 -8.8811 0.11236107921058684 -0.9764256214628265 -0.18430407925373024 -2.92583 -0.06902739440958695 0.17736057587610257 -0.9817221831790909 12.9081
0.9908155438896126 0.11145117784561501 -0.07657148910368655 -8.84735 0.09853138776224377 -0.9828875461754883 -0.1556394461528741 -2.89775 -0.09260736262510263 0.14666528740623028 -0.9848416978670586 12.8763
0.9907329237919121 0.08919969065372475 -0.10242894562578088 -8.82339 0.07611244683642836 -0.9892012242442129 -0.1252510813938259 -2.91235 -0.11249519612544011 0.11629425239895023 -0.9868234278267153 12.8643
0.9899595696255059 0.07364656789462423 -0.12064921692338113 -8.84479 0.0630507458148708 -0.9939975308000109 -0.08940644392698714 -2.88084 -0.12650950145768153 0.08090174164270782 -0.9886608388320561 12.8469
0.9875731874077244 0.04534029168359623 -0.15047743174108807 -8.79946 0.03761885441228114 -0.9978444755459231 -0.053770107078085785 -2.89886 -0.1525910262959621 0.04744112743735786 -0.987150099083932 12.835
0.9841001402200217 0.018758086469240567 -0.17662119977778973 -8.76935 0.01631364261845446 -0.9997501301488733 -0.015282091866902471 -2.89891 -0.17686373026556562 0.012157773617056469 -0.9841602559833563 12.8231
0.9795491402850067 -0.0060855115815369445 -0.20111302373465387 -8.74366 -0.0008462648386908687 -0.9996582742395488 0.02612697036072428 -2.87897 -0.2012032942144021 -0.025422456474509875 -0.9792195530646204 12.7993
0.9731486863413622 -0.03833724881418172 -0.22696230882117943 -8.69158 -0.023794211239310158 -0.9975046464554932 0.06647041305122314 -2.89216 -0.22894425038331925 -0.05928520602191285 -0.9716325409141869 12.7992
0.9657367564386953 -0.06927512665969564 -0.25010692531305845 -8.64661 -0.043486263405091645 -0.9932850628999584 0.10720880894259051 -2.89875 -0.2558543768598295 -0.09265927177627188 -0.9622644112693556 12.7908
0.9583305794802208 -0.09382264505652645 -0.26981440233556975 -8.6092 -0.05472201517845325 -0.987327715419605 0.14896134874225617 -2.87145 -0.28037118519547044 -0.1279894278403493 -0.9513205058618188 12.7609
0.9499457983461996 -0.11816878436164265 -0.28920428524987857 -8.55944 -0.0634594738214478 -0.9793929473800658 0.19173510321402443 -2.83753 -0.3059017413920792 -0.1637852039247722 -0.9378691441713041 12.7331
0.9411442082546169 -0.14446445653544726 -0.3055774861908312 -8.50467 -0.07401156836591932 -0.9702004587687159 0.23072355222861315 -2.82341 -0.3298027698743699 -0.19452786587759244 -0.923790583617468 12.7255
0.932788379155796 -0.16720529671082102 -0.3192933266821421 -8.4497 -0.08035418845470663 -0.9600594895610326 0.2680092925657526 -2.79868 -0.35135316151941526 -0.2243393974665529 -0.9089679810833029 12.7093
0.9250749842549513 -0.1881759130678412 -0.3298880101591845 -8.39728 -0.08523955304253028 -0.9493327340944864 0.30249227853582855 -2.7755 -0.3700952473388595 -0.2517085332637173 -0.8942439947684395 12.6941
0.9181675219130293 -0.2071711504363758 -0.3377106988695435 -8.34276 -0.08950661542160944 -0.93881956964949 0.33257537707851237 -2.7591 -0.3859494364549002 -0.2751325681739898 -0.8805368262770897 12.6816
0.9120954456453482 -0.2202014047904005 -0.3458225547319721 -8.27242 -0.08799299838411888 -0.9290023016491317 0.35946064564286856 -2.72727 -0.40042368844560894 -0.29743245427987447 -0.8667149501841215 12.6679
0.9076906872454792 -0.23173022527919201 -0.3498552829097837 -8.2154 -0.0875433309449948 -0.9199262116341668 0.38219357707249046 -2.70488 -0.41040684874266536 -0.3162860538191109 -0.8552948910549213 12.652
0.903814765016183 -0.241891215543277 -0.3529978900528131 -8.14891 -0.08731975784389531 -0.9118023383679013 0.4012377794237612 -2.69076 -0.4189201957757892 -0.33182093904668414 -0.8452222985589952 12.6505
0.901712949482202 -0.24811073546153978 -0.3540548258177562 -8.08924 -0.08494990442072152 -0.9046512321572733 0.417599882537385 -2.66671 -0.4239071484122651 -0.3464782981732929 -0.8368127140644559 12.6443
0.9000380400653119 -0.254180143191565 -0.3540112727619097 -8.02844 -0.08429900594864183 -0.8985006600315415 0.43080185876914995 -2.65652 -0.42758064038431687 -0.3578952622346366 -0.8301119064551101 12.6471
0.8996139084860274 -0.2573986312803738 -0.3527616196151216 -7.97458 -0.08227308557707595 -0.8932520382711698 0.4419637264686186 -2.64112 -0.42886589401364233 -0.3685739284585807 -0.8247589370309899 12.6433
0.899342937961265 -0.2596651187595565 -0.3517901448858194 -7.91063 -0.08033297206673723 -0.8889932225724062 0.45081888139168824 -2.63101 -0.42980099294688134 -0.377180429396746 -0.8203694473479379 12.6474
0.8993334751853816 -0.2597173952801861 -0.35177574532627987 -7.83786 -0.07655629787368773 -0.8855903294005103 0.45811450722299846 -2.61561 -0.43050950473463345 -0.38506706306976074 -0.8163240308063762 12.6503
0.8997181781650676 -0.26013519479730995 -0.3504809271659409 -7.77249 -0.07447703180720355 -0.882710090740987 0.46397852044812077 -2.60789 -0.43007019382017253 -0.39134712996495075 -0.8135644118664946 12.6552
0.9000362285072331 -0.2597300695344343 -0.3499643958377956 -7.7012 -0.07173741557109486 -0.8803501844009617 0.46886810089018893 -2.60056 -0.4298703648562615 -0.39689273589325147 -0.8109794236683899 12.6614
0.900487449561796 -0.25877729623321866 -0.3495091760396519 -7.6319 -0.06878657767989046 -0.8783249727031337 0.4730894725705991 -2.59119 -0.4294074520927411 -0.40196959248214814 -0.8087210191450174 12.667
0.9013143399642689 -0.2570856856662885 -0.34862502893548564 -7.57015 -0.06521182610007305 -0.8761907488274563 0.4775323961846725 -2.57799 -0.4282287686639791 -0.40767232171767015 -0.8064883134887053 12.6602
0.9012300280416149 -0.2562579144196125 -0.3494514527848182 -7.49642 -0.06210345225436932 -0.8744660010809339 0.481094974169975 -2.5673 -0.42886780920721795 -0.4118750954486447 -0.8040095198285718 12.6702
0.9009880841161175 -0.2547817291777888 -0.35115059840180296 -7.42195 -0.05755046670886538 -0.8724301158810797 0.4853386824531071 -2.54923 -0.4300097860076677 -0.4170754888277445 -0.8007119460559697 12.675
0.9001512858950595 -0.25537295274563654 -0.3528630293859717 -7.35217 -0.05481742191971374 -0.8700800512705074 0.4898527887388074 -2.53965 -0.43211423577052666 -0.4215985761207994 -0.7972025638803275 12.6764
0.8983876407209153 -0.2582456958730144 -0.3552587895646921 -7.27524 -0.05357355173277914 -0.8672647499692876 0.4949562889947396 -2.53372 -0.4359237565843858 -0.4256301375886951 -0.7929750717529431 12.6818
0.8953687242533117 -0.26052099236017845 -0.36116984947343556 -7.17826 -0.04920437744764165 -0.8639338150502187 0.5011958623659655 -2.51428 -0.44259888936709535 -0.43098396229145425 -0.7863580910619354 12.6819
0.8911743992195531 -0.2648817999316905 -0.36830126559735926 -7.07202 -0.045326620050689465 -0.8597686589364542 0.508668212713741 -2.49387 -0.4513908369588921 -0.4366182373373324 -0.7782100147993418 12.683
0.8857367123830451 -0.2728019789049331 -0.3755656489116485 -6.96503 -0.04352049786369859 -0.8543214193017501 0.517919760955246 -2.47892 -0.4621433139217433 -0.44239574232557416 -0.768576323190894 12.6796
0.878670463138853 -0.28172527813353 -0.38544660443171513 -6.84377 -0.03992955939633422 -0.8478739457286714 0.5286921622654424 -2.45454 -0.4757560798284857 -0.4491554739898863 -0.7562509588034597 12.6722
0.8702660600066934 -0.2932550449246403 -0.39577577417860377 -6.72018 -0.040455993614526065 -0.8433098010867146 0.5359028755024055 -2.42754 -0.4909178112282008 -0.45036658181678224 -0.7457678221816626 12.6561
0.8596284587156754 -0.3087303809440099 -0.40709269810238513 -6.58794 -0.04297842598885143 -0.8376554403784292 0.5445054803249836 -2.40618 -0.5091087976706296 -0.4505762034180088 -0.7333412009752213 12.6436
0.8477039843928719 -0.32339205527459863 -0.420494391674515 -6.43976 -0.0419649813360185 -0.8310817657981501 0.554564729224007 -2.36554 -0.5288070491076279 -0.4524606912684234 -0.7180824657871708 12.6221
0.833350173854129 -0.3409765821253857 -0.4350430532480471 -6.27832 -0.04163592268609556 -0.8235456887344369 0.5657198498453095 -2.33043 -0.5511750517570353 -0.4533293162911618 -0.7004988174948029 12.6045
0.8176637377525396 -0.36134004078383963 -0.4481733893158756 -6.11461 -0.04293187948906549 -0.8145940738496292 0.5784404451389973 -2.29943 -0.5740930810313626 -0.4537288504992801 -0.6815770422604618 12.5892
0.8002947050849349 -0.38190839579185104 -0.4622492425485536 -5.93564 -0.04220518623643743 -0.804887530854822 0.5919246446374534 -2.26099 -0.5981196429375684 -0.45420484354322194 -0.6602657441016555 12.574
0.7815628972244606 -0.40464788684439823 -0.47478366163387586 -5.75549 -0.042935534971169864 -0.7941705286465641 0.6061763037813145 -2.2307 -0.6223471519327834 -0.45337981770431746 -0.6380679927559076 12.5688
0.7617619013891985 -0.4285218610726245 -0.4858886911369381 -5.5698 -0.04310091473733174 -0.7818533018815728 0.6219708397390402 -2.20346 -0.6464217792902075 -0.452851442439721 -0.6140557420459041 12.5723
0.7407803563156196 -0.45242592833641143 -0.49654329425120614 -5.37788 -0.041751829277642205 -0.7687624072036915 0.6381701544434338 -2.1751 -0.6704485427300698 -0.4520123235480665 -0.5883737000510846 12.595
0.7236537684669861 -0.48084517911797064 -0.4950890193718057 -5.26586 -0.053119288739281845 -0.7540275227984037 0.6546914051874635 -2.16937 -0.6881159528359754 -0.4474711259751957 -0.5711970123093504 12.6803
0.7009145788883513 -0.5049763177490013 -0.5037039523514031 -5.06334 -0.05034007363493276 -0.7394776265662548 0.6712962958294704 -2.15212 -0.7114665347633677 -0.44516486644904707 -0.543731194241426 12.7384
0.6781683798311757 -0.5272961736449007 -0.5119046726262666 -4.85194 -0.04485978639393576 -0.7249605380238329 0.6873280278534301 -2.13562 -0.7335361260100615 -0.4431602007938459 -0.51529970722921 12.8056
0.6554019496858924 -0.5478298106675998 -0.5199334408285667 -4.62822 -0.03653166026495136 -0.710585871055217 0.7026614815506718 -2.12085 -0.7543962633432229 -0.44153167315675157 -0.48573249783515876 12.8768
0.6325183383182902 -0.5672524556935056 -0.5273947318667082 -4.39264 -0.027244338569026416 -0.6967815568368336 0.7167657972224785 -2.11505 -0.7740660809691934 -0.438998990388049 -0.4561815304582906 12.9421
0.6101768646246593 -0.5847567555359792 -0.5345500264071223 -4.14227 -0.015233482002562637 -0.6832456403132158 0.7300296816014135 -2.11444 -0.7921187631301871 -0.43730416399574656 -0.4258085640861199 12.9851
0.5887686114770553 -0.6004555625083192 -0.5411142574283165 -3.87996 -0.0031810217112930306 -0.6711620285184798 0.7413038598144703 -2.12353 -0.8082953688103458 -0.43473514802437757 -0.3970691977879545 12.9882
0.5687794844426944 -0.6129967132188651 -0.5483839235973015 -3.60726 0.011299424283353954 -0.6608496372972742 0.7504332614529594 -2.13541 -0.8224124397697102 -0.43302746618076027 -0.3689512060491239 12.961
0.5505714898202814 -0.6237153475315828 -0.5548425000399956 -3.3288 0.025310763646461676 -0.6518727091183321 0.7579058888479223 -2.15164 -0.8344042184940753 -0.4313248617460895 -0.3431158168884205 12.9218
0.5360568148315776 -0.6305916696856217 -0.5612461468871954 -3.04422 0.039536233172450364 -0.645357265354769 0.7628570549718654 -2.15876 -0.8432555825721864 -0.4311242815904874 -0.32101694080519927 12.9085
0.5226805110198927 -0.6339066912602712 -0.5700591111239597 -2.75255 0.05481494675374665 -0.6422963312053149 0.764493783187657 -2.15192 -0.850764600234617 -0.43083376109080357 -0.3009682130923208 12.9753
0.5133062717727919 -0.6338034688736762 -0.5786275435912226 -2.4709 0.05563756499415751 -0.648234916588863 0.7594050001656238 -2.14089 -0.8564001008408618 -0.422000776964599 -0.29747976657419417 13.0631
