1.0 0.0 0.0 0.0 0.0 -1.0 0.0 0.0 0.0 0.0 -1.0 0.0
0.9999957652473177 -0.0012257426108904514 -0.002639515577374924 0.12238 -0.0012321814398782414 -0.9999962661187707 -0.002439155061877796 -0.057676 -0.0026365159454433424 0.0024423970947640666 -0.9999935417191959 -0.0493448
0.9999829990989554 -0.0027276845849578176 -0.005153760749578971 0.25229 -0.0027604226057195685 -0.9999759912701801 -0.006355859521631743 -0.117278 -0.005136300234288265 0.006369978023970569 -0.9999665203394951 -0.0960993
0.9999880617575513 -0.0021986960226301386 -0.004363722971954582 0.364826 -0.0022409196416359237 -0.9999504926819786 -0.00969486793247795 -0.165873 -0.004342190868170588 0.009704530945312576 -0.9999434821316632 -0.137945
0.9999891865936994 -0.0022081233113219424 -0.004092784762627321 0.478887 -0.002263319477529318 -0.9999058901928917 -0.01353100670694121 -0.213927 -0.0040625214601075245 0.013540123670138625 -0.9999000754927381 -0.171685
0.9999749229254445 -0.0019485175232510298 -0.006808582797701202 0.605778 -0.0020732856292310455 -0.9998291743251394 -0.018366372941050868 -0.262438 -0.006771632517435739 0.01838002850301721 -0.9998081413677712 -0.212507
0.9999867521300139 0.0009843655369095082 -0.0050523844821847375 0.708449 0.00087434995496004 -0.9997634674573415 -0.021731190713570988 -0.296261 -0.005072580864051125 0.021726485269437334 -0.9997510834008707 -0.245669
0.9999949430272805 0.0025799639862413193 -0.0018594907087962748 0.802819 0.0025330348760437215 -0.9996889041851611 -0.024812871324953835 -0.332397 -0.0019229285434326573 0.024808035692123385 -0.9996903839244007 -0.273498
0.9999880280557801 0.004882455218500476 0.0003246169294243638 0.900065 0.004889657432325522 -0.9995919066599303 -0.028144473527834564 -0.363634 0.00018707032376946757 0.02814572384934902 -0.9996038131348287 -0.296823
0.9999821644917535 0.0054775576639801505 0.0023805588472220886 1.00018 0.005549708351845462 -0.999490244884111 -0.03143964247107979 -0.401711 0.0022071328906007833 0.03145229313639372 -0.9995028173151217 -0.320204
0.9999758569985843 0.006075451330429561 0.003372582256746246 1.10713 0.006190090877760908 -0.9993649391808447 -0.03509132529545499 -0.437789 0.0031572448229428003 0.03511135467620068 -0.999378419107562 -0.339845
0.9999718148629289 0.006710769135913553 0.003366757690178229 1.21987 0.006836303756930524 -0.9992245869753511 -0.03877485957268578 -0.472287 0.0031039379315446667 0.038796782876199865 -0.9992423005496585 -0.355455
0.9999647410021019 0.007168497312252714 0.004373716827146102 1.32684 0.007345150318335806 -0.9990986750796075 -0.04180772920135966 -0.506056 0.004070076092763718 0.04183838071026883 -0.9991161015518376 -0.369753
0.9999565580357691 0.007974632878330076 0.004825688729400489 1.43837 0.008183075117188182 -0.9989607543782842 -0.04483802508580827 -0.540087 0.00446310686446802 0.04487556620729116 -0.9989826145808 -0.387614
0.9999497112428647 0.00902278578520865 0.0043777073892384 1.55849 0.009221974390346596 -0.9988123130899521 -0.0478426421536638 -0.569577 0.003940834131925279 0.047880607312083816 -0.9988452919595562 -0.402038
0.9999349891539022 0.010015209700717027 0.005450966926702783 1.67032 0.010274306986451969 -0.9987070951496766 -0.04978530620216073 -0.59811 0.004945309063495248 0.04983807452485923 -0.9987450676954159 -0.41317
0.9999219957363533 0.010932093522751892 0.006040842146364376 1.79079 0.011228472545693905 -0.998613662788287 -0.05142639299864719 -0.626224 0.005470269364307784 0.05149021095092266 -0.9986585173768413 -0.42435
0.9999057015539733 0.011676059692748753 0.007228943899913765 1.91014 0.01204114393478414 -0.9985373422414424 -0.052708509769660274 -0.655326 0.006602942722645994 0.05279058419309194 -0.998583774837121 -0.436879
0.9998799370701759 0.0126934253412205 0.008887541710033838 2.03077 0.013146733944743619 -0.9985103621029445 -0.05295488796733101 -0.680956 0.008202123574224897 0.05306537219461778 -0.9985573551092193 -0.446531
0.9998461747314378 0.013541954946562828 0.01114640440396574 2.15317 0.014109248563934218 -0.9985214364342019 -0.05249638164997061 -0.706068 0.010419020101362914 0.05264557377029443 -0.9985589054144597 -0.454624
0.9997873755199106 0.014207533670191386 0.014944890030363603 2.2699 0.01494816342496243 -0.9986034570294317 -0.05067235951767761 -0.733524 0.014204089595250335 0.050884983992122226 -0.9986035060237329 -0.465511
0.9997271416692391 0.015197828761135955 0.017738889784871092 2.39962 0.016046170039359597 -0.9986843463165115 -0.04870417691974484 -0.758069 0.016975353808406278 0.04897552882112695 -0.998655713917349 -0.473413
0.9996136736206125 0.016179744674997897 0.022599101153709545 2.52131 0.017182431773592893 -0.9988435894475931 -0.044902648672364424 -0.782059 0.021846453923910495 0.045273609108396055 -0.9987357171790996 -0.479933
0.9994718340825851 0.017322991996232998 0.02749485086141508 2.64695 0.01843653316035859 -0.9989981620648866 -0.04077703319278136 -0.804949 0.026760925257173156 0.041262405883281235 -0.9987899012004992 -0.485521
0.9993169781054406 0.01806761820809995 0.03223567034352714 2.77626 0.019227411667747833 -0.9991654018550441 -0.0360389563723353 -0.830745 0.0315576284085033 0.036634149480156725 -0.9988303435424338 -0.492637
0.9990790178551084 0.01900114112916902 0.038471713211941656 2.89168 0.020165895198804403 -0.999342924470494 -0.030117370097532965 -0.853431 0.03787416999094927 0.03086544907417251 -0.9988057225011012 -0.496069
0.9988034069601096 0.020572508277183134 0.04436807577597576 3.00146 0.02163655129380615 -0.9994864495686954 -0.023636767475145724 -0.871199 0.043859022936996575 0.024568456031033838 -0.9987355891702584 -0.500146
0.9984937987561657 0.02201025762484551 0.050256167828137736 3.10477 0.02288706159397531 -0.9995945555589418 -0.016938326614965006 -0.889408 0.049862974811733775 0.018063030094908818 -0.9985927151179881 -0.505294
0.997963565246661 0.024264098880579076 0.05899132093526796 3.18542 0.024839040749015672 -0.9996506575677804 -0.00903243483086169 -0.901357 0.05875154887186415 0.010479328691214231 -0.9982176311683435 -0.505647
0.9974345687947932 0.025903830489119442 0.06673284453052958 3.26467 0.026006384444655292 -0.9996615533397504 -0.0006683879666366633 -0.91643 0.06669294521358055 0.0024021532732362333 -0.9977706553704564 -0.511005
0.9967289860251765 0.028709839222391183 0.07554517555110868 3.33046 0.02818677546532529 -0.9995708109671275 0.007981199871333885 -0.920541 0.07574189135538348 -0.005825718354271211 -0.9971104386674357 -0.50758
0.9959001343740418 0.030734610145906997 0.08507823513064265 3.3819 0.0293933850759395 -0.9994238086705362 0.016972907124518818 -0.929561 0.08555086947274905 -0.014402583159250115 -0.996229699582781 -0.50285
0.9949661409680787 0.03358055989105596 0.09441781783377824 3.4244 0.031196163879336287 -0.9991587949417372 0.0266176980557818 -0.934567 0.09523223029155058 -0.023538234597742885 -0.9951767550670175 -0.503376
0.9939481622670816 0.03630527031577566 0.10367727848082085 3.45815 0.03272659458309248 -0.998815318050998 0.03601292037141027 -0.938476 0.10486191268942753 -0.032401971760713785 -0.9939587976838542 -0.50156
0.9927512113992678 0.039796695900323906 0.11340747444812907 3.4778 0.03478128517047582 -0.9983419117947105 0.04586599345890503 -0.937793 0.11504474984620525 -0.04158906285911504 -0.9924893225538118 -0.500622
0.9915360863109955 0.0425387902078815 0.122664749910981 3.49027 0.03594627313590436 -0.9978132940879024 0.055466166165400364 -0.940107 0.12475598178329017 -0.05058736471786892 -0.9908969994606848 -0.499435
0.9903128563988719 0.04566148232979029 0.13113151979045037 3.51156 0.03734884341125647 -0.9971751687956605 0.06516706709057327 -0.942251 0.13373672026391434 -0.059638173754668934 -0.9892207932935191 -0.497969
0.9889801033552951 0.04893703761420633 0.13972659559616882 3.53675 0.03873150763737203 -0.9964424971341669 0.0748479807420469 -0.945101 0.14289235628082328 -0.06861134202572769 -0.9873572090494617 -0.50084
0.9878248672971653 0.052029055563249126 0.14661176257904515 3.57537 0.039960539873177665 -0.9956563161242321 0.08409313536173907 -0.950585 0.15035021384215638 -0.07721060509489566 -0.9856131774984028 -0.502308
0.9866375997532305 0.055020162421259206 0.15335914866848385 3.61901 0.04104151064249584 -0.9948318728675439 0.0928716271583343 -0.956581 0.1576763811018181 -0.08533654817247421 -0.9837966417856084 -0.504895
0.9852476662938147 0.059126556798365024 0.16059603464519925 3.66117 0.04311451925641702 -0.9939088343077663 0.10142172999049949 -0.958435 0.1656145352675313 -0.09300150195640634 -0.9817955725821811 -0.502214
0.9840476300358303 0.062469996857215396 0.1665765929340755 3.71347 0.04453819544954933 -0.9930112418455073 0.10929328760056871 -0.965585 0.1722399807447822 -0.1001307797887462 -0.9799526600667678 -0.502694
0.9829772059945275 0.06528785958177055 0.17173615777238907 3.77225 0.04542790744345503 -0.9920766966968982 0.11713297185796587 -0.973976 0.17802280112530747 -0.10733742712680025 -0.9781546702936595 -0.494774
0.9820249050587723 0.06779544564746572 0.1761557929611475 3.83873 0.04611889447826967 -0.9911649100154803 0.12435903154217076 -0.985683 0.1830304166427301 -0.11399955571609002 -0.9764752776594615 -0.498614
0.9810575737694301 0.06995379204648962 0.18064468973085207 3.90683 0.04651144418607785 -0.9903048213377829 0.13089326336701715 -0.998195 0.1880497873153934 -0.12001178197768099 -0.974799697208189 -0.49467
0.9801334557034564 0.07263272681687125 0.18456136108608023 3.98117 0.04755581431590242 -0.9894509160967433 0.13684052455346352 -1.00864 0.19255350824005296 -0.12534501039316004 -0.9732480541126125 -0.492023
0.9794029783733867 0.074490238564725 0.1876726147095243 4.06354 0.0479892209520936 -0.9887038590953982 0.1419919493572713 -1.02129 0.196129652591724 -0.13006107553160215 -0.971914232844551 -0.488119
0.9788958866800027 0.07587893530984004 0.18975044194208446 4.15221 0.04800251080096356 -0.9879092123181771 0.14741488111341505 -1.03728 0.19864189386374326 -0.1351953231185311 -0.9707026437633212 -0.485092
0.9785365722137724 0.0769788917570488 0.19115550492721017 4.25017 0.04807473462638975 -0.987289483453548 0.15148694911651034 -1.05198 0.20038711717753294 -0.13904576975184307 -0.9697996067143946 -0.482897
0.9782902633641242 0.07810265277988933 0.19195868366837981 4.35319 0.048347081297454395 -0.9867190386863747 0.15507449314395472 -1.06562 0.2015210171098052 -0.14242722465378999 -0.9690736635263848 -0.478033
0.9782079487323697 0.07862739593982634 0.1921638406270338 4.44994 0.04833959949586067 -0.9863343887373827 0.157504783148431 -1.07987 0.2019219952293213 -0.14478330774566614 -0.9686409560001242 -0.474778
0.9781881704315167 0.07854029621519217 0.19230009125913558 4.53891 0.04796759385807438 -0.9861499422416222 0.15876838903356144 -1.0928 0.20210644019256 -0.14608118731470987 -0.9684075968028214 -0.469726
0.9781797889465258 0.07860842382784758 0.19231488813878198 4.62252 0.047974303864336355 -0.9861035100075204 0.15905449921200257 -1.10102 0.20214540970613967 -0.14635772358898622 -0.9683577077095982 -0.470297
0.978213302357677 0.07847384206898673 0.1921993527601492 4.69646 0.04788744711931805 -0.9861318511078788 0.15890489180306422 -1.10805 0.20200378090244514 -0.14623894262979598 -0.9684052065946552 -0.463613
0.9786528296545766 0.07772201907620878 0.19025752747212996 4.77158 0.04751442482713313 -0.9862192685098666 0.158473763927063 -1.11488 0.19995254047507763 -0.14605082050636078 -0.9688591948198569 -0.464924
0.9792966642026952 0.0754242152004773 0.1878542819391287 4.84114 0.046010857632169375 -0.9866401932532523 0.1562822127983131 -1.12562 0.19713204828597966 -0.14440331304570914 -0.9696837828488196 -0.459445
0.9801123006957181 0.07303295220232099 0.18451576062103478 4.90664 0.04463393667540088 -0.9871207810024673 0.15362413680777667 -1.13277 0.19335896597210542 -0.1423332413938911 -0.9707489678966986 -0.45659
0.9811195321635668 0.06989298369869323 0.1803314571472156 4.96873 0.04275597411469123 -0.9877299283734493 0.15020491094796062 -1.14131 0.18861704664384848 -0.13965872484408243 -0.9720694678315318 -0.452315
0.9822029086820635 0.06625384545913329 0.17574946411972794 5.02388 0.040725541826525914 -0.988582335613507 0.14507376039752906 -1.14648 0.1833545102238561 -0.1353343772839003 -0.9736866692657086 -0.447652
0.9833766401911656 0.062170910394216516 0.1706023488322772 5.07551 0.03841694916203495 -0.9895242260805118 0.1391615752168909 -1.15102 0.1774669590189039 -0.13029422051848297 -0.9754634255347886 -0.446267
0.9845727561476578 0.05727608194387685 0.1653358348603323 5.11702 0.03541827634461552 -0.9905840212134631 0.13224538788684417 -1.1555 0.1713535338199397 -0.12434929575081528 -0.9773306600601943 -0.440135
0.9858184321350018 0.05193026634255502 0.15957840173556723 5.15374 0.03215876953632658 -0.9917519428295295 0.1240721460915512 -1.1581 0.1647052895471066 -0.11718076348720846 -0.9793573588143188 -0.433788
0.9871693960045086 0.0462193501004844 0.15284094761673997 5.18897 0.02870386406329762 -0.9929644174377569 0.11488147757725024 -1.15894 0.15707536974309474 -0.10902035304834311 -0.9815507581583772 -0.428967
0.9884107014664545 0.04086408725126005 0.14619990287176154 5.21631 0.02560212446262873 -0.9941648146629638 0.10478956297816312 -1.15497 0.14962892918680926 -0.09983209733986236 -0.9836893492821464 -0.427921
0.9897467385594632 0.034065352337971935 0.13871173447475538 5.25426 0.02104661721120017 -0.9953249107012361 0.09426219836997886 -1.15669 0.14127431972892462 -0.09037629062793993 -0.9858365446043593 -0.423329
0.9910139288718571 0.026703486290999202 0.1310660772353855 5.30099 0.015735660245453448 -0.9963402482643826 0.0840148718091508 -1.16246 0.13282989790933847 -0.0811974969341716 -0.9878072609132915 -0.420402
0.9921228062808999 0.019938140120705862 0.1236721788675163 5.35136 0.0109458505870825 -0.9972741834399993 0.07296842741218804 -1.16449 0.12478992592447963 -0.07103994378242137 -0.9896367014087307 -0.413417
0.9930958930645929 0.012573558117045237 0.11662955377826142 5.41049 0.005275981770901671 -0.998020391753068 0.06266946354809506 -1.17101 0.11718665109385198 -0.0616214514704919 -0.9911962901081085 -0.406663
0.9938636848800961 0.006193075152404505 0.11043831625262031 5.47451 0.00042891797373157325 -0.9986396407384774 0.05214100090232799 -1.17221 0.11061099360338882 -0.05177367831129471 -0.992514329532924 -0.397081
0.9945500599233902 0.00050367849394106 0.10425893062157987 5.55 -0.003920111533193412 -0.999100582655916 0.04222154026295481 -1.17203 0.1041864244129147 -0.042400142034947616 -0.9936535698740622 -0.389681
0.9951150890805516 -0.005079088896967699 0.09859088365656296 5.63209 -0.008451817686785797 -0.9993921385973097 0.033821887701379366 -1.17502 0.09835916968943245 -0.03448994296707493 -0.9945531245600372 -0.380705
0.9955153009425067 -0.011177581466062495 0.0939379969017836 5.72142 -0.013715230112733704 -0.9995570510633783 0.02641200735342288 -1.18306 0.09360116480207249 -0.02758193869277571 -0.9952276416004747 -0.372257
0.9957439316144086 -0.015914840463125395 0.0907785244764071 5.81584 -0.017765331924631218 -0.9996497969972533 0.01961316764212233 -1.18621 0.09043459313054962 -0.021142403278331015 -0.9956779515229452 -0.36158
0.9959331524116208 -0.020833042171129235 0.08765352406690274 5.9246 -0.022197761252558335 -0.9996466431639282 0.014623549721751103 -1.19422 0.08731789806692306 -0.01650978997401414 -0.996043679520225 -0.350299
0.9959834724902975 -0.02481339210865965 0.08603033243124718 6.04158 -0.025894484598831032 -0.9995988405438762 0.01147317090867134 -1.20244 0.08571113226139236 -0.013654799720266387 -0.9962264543019673 -0.342321
0.9958910339803911 -0.028214599644122828 0.08605222137975095 6.16486 -0.029188513982783566 -0.999523095007325 0.010080337219316995 -1.21135 0.0857267699668234 -0.012550653923209068 -0.9962396308103566 -0.330558
0.9957444013300558 -0.029987391846418316 0.08714266205537909 6.30061 -0.03103995089260823 -0.9994603505735229 0.010748445470628679 -1.21897 0.08677331772171161 -0.013407608351230027 -0.9961378556052707 -0.32325
0.9955537634585666 -0.030761808126291205 0.08903041741048699 6.45297 -0.031992675862469164 -0.9994107946780942 0.012431096977302302 -1.22217 0.08859555719472216 -0.015224146665785762 -0.9959513304392215 -0.318856
0.9952415342000474 -0.031176459611330618 0.0923163959935575 6.61736 -0.03290141675167478 -0.999310206386177 0.017222316573253054 -1.23295 0.0917157858760904 -0.020177704986439945 -0.9955807726360588 -0.319711
0.9947958000082427 -0.030163159329187533 0.09732163225738802 6.79331 -0.03270139713633656 -0.9991625807958856 0.024591782420901542 -1.24193 0.09649836740220955 -0.02764635521343474 -0.9949491163532539 -0.317974
0.9939331012665801 -0.028332670139946493 0.10627440900489227 6.9601 -0.032255022354576814 -0.998853557869544 0.03537207181180002 -1.25017 0.10515038630220952 -0.03858535647229881 -0.9937074853931623 -0.300949
0.992753972579755 -0.024776216810545825 0.11758269008519635 7.13408 -0.030737178216333403 -0.9983180351677459 0.049156144418662215 -1.26015 0.11616701684390394 -0.052414117748635664 -0.9918457463024277 -0.284349
0.9911375859008908 -0.020095627091787634 0.1313105159015906 7.31408 -0.028870855191617282 -0.9974499134331649 0.06526977794259961 -1.26863 0.12966402560100754 -0.06848237703204677 -0.9891902771969514 -0.263275
0.9890791767259172 -0.012529904939527516 0.1468515701291234 7.50071 -0.024962046944701336 -0.9962265705243217 0.08312350085071918 -1.26811 0.14525590652194822 -0.08588143957547165 -0.9856597282819929 -0.244463
0.9866501965206772 -0.0034609142217182937 0.16281711144243585 7.70156 -0.020522386414760813 -0.9944463403696792 0.10322455028332775 -1.26777 0.16155562930938652 -0.10518791849876072 -0.9812417033740187 -0.229734
0.9837202573734208 0.006104282186616043 0.17960287573465175 7.9042 -0.016806985527229465 -0.9919172881058064 0.12576811517356018 -1.27055 0.17891892149981817 -0.12673922556102574 -0.9756665353662249 -0.206273
0.9801641449183257 0.017649142154441886 0.19739999188890534 8.11523 -0.012037122792745845 -0.9888866740704682 0.14818317556565003 -1.26586 0.19782152737101172 -0.1476199635112413 -0.9690588164201078 -0.191646
0.9764275576819104 0.031101838014258462 0.21359283759404232 8.34212 -0.006166080667391159 -0.9851409708015118 0.17163696308621398 -1.25566 0.21575728040681116 -0.1689080913407939 -0.9617270156500062 -0.186496
0.9720386317888096 0.04513936374404393 0.23044161115328662 8.56864 -0.0007164848897615456 -0.9807754344920047 0.19513849888328708 -1.24473 0.23481989898546166 -0.1898472673961961 -0.9533192697636271 -0.183945
0.967252123553369 0.06061409880480756 0.24647365073690725 8.80256 0.005312314661168219 -0.9756881875010127 0.2190989276193043 -1.22513 0.2537619136009946 -0.21061455741963667 -0.9440584724520468 -0.184261
0.9620237208105626 0.07566972476944656 0.26226790377611336 9.03542 0.01021956976962149 -0.9701192821975253 0.2424131570321256 -1.21132 0.2727744874278463 -0.2305269421605083 -0.9340510735214651 -0.192057
0.9564674912890638 0.09130816268624525 0.27718722469491197 9.26659 0.015102747825153078 -0.9640090527125122 0.265440112448091 -1.19307 0.29144784287301784 -0.24969854968579122 -0.9234223243833115 -0.207569
0.9509595288342237 0.10667024315173232 0.29034020346025324 9.50668 0.020035548925076946 -0.9579256203849634 0.28631640293450444 -1.17236 0.30866575984171263 -0.26645818628076146 -0.913085693495033 -0.232132
0.945799759484046 0.12167716285838925 0.3010938109603939 9.74774 0.025234800930018723 -0.9518877210869311 0.30540623972988934 -1.15182 0.3237684663180507 -0.2812551057006101 -0.9033656766422972 -0.265387
0.9404417241587432 0.13480279397396588 0.3120858378685954 9.97935 0.02915434895974541 -0.9466200251198383 0.3210304533511585 -1.13677 0.3387025057451806 -0.29281177363441085 -0.894171056243159 -0.297021
0.9365717311040247 0.14819848380145398 0.3176013253998807 10.238 0.03527199629955072 -0.9414555950088008 0.33528681588107445 -1.11305 0.34869654253212085 -0.3028177207918573 -0.8869679527472061 -0.32317
0.9340820486654684 0.16117725691486337 0.3186104490036729 10.5135 0.04267624663572756 -0.9363197009437285 0.34854577260057773 -1.08347 0.3544988918656989 -0.31197325122203545 -0.8814778648315253 -0.336784
0.9322079909093404 0.17297882789090424 0.3179097148346684 10.7797 0.05056441653736561 -0.9320225563012718 0.3588553947286821 -1.05591 0.3583734106557112 -0.31845294730482776 -0.877585448197417 -0.352068
0.9316940712526602 0.1810441990424408 0.31491134559701733 11.047 0.05788449311381422 -0.9298621135379816 0.36332607292022745 -1.0408 0.35860220725701036 -0.3202802644556151 -0.8768266699585736 -0.360487
0.9323225013434085 0.1886663143833422 0.3085121963647081 11.3139 0.06696603897121162 -0.9284378580667768 0.36540209815062896 -1.01944 0.35537346990634583 -0.32001275837907084 -0.8782377419362836 -0.359884
0.9344346520716218 0.19311587757997828 0.2992292412754833 11.5817 0.07604579077922201 -0.9290319696694178 0.362100313500174 -1.00676 0.34792085121841915 -0.3156039561834997 -0.8828053149640489 -0.347312
0.9376769942079631 0.19690658948532178 0.2863383480262087 11.8475 0.08682305152914413 -0.9305896662554817 0.3556186592147253 -0.99252 0.33648716506917 -0.30859466631128013 -0.8896885520607437 -0.326435
0.9419057378421618 0.19861544353279126 0.27086064057054315 12.1107 0.09795467449139494 -0.9338075558811063 0.3441051152259136 -0.978044 0.32127630283806685 -0.297582516572508 -0.8990140060449978 -0.291576
0.9468676014571157 0.19958738798703868 0.25220352865762896 12.3696 0.10986445412807072 -0.9377054597573272 0.32960320456640035 -0.965309 0.3022772684638877 -0.2843823927352229 -0.9098104789857061 -0.246617
0.9524729425995253 0.1974949392705562 0.23192896019755938 12.6304 0.12043768955719045 -0.9434737355077907 0.3087913103393643 -0.96278 0.2798036035327772 -0.2661823799005018 -0.9224190393094549 -0.193204
0.9584688825087481 0.19445984441438502 0.2086211163155952 12.8897 0.13059312608960894 -0.9495552286873413 0.2851145438077029 -0.962323 0.2535406016411877 -0.24602893444240298 -0.9355142579012682 -0.130857
0.9642915850607847 0.19124551870493872 0.1832126921264956 13.1466 0.14052689984827788 -0.9558380272221185 0.25811984839442415 -0.964318 0.2244859224984747 -0.2231564861065153 -0.9485817061848711 -0.0643272
0.9697986735151312 0.18784548433758402 0.15557829817256036 13.404 0.1497995453932608 -0.9621006251159328 0.22786505513461952 -0.965265 0.19248539957166627 -0.19767766987069957 -0.9611830781834574 0.0100292
0.9745646189448384 0.18442463208888032 0.12732383351039814 13.6572 0.15773617259317746 -0.9680638600968231 0.19486318952047943 -0.969637 0.15919517378538142 -0.1698231958635807 -0.9725312225271344 0.0891752
0.9784324613289833 0.18234260033695604 0.09706232389585935 13.9097 0.16524761058065407 -0.972875281724967 0.16188549473609673 -0.971188 0.12394815777207864 -0.142354705966903 -0.9820244354770326 0.179767
0.9814547920275356 0.18026025124140677 0.06521298205550184 14.154 0.17111726880368788 -0.9771860876073459 0.12580234697259923 -0.991715 0.0864023814680633 -0.1123102489046869 -0.9899096102511653 0.293629
0.9834072708097944 0.17857445668979918 0.031957833724694684 14.3558 0.17522376945914384 -0.980626489222623 0.08756893999268145 -1.04854 0.046976274170702395 -0.08051616019691996 -0.995645708880515 0.460677
0.9840835294274775 0.17770622381222181 -0.00032423442049891484 14.454 0.17749950460573458 -0.9828474658327926 0.05004782483561298 -1.11476 0.00857513698302919 -0.04930879155341287 -0.9987467697576118 0.689764
0.9834667311436287 0.17810557112148245 -0.03273521451213878 14.5141 0.1785737295746419 -0.9838538580059195 0.011958645101777566 -1.1575 -0.030076765774727895 -0.017606578951010518 -0.9993925137493143 0.946029
0.9818128766180362 0.17880162144201117 -0.06382362788751883 14.5687 0.17735083348534447 -0.983756054965441 -0.027761595431199493 -1.19407 -0.06775069866112343 0.015937518267902163 -0.9975749788073024 1.20643
0.9792427564817305 0.18018348693657754 -0.09283067872981465 14.617 0.17445559906745567 -0.9824119601310937 -0.06657315183613643 -1.22136 -0.10319335168545032 0.0489964450420467 -0.993453813994976 1.46294
0.9757070717640529 0.18260281538830025 -0.12104512349485022 14.67 0.17048742195213445 -0.9798636785344909 -0.10392887204704318 -1.23837 -0.13758542461224618 0.08076746437224669 -0.9871914037475943 1.72783
0.9713617662388176 0.1866626683917039 -0.1470148540736385 14.7228 0.16645110600519922 -0.9761200337088343 -0.1395840574776015 -1.23617 -0.1695592769477694 0.11111583155047355 -0.9792358876081884 1.98527
0.9666380177787319 0.19079012454401434 -0.17090954028749805 14.7775 0.1610530140033134 -0.9715459697367999 -0.1736673699018614 -1.22364 -0.1991804941886955 0.14034798560955877 -0.969860594967177 2.25218
0.9618981303386973 0.19488242201349512 -0.19176242708380867 14.8346 0.15495166734414897 -0.9664377539088105 -0.2049098548312452 -1.20088 -0.2252597781189248 0.16738849843955161 -0.9598120248006718 2.50559
0.9568355345722976 0.20061274127650447 -0.21028620453389577 14.8863 0.150203575364733 -0.9607756982224755 -0.23312859895938468 -1.15387 -0.248806442294801 0.19147998783852296 -0.9494370798162262 2.78089
0.9519318631848357 0.2077324704479464 -0.2251065271711149 14.929 0.14706231870249387 -0.954607462279186 -0.2590314023023815 -1.07688 -0.26869760376916824 0.2134755575762367 -0.9392708789514459 3.06757
0.9472953263595667 0.21483471771532792 -0.23765018140430208 14.9842 0.14435489391963907 -0.9484873706788088 -0.282016617000222 -0.980712 -0.28599515600578285 0.2328470565134452 -0.9295100962411611 3.33686
0.943415599483172 0.22165368006241953 -0.2466508722194059 15.0339 0.14241238767012115 -0.9425192983839278 -0.3022847730401979 -0.870919 -0.29947573940121136 0.25005403073866933 -0.9207536387228902 3.60352
0.9398166850087261 0.22890756769699117 -0.2536649838473112 15.0858 0.14184469040577297 -0.9367947870846008 -0.3198368501201948 -0.749643 -0.3108451099549414 0.264606977122987 -0.9128846944028229 3.87581
0.9371277700819015 0.23463610222132375 -0.2583359093809991 15.1456 0.14073079264526261 -0.9314671225941434 -0.3355053554380669 -0.632445 -0.31935307504822835 0.27805556829628864 -0.9059242321500564 4.14745
0.9353672489578413 0.24001956017420564 -0.25976666512626445 15.2072 0.14081333433273505 -0.9264793977937449 -0.3490093556594684 -0.516939 -0.3244375355151393 0.28987331059882143 -0.900396440103659 4.41824
0.9340980143771538 0.24515542905755217 -0.25953750237733775 15.2789 0.14210237818703653 -0.9222000250261997 -0.35965820990944336 -0.411622 -0.3275176539520389 0.29907512341430925 -0.8962623817300761 4.6937
0.933387734230484 0.24981753555391112 -0.2576403239360121 15.3631 0.1439475686631032 -0.9182618277188309 -0.36888251955121554 -0.326662 -0.32873459669475624 0.30722372090097816 -0.8930549536572167 4.96046
0.933041716262454 0.25409844441707696 -0.25469027515560144 15.469 0.14634899689282993 -0.9147787314604183 -0.37651274025739206 -0.266263 -0.3286565484247603 0.3140284270770555 -0.8907137700546868 5.20888
0.9329484773594173 0.2580863443373916 -0.2509951741753351 15.5811 0.14933167777763884 -0.9118070805829742 -0.38250215399507176 -0.2327 -0.32757775963099345 0.31937327168270596 -0.8892094942868211 5.45396
0.9334269929838162 0.2610895895748376 -0.24606152682781174 15.6974 0.1524253116997104 -0.9094778973696771 -0.386802893667146 -0.222309 -0.32477772879684524 0.3235462569891269 -0.8887278809995154 5.6849
0.9339376705402016 0.2653118098978771 -0.23952050240982395 15.8108 0.1583802537070604 -0.9079026679098305 -0.388108800258251 -0.217169 -0.3204311513907924 0.3245341108896329 -0.8899446545080465 5.90503
0.9346607256960122 0.2682314048470145 -0.23336932380928016 15.931 0.16353456931561322 -0.9071595053698991 -0.387708752101106 -0.227959 -0.31569886360289695 0.32421219173688853 -0.891751468879644 6.1115
0.9356070858702927 0.27060858110197156 -0.22673856465823422 16.0485 0.16840470851251033 -0.9065492152726913 -0.3870508680254884 -0.245985 -0.3102889540736425 0.3239436928270796 -0.8937456287207448 6.30842
0.9365173438978007 0.2729286581527022 -0.22010273087259496 16.1652 0.1729964490779918 -0.9057069792126373 -0.38699754057606783 -0.266558 -0.30497129895289216 0.32435291792195264 -0.8954259832339584 6.4928
0.9375207320798018 0.2753849796702759 -0.2126452207141153 16.2644 0.17802829746738608 -0.9047947396842595 -0.386849330283196 -0.287945 -0.2989327720766276 0.32482240072337243 -0.8972901458095304 6.6767
0.9383551014519973 0.277236230334607 -0.20646979480996333 16.3732 0.18213304668198846 -0.9041917083470368 -0.386348169224087 -0.307584 -0.2937979865236456 0.324926802751518 -0.89894678149951 6.84277
0.9392764236778551 0.2779392005464501 -0.20126996974844164 16.469 0.1849662338675245 -0.9040757761017609 -0.38527196030189237 -0.331081 -0.28904548474557196 0.32464872072071815 -0.9005864288798707 7.00608
0.9396931762199646 0.2796122891143988 -0.19696116962954943 16.5676 0.18814940262306767 -0.9035256891880122 -0.38502094913122575 -0.34274 -0.2856160654763962 0.32474343219460655 -0.9016458098323586 7.15922
0.9399687366284486 0.28071067292204666 -0.19406259884060528 16.6621 0.19038684898358132 -0.9032988330870038 -0.384452943645591 -0.352494 -0.2832165635961657 0.32442678103280675 -0.9025162834284322 7.30084
0.9402013610494775 0.28128185259867877 -0.19209872482493212 16.7466 0.19256086687186064 -0.9041271646433522 -0.3814110416644097 -0.360023 -0.28096567980852644 0.32161248351490906 -0.9042254681312094 7.4376
0.9407155369343426 0.2808102880872701 -0.1902626097652274 16.806 0.19394578510904759 -0.9054800084946887 -0.3774797831075105 -0.369983 -0.2782791961479801 0.3182004656200277 -0.9062610841641777 7.57606
0.9404760914143242 0.2812612390358419 -0.19077955051330547 16.8868 0.19522594529781107 -0.9065834599193401 -0.3741567325109287 -0.36992 -0.2781933711658348 0.31464034327578144 -0.9075295601922213 7.69018
0.940286123724376 0.2811166450499711 -0.19192560383449644 16.9601 0.19573622551853045 -0.907854152116319 -0.3707939704268647 -0.369219 -0.2784768133097377 0.31108563187811833 -0.9086673726330474 7.80168
0.9405357882590105 0.2804290827608117 -0.19170800855971526 16.9953 0.19654797198496873 -0.909544372037106 -0.36619384211674333 -0.365669 -0.2770583435173862 0.30673859365517775 -0.9105768004127087 7.91662
0.9406305935874796 0.27950648377795184 -0.1925881926114654 17.0371 0.19675344624582275 -0.911320229820178 -0.3616400421840611 -0.364379 -0.2765902525355105 0.30227729694203453 -0.9122095526553967 8.01545
0.9404586618924099 0.27907524816764423 -0.19404770323738857 17.0795 0.19744137183465083 -0.9132120192627714 -0.3564557652248913 -0.355429 -0.2766846760476427 0.2969188672586831 -0.913939153503247 8.10676
0.9407659002264217 0.27765398527954205 -0.19459646818367052 17.1071 0.19771445026960355 -0.9154926500477414 -0.3504029164592556 -0.349859 -0.27544240255588626 0.2911725814134144 -0.9161604721375451 8.15504
0.9411644427232435 0.2763657232064348 -0.19450315881761648 17.1247 0.19837132013330644 -0.9177348793502178 -0.3441097362362922 -0.344484 -0.2736024691080399 0.28527999975572355 -0.9185624696433872 8.20115
0.941604630093563 0.275184495982176 -0.19404693699566677 17.1388 0.19944524458005675 -0.9201184768730792 -0.33705130608138284 -0.340406 -0.27129746589447873 0.2786673315762011 -0.9212720571641331 8.24112
0.9421780335739529 0.27416259389376424 -0.19270554003495016 17.147 0.20103919736104667 -0.9224977501973806 -0.3295165276662113 -0.333931 -0.26811153308864766 0.27172186697101464 -0.9242745440801889 8.27707
0.9429458069180929 0.2739985176205447 -0.1891507799543269 17.1377 0.20425570183205066 -0.9247032482480066 -0.32125303259063803 -0.327617 -0.2629311953433494 0.2642890747294128 -0.9279108100965243 8.31662
0.9434688495679684 0.27387845678559364 -0.18670061811262348 17.1521 0.20732918816580254 -0.9270918155945074 -0.3122745157584738 -0.321053 -0.2586138774880482 0.25591279054869803 -0.931465246804289 8.33597
0.9437866569397345 0.2738255215447047 -0.1851656823855057 17.1975 0.21028400898179728 -0.9295570583384242 -0.30282719636743105 -0.316126 -0.2550438820067302 0.246866885272176 -0.9348846769559073 8.35622
0.9440976080910561 0.2741874999226569 -0.18303256891304653 17.2566 0.21378853235516276 -0.9318449914677986 -0.29318829326868306 -0.312677 -0.25094654775503816 0.2376681021141474 -0.9383707707549755 8.37141
0.9442752201446551 0.2750499732827679 -0.1808087962957326 17.3447 0.21799169962254658 -0.9341461028076583 -0.28257862181158916 -0.309314 -0.24662507479256135 0.22741717350809804 -0.94204962803302 8.39059
0.9446400960569198 0.2761666803539135 -0.1771639172740121 17.4396 0.2228483408545304 -0.9363297478557645 -0.2713396768973233 -0.306962 -0.24081882380735248 0.21683765342453815 -0.9460379094715937 8.40652
0.944575847651841 0.2786297899649657 -0.17361425107658968 17.5516 0.2290007962236613 -0.9381456601303925 -0.2596947356174927 -0.299391 -0.23523414582440016 0.20554357329430023 -0.9499561758921701 8.42656
0.9444320682615024 0.28341280525179363 -0.16650900954185444 17.6624 0.23823359523053164 -0.9391876925277398 -0.24732818745131843 -0.275638 -0.22647918788011334 0.1939166316325864 -0.9545174264692269 8.46513
0.9445261670811533 0.28898192607995205 -0.15607615480305204 17.769 0.24895808000096215 -0.9399062096846611 -0.23365827911385506 -0.253677 -0.21421996662594195 0.18183993894448702 -0.9597103951210726 8.51488
0.9446161519700781 0.29594848563628795 -0.1418267227529076 17.8615 0.26183469515283175 -0.9401802270323222 -0.21795351135431268 -0.224701 -0.19784569202149924 0.16874725048734485 -0.9655990097351462 8.57073
0.9443334466257414 0.30438172241453765 -0.1248443376525665 17.9532 0.27641555394970985 -0.9398615657031499 -0.20063568687723335 -0.190899 -0.17840623060482994 0.15495807295518196 -0.9716785541049022 8.63689
0.9437180948673425 0.31379113849430607 -0.10455275616836199 18.0366 0.29192540423975866 -0.9388301303943558 -0.18269522331788135 -0.162646 -0.15548541982902206 0.14189118248208465 -0.9775945870116245 8.70055
0.9423262049670019 0.32436545465845795 -0.08251287933832001 18.1194 0.30826504295517704 -0.9371444162817048 -0.1635023129006618 -0.126321 -0.13036098620496522 0.1286366777254253 -0.9830862721142201 8.76161
0.9407412525541575 0.33417497863520895 -0.05773196165896277 18.1781 0.3235415743550354 -0.9354235993915402 -0.1424904886834209 -0.104396 -0.10162059538646404 0.11536799103535006 -0.9881110672580121 8.80548
0.9382507644649658 0.344547216108788 -0.03118844100931844 18.2365 0.33865550435143954 -0.9331342414600123 -0.12071841942023512 -0.0810015 -0.07069619758784576 0.10270201208609211 -0.9921967266424985 8.85837
0.9347159912531803 0.3553724957639105 -0.004050302471927943 18.2874 0.35329360002109467 -0.9303649683745211 -0.09800335609361091 -0.0564303 -0.038595956779428245 0.09017435819569616 -0.9951778420183374 8.89393
0.9298436919869083 0.3671846761184964 0.02379332040533487 18.3488 0.3679107320613501 -0.926786248809058 -0.07555754265800643 -0.0283101 -0.005692249664017246 0.079010522351076 -0.9968575302677775 8.94783
0.9241840655717871 0.3784256708495988 0.05174770125555688 18.4067 0.38094946060039686 -0.9230576902298232 -0.05331049592576483 -0.00647836 0.027592053411624885 0.06898196974293638 -0.9972362641013989 8.99218
0.9178654473309602 0.38874068361140884 0.08002313103891218 18.452 0.39210749054831956 -0.9193897415002865 -0.031212482758282253 0.00561179 0.06143888387524505 0.06002652854672781 -0.996304210278564 9.01804
0.9107189352945796 0.3985785641159352 0.10828734516639972 18.5023 0.4019424276231094 -0.9156070205497714 -0.010298970648191366 0.0152618 0.09504370453822365 0.05290474598039524 -0.9940662865626221 9.05886
0.9024658979726878 0.40901818516232913 0.1351274479995248 18.5646 0.4115496599841546 -0.9113331984987727 0.009933714356825885 0.036779 0.12720919920853346 0.04664681683149393 -0.9907784283664094 9.10552
0.8939374656706813 0.41823205491032556 0.16111410774902968 18.6297 0.4194048006451472 -0.9073571961810203 0.02832899105725189 0.0521713 0.15803613721577703 0.042247683770875406 -0.9865291240251917 9.14997
0.8857846225769067 0.42561945742701895 0.18502345760961658 18.6956 0.42484046488592125 -0.90410520908859 0.04587319799612662 0.0617474 0.18680519746998986 0.03797167837227531 -0.9816628595601399 9.18772
0.8773356774589183 0.4327572458828505 0.20737231057590927 18.7613 0.4300597031951641 -0.900781663266286 0.060341087253305774 0.0737471 0.2129102175692577 0.03624308567318422 -0.9763993435042333 9.21553
0.8689435455759231 0.4383865271509063 0.22968318922923153 18.8102 0.4338328811103398 -0.8980490593758244 0.07277993007483771 0.0838497 0.23817251283354485 0.036402469239931665 -0.9705404238689856 9.23833
0.8615744627750239 0.44190287972152203 0.24982251697506072 18.8555 0.4355490971827934 -0.8962991200937476 0.08333589420188162 0.0892001 0.26074207377633185 0.037009893447558395 -0.9646988331856827 9.25665
0.8551976377175824 0.4433898983575456 0.26840715056933845 18.8936 0.4356756935421924 -0.8954794876437105 0.09112177163492237 0.0905356 0.2807555707351072 0.039011347629153606 -0.9589861439339783 9.26071
0.8501541695828908 0.44352911219389046 0.2837601356380496 18.9424 0.43488741320570046 -0.8953034207327392 0.09646099035107361 0.0978123 0.29683467751608705 0.04139699820946984 -0.9540311644611855 9.28027
0.8464124601403971 0.44181799854676596 0.2972924544606043 18.9861 0.43329629926583246 -0.8959246079863477 0.09784382375522324 0.107277 0.3095807881016113 0.04599948874323395 -0.9497598552653961 9.29219
0.8457257131984788 0.436781595508756 0.30654503072101824 19.0483 0.4293905516924081 -0.8981057845037996 0.09502501753803601 0.106937 0.3168150440749523 0.05126243913081076 -0.9471010453917501 9.30468
0.846137754184957 0.430035654309908 0.31483366555228276 19.0972 0.42476329721489414 -0.9009193699505705 0.0889967987457895 0.106932 0.32191154418872403 0.05842623443382595 -0.9449652548363431 9.32337
0.8476603062398868 0.42152067195752285 0.3221681677909533 19.1365 0.4190978068983342 -0.904360054011014 0.08056004569389424 0.109517 0.32531374621787507 0.06673241957005743 -0.9432485095138067 9.35566
0.8500065762888159 0.4119548319814403 0.3283017463750527 19.1686 0.41263067665710057 -0.9081143097240169 0.07116407208680875 0.116916 0.3274518971502065 0.074977442485167 -0.9418883363600564 9.39968
0.8532062242014691 0.4020495142349131 0.33225792253510356 19.1998 0.4062587718135613 -0.9117814384943219 0.0600701152134874 0.134585 0.3270977672018096 0.08373049934578974 -0.9412737402960392 9.44787
0.8568955517223551 0.3915157918601275 0.33532879113278974 19.2233 0.3995833533450265 -0.9154522566468644 0.04775258662845169 0.154075 0.3256733903283849 0.0930728237688174 -0.940890159533893 9.49619
0.8611682566659122 0.38026239706657344 0.3373273530091765 19.2462 0.3927504086632356 -0.9190399567665153 0.033356773846756 0.173728 0.32270164270709156 0.10375966096603162 -0.9407962492220934 9.54642
0.8658120850311457 0.36890092357546306 0.3380555309400971 19.2676 0.3859600587087781 -0.922339973277847 0.017994631847786872 0.194752 0.3184403656817665 0.11489596284896675 -0.9409541174921721 9.5936
0.8707190894481466 0.3570870921613833 0.33813765818423375 19.2815 0.37876386077761487 -0.9254911375515379 0.002022889615233052 0.213787 0.31366575369240673 0.12631295628433203 -0.9410944862421023 9.63953
0.8758044364801845 0.3453328671128611 0.3372118027786659 19.2873 0.3717538400115918 -0.9282109276949899 -0.014951794014181223 0.231777 0.3078403343914873 0.13845463011115836 -0.9413100678960786 9.67163
0.8806657433906416 0.3337493295633314 0.3362130774289359 19.2949 0.3646599581543392 -0.9306116308563358 -0.03138642116882349 0.249443 0.3024086032788823 0.15024439267719106 -0.9412628002486753 9.71308
0.8853058636249159 0.32293387727058215 0.33458517412212185 19.3039 0.35824862041868893 -0.9323917176742665 -0.04799594545935204 0.26674 0.29646492844761274 0.16235576898718296 -0.9411424708709796 9.75145
0.8893066863840584 0.3125725000515542 0.33381439418354575 19.3053 0.35226607170858565 -0.9336966086617158 -0.0641814435535125 0.280047 0.29162001350320266 0.17466847221273868 -0.9404513238542758 9.79021
