1.0 0.0 0.0 0.0 0.0 -1.0 0.0 0.0 0.0 0.0 -1.0 0.0
0.9999058918588604 -0.008235028035696763 0.010972316947090494 0.0131037 -0.008479551750409035 -0.9997124868521823 0.022428571821151294 -0.0091711 0.010784462343958369 -0.02251950143932354 -0.9996882351147656 0.0372413
0.999617862989137 -0.01818283774054307 0.020820960706262118 0.0275672 -0.018273116691950406 -0.9998244035899926 0.0041539369612515675 -0.0225559 0.02074177425855831 -0.004532813432821923 -0.9997745907968407 0.0757996
0.999020454068425 -0.029782629614280395 0.03272808161467594 0.0515009 -0.030127399347671016 -0.9994951171391914 0.010092106988166078 -0.0311678 0.0324109882827453 -0.01106823329051331 -0.9994133389395815 0.113896
0.9981526375742835 -0.04441004338535519 0.04146155026059535 0.0608974 -0.042890319325532944 -0.998399932603018 -0.036850984877520206 -0.0452556 0.04303176282299878 0.035004608622298254 -0.9984602870237478 0.145216
0.9968074303506381 -0.06288473174027251 0.049198143376664664 0.0663662 -0.058565871687892436 -0.9946768977930761 -0.08478152906252141 -0.0638562 0.05426772034270657 0.08162952597372967 -0.9951842216484893 0.165007
0.9961836319955029 -0.07575558771470127 0.04335045875476487 -0.0595166 -0.07129729916091922 -0.992776480150235 -0.09649640196850984 -0.0711698 0.050347457498931936 0.09303736556088657 -0.9943888485561787 0.15845
0.9957243102386859 -0.08325859124090652 0.040013809919497295 -0.194086 -0.07919069399459237 -0.9923901494054106 -0.0942901126723377 -0.08825 0.0475597727533348 0.09071823602609869 -0.994740302625748 0.131609
0.994599979393085 -0.09363141936412027 0.04476648633895118 -0.335228 -0.08956634733782547 -0.9923031718076646 -0.0855118976810167 -0.10346 0.05242852673721876 0.08104056100687428 -0.9953309384600962 0.0911887
0.9938363832042199 -0.09713534852225868 0.05342253725736318 -0.395182 -0.09128407835213247 -0.9905050401412969 -0.10279582916679704 -0.0989694 0.06290040110330584 0.09728560799083756 -0.9932668574048449 0.0529136
0.9906671204883111 -0.12238483608685378 0.06000506878083195 -0.451418 -0.1127715147025763 -0.9832050248680848 -0.14349377877049502 -0.1134 0.0765587477371793 0.13538770612630635 -0.9878304141778447 0.0199365
0.9874903996907021 -0.13822214106900785 0.0758772049893578 -0.512685 -0.12552229718280847 -0.9803385159045763 -0.15225159159747378 -0.11224 0.0954298875020213 0.14082270396605986 -0.9854248335713076 -0.011248
0.9853059787881813 -0.1482781720345227 0.08476857827264077 -0.56998 -0.13502075610457187 -0.9801611928296441 -0.14509800650497903 -0.104203 0.1046017379645962 0.13152041578732068 -0.9857793143731086 -0.0435506
0.9824419587394126 -0.16266705275371154 0.0913631635654527 -0.694741 -0.1483191406468692 -0.9780368611952719 -0.1464422434308994 -0.108779 0.11317786985997157 0.1303200985716394 -0.9849910871080192 -0.078726
0.9800249164208384 -0.17297255234116157 0.09814101757630685 -0.820981 -0.15760114798314287 -0.9764663920393767 -0.14722521309883735 -0.109022 0.12129732622248669 0.1288172401279684 -0.984222067064689 -0.109255
0.9767967991054375 -0.18246670978253302 0.11213346101190408 -0.951478 -0.16586347348387567 -0.9757387888464516 -0.1429094962006492 -0.107919 0.13548919300532794 0.12099469311336165 -0.9833630879879355 -0.131604
0.9739381305355779 -0.19024089026851393 0.12350271883123579 -1.07718 -0.17349560045457857 -0.9755929596800157 -0.13460183373822546 -0.1036 0.1460951556752286 0.10966667995626972 -0.983173140802575 -0.149143
0.9711003608789043 -0.19931893554643987 0.1312861418181517 -1.20572 -0.1823153143557239 -0.9744859933223083 -0.13091285257761257 -0.0974638 0.15402991674423275 0.1031940441656799 -0.9826625941779287 -0.163535
0.9681623312522442 -0.20707382858525222 0.1406489596807073 -1.33892 -0.1899259713638242 -0.9736621786435603 -0.12613519445651694 -0.087769 0.16306387014212398 0.09540645362930691 -0.9819917427657686 -0.173225
0.9659166921348883 -0.21534939270423278 0.14363002094657473 -1.45853 -0.19566814162961024 -0.9706945710654116 -0.13952070833876754 -0.080055 0.16946658138526943 0.1066615618020606 -0.9797471046282991 -0.181163
0.9633053674056156 -0.22154127281135652 0.15153294548927837 -1.4998 -0.20251264430533286 -0.9704269366183937 -0.13137804071420045 -0.0518589 0.17615731044720861 0.09586983428881314 -0.9796823856992845 -0.176903
0.9592291154442479 -0.23282959197542027 0.16021824235899335 -1.54007 -0.21324570210571567 -0.968260771464588 -0.13037388149564816 -0.0261134 0.18548793658210277 0.09089257144211654 -0.9784338331431276 -0.165375
0.9551937532419076 -0.2512010657353471 0.1565340804459644 -1.67173 -0.22950423572655498 -0.9625629824294336 -0.1442231279653989 -0.0166737 0.18690291477450993 0.10183579640764717 -0.977085856523782 -0.160593
0.9530223500965171 -0.2609488356797573 0.15379891213493885 -1.80966 -0.237436338782046 -0.9588599253082093 -0.15560086331287792 0.00471934 0.18807547751445186 0.11177364982550438 -0.9757736755838398 -0.160807
0.9517863024396787 -0.26497661621531454 0.1545646380880395 -1.95227 -0.24163725267229832 -0.9580067420534135 -0.15438432660470558 0.0361507 0.1889822018317825 0.10959231286585047 -0.9758459162959718 -0.158614
0.9497696975759518 -0.2720105944156396 0.15475063196037533 -2.09372 -0.24915063539674362 -0.9564541547715852 -0.15205068464683597 0.0266531 0.18937128200412026 0.10585691449226668 -0.9761827857559735 -0.147447
0.9491996683018463 -0.27403820795920303 0.1546707802856557 -2.22147 -0.2518096610067921 -0.9562519953970045 -0.14890942187414433 0.0646365 0.18871111339640137 0.10239717709857052 -0.976679545092931 -0.133542
0.9490692813782621 -0.2744301291365585 0.15477597800124046 -2.33457 -0.25324349723127215 -0.9567068819613685 -0.14345617141772002 0.109007 0.18744393896368935 0.09695383556026776 -0.9774787586008858 -0.116524
0.9490115471218542 -0.2755923452706259 0.15305535814737445 -2.43503 -0.2547847383600679 -0.9564530825244281 -0.1424157225460438 0.161786 0.18563895207681155 0.09615799580771245 -0.9779017431797877 -0.0921906
0.9494645837350199 -0.2741847487500042 0.15277345249022153 -2.52292 -0.2540325632188447 -0.9571501342006884 -0.13903624500132084 0.220166 0.18434874845614926 0.09320055875637599 -0.9784320082612538 -0.0372533
0.9510889794290296 -0.2682460643158168 0.15321162549794104 -2.59381 -0.2495054994526815 -0.9594703931847379 -0.13100981010898452 0.282805 0.18214488450547994 0.08637484344992409 -0.9794705852997763 0.0263525
0.9526793615088954 -0.2636600033447252 0.15127933365553548 -2.63505 -0.2456807427794007 -0.9609180634692159 -0.12758310203915635 0.335802 0.1790056054495649 0.08437936913032298 -0.9802229926311682 0.0938751
0.9538576681431254 -0.26060697822356516 0.1491293124296554 -2.66206 -0.24319576868422468 -0.961846734762138 -0.12532628184663747 0.374822 0.1761004458218338 0.08327581718960177 -0.980843397924845 0.169641
0.9554652409610023 -0.2561663693830364 0.14650926425468172 -2.67693 -0.2393161680147989 -0.9630908732875294 -0.12322232556228212 0.410574 0.17266715102197913 0.08267261328504295 -0.9815046072080229 0.234701
0.957316185008201 -0.2500907878818312 0.14491487065856723 -2.68847 -0.23387507643790273 -0.9648232271518906 -0.12007742905882465 0.44518 0.16984749201124377 0.08106008983992569 -0.982130893156627 0.294075
0.9592468800260976 -0.2436596174875665 0.1430923267195366 -2.6981 -0.2278463274562821 -0.9664808013937263 -0.11832544782093674 0.473213 0.1671271199562851 0.0809002555197035 -0.9826106423359988 0.345247
0.9613485470195475 -0.2364387497235407 0.1410875216756382 -2.70251 -0.22099647339471687 -0.9682557154993532 -0.11679652456273616 0.496115 0.16422402348774373 0.08110232445500258 -0.9830833551014342 0.391762
0.9633551455212168 -0.22910010102702083 0.13949913013063295 -2.70758 -0.21391185031646714 -0.9699707152278991 -0.11575202760410984 0.512566 0.16182887224466394 0.08166979435315184 -0.9834335060380714 0.434209
0.9655064497849946 -0.22083726585448635 0.1379427324417306 -2.71001 -0.20581779113688384 -0.9717880400962478 -0.11518264616437607 0.526318 0.15948771825789604 0.0828185192804648 -0.9837198587957252 0.471104
0.9677092105800753 -0.21173270613131 0.136777720820317 -2.71269 -0.1967382157521113 -0.973654143837732 -0.11528956002296739 0.53536 0.15758476519373302 0.08465736436912039 -0.9838699977318703 0.499475
0.9698995582612119 -0.20191669185514335 0.1361047259832711 -2.71518 -0.18687707741941886 -0.9755612332109261 -0.11557351855487367 0.540358 0.15611471685873424 0.0866598511783414 -0.983930010404127 0.523128
0.9721559495569776 -0.19086793582258188 0.13594940535286684 -2.71839 -0.17576336968616563 -0.9776129987626365 -0.11567222020385756 0.544442 0.1549840237493388 0.08855651147799465 -0.983939884676555 0.536846
0.974217462264341 -0.17965773149674058 0.13646770948716153 -2.72113 -0.16427316434507805 -0.9794806117709468 -0.11675640727971577 0.542341 0.15464366684504804 0.09132814833476567 -0.983740059988644 0.545777
0.9762239510528553 -0.16822730116806583 0.1366981072746128 -2.72245 -0.15230966536215157 -0.9810655454027241 -0.1196334462469635 0.535041 0.15423541496044962 0.0959685925986443 -0.9833623269205575 0.549501
0.9785936729131605 -0.15349467317362903 0.13709051258803584 -2.72423 -0.13730460739847583 -0.9831508939138781 -0.12067213673210622 0.535975 0.15330319018689736 0.0992658304939949 -0.983180770140902 0.555238
0.9807835043963651 -0.13859714828840672 0.13731186398234752 -2.72634 -0.12198062564119502 -0.984901088256084 -0.12284369466995052 0.539586 0.15226439003315234 0.10373368227486574 -0.9828809076839009 0.563993
0.9828999802522519 -0.12231369556608385 0.1376480610001136 -2.72916 -0.10537931936269415 -0.986639809455368 -0.12424606814113356 0.545823 0.15100605243095042 0.1076161989425535 -0.982657583217256 0.579829
0.9847427871407491 -0.10607505281095507 0.13794827416615893 -2.73311 -0.0887492865809827 -0.9880262840862951 -0.12620469914386478 0.550933 0.14968369084718366 0.11203635626786475 -0.9823658420204685 0.597433
0.9864106072625293 -0.08869290777895143 0.138302863273621 -2.73668 -0.07110341062993931 -0.9893107791222729 -0.1273125575474424 0.561375 0.14811623434572502 0.11574865192387776 -0.9821730146471378 0.622271
0.9878597679340957 -0.07188260120631369 0.1377169943798092 -2.73971 -0.05390028781025406 -0.9900317167212109 -0.13012286063572182 0.569986 0.14569776206643018 0.12112015327708998 -0.9818869948211799 0.649713
0.9890663086508524 -0.05513086068737328 0.1367787457598831 -2.74091 -0.03698286532688188 -0.9905807327963987 -0.13184111454612266 0.575221 0.1427589043247076 0.1253411345585301 -0.9817889260037465 0.679378
0.9900585617545291 -0.038617736953491695 0.13525056262043483 -2.74267 -0.020381259825163978 -0.9908110144339725 -0.1337091542276059 0.584432 0.13917129209895407 0.12962331606973135 -0.9817480060517537 0.71609
0.990894149894962 -0.021390314197450695 0.13293320940410125 -2.7419 -0.0032661756960354806 -0.9908282101846221 -0.1350880823709511 0.597131 0.13460355047420897 0.13342380732415254 -0.9818757415472003 0.764885
0.9915902873644854 -0.002720101819964729 0.1293881874457893 -2.74132 0.015003660512094624 -0.9906214294653247 -0.1358089601437077 0.621904 0.12854412540312957 0.13660814225428292 -0.9822497764286734 0.814674
0.9919036688857196 0.01562942295469548 0.1260271113259035 -2.7443 0.032913776870184805 -0.9901264900132746 -0.13625790643530483 0.649273 0.12265314893303034 0.13930274552964073 -0.9826245214448476 0.860564
0.9921565684647897 0.03295569776261658 0.1205788772428737 -2.74064 0.04946546853489991 -0.9893900950326306 -0.13660310126034889 0.671587 0.11479769629568254 0.1414961548463469 -0.9832600505913494 0.918918
0.9921007303263026 0.04948389576829779 0.11527135353421208 -2.74322 0.06525394425618096 -0.9883740026327764 -0.13732717749475482 0.696026 0.10713572534420204 0.143764303564052 -0.9837955892235516 0.977589
0.991895163531761 0.06694985233699363 0.10798935982010104 -2.74276 0.08143564475033352 -0.987376090148609 -0.13585540978166033 0.73089 0.09753061225275876 0.14354850704518013 -0.9848256727963083 1.04327
0.9915875599997457 0.08214351326934653 0.10003276503985738 -2.74515 0.0953979002524964 -0.9861225232241946 -0.1358735066794201 0.762261 0.08748343546732358 0.14427339469810907 -0.9856631453499305 1.10619
0.9909368037033809 0.0990138217260242 0.09077727784712607 -2.74796 0.11066992277557412 -0.9847898868761881 -0.13394419322700532 0.804462 0.07613421871258473 0.14277654504011497 -0.9868223948246374 1.17248
0.9902149461271339 0.11461565884890876 0.07960911513807784 -2.75033 0.12435939273350749 -0.9835860779738246 -0.13074084539662031 0.849254 0.06331746919603162 0.13936168039565358 -0.9882151689444507 1.24857
0.9894142394976735 0.12862481481589105 0.0671946403578276 -2.75555 0.13644256839592062 -0.9822309149845689 -0.12886370776173023 0.897841 0.0494255825333864 0.13666779672678497 -0.9893831538534914 1.33118
0.9883381852513518 0.14256680581356068 0.05350081732257315 -2.7598 0.14825116373248748 -0.9811112548910383 -0.12426704300857655 0.949416 0.03477389863141681 0.1307494222023589 -0.990805412060169 1.41571
0.9873063179357383 0.1541997620343695 0.03806137087282613 -2.764 0.15770985034051158 -0.9801733251840529 -0.1199493880901876 0.998636 0.018810573349806285 0.12442944179807613 -0.9920501380192793 1.50172
0.9860483181676346 0.16503548323879472 0.021725641783761823 -2.77023 0.16644492988294504 -0.9792468999903753 -0.11563560946136424 1.04958 0.002190788679981343 0.11763842115302788 -0.9930540782422587 1.59358
0.9846387134048896 0.17455777077088414 0.004023521823351113 -2.77711 0.17392634439401367 -0.9785275692322407 -0.11060480540273623 1.10279 -0.015369801238092442 0.10960556973047339 -0.9938563217557955 1.68839
0.9830202810682294 0.1829244117408935 -0.01448401179876653 -2.78489 0.18041253681958921 -0.9778927548135976 -0.10572169427980599 1.1562 -0.03350288893303256 0.101313472314004 -0.9942902678598537 1.79126
0.9811607058845759 0.19024236240047387 -0.03363796629356955 -2.79257 0.18599642883895495 -0.9772625415397427 -0.10180006563081483 1.2158 -0.05223980941041148 0.09362568264941735 -0.9942360051120631 1.89179
0.9790260144877452 0.19661454910073467 -0.05339271521618244 -2.80172 0.19097046235068182 -0.9769170318217546 -0.09572562585922262 1.26778 -0.07098130363559385 0.08352144645830711 -0.9939747594962882 2.00575
0.9767584990819066 0.20139119083044735 -0.07337862581947897 -2.81227 0.19454117930062662 -0.9766698067561185 -0.09093854038463191 1.32168 -0.08998090923958381 0.07454982781241158 -0.9931494143106349 2.1232
0.9738256671499099 0.20721726348715336 -0.09340543727711237 -2.82346 0.19961947480121478 -0.9762209229039693 -0.08452677069786436 1.38247 -0.10869974829832901 0.06366879453404024 -0.9920335928397093 2.24687
0.9711857773334699 0.20962991090320052 -0.11337321711894799 -2.8243 0.20151938083551926 -0.9762990103163004 -0.07893149943515149 1.42865 -0.12723256286365078 0.053810249117882646 -0.9904122030937516 2.35694
0.969178314942851 0.20891955123150152 -0.13056038816487836 -2.83075 0.20037594808940634 -0.9767969476359546 -0.07561218497275188 1.47061 -0.14332785239375923 0.047120528459580424 -0.9885528729035602 2.4119
0.9666839219542291 0.20947836679038248 -0.14710883346020998 -2.84069 0.20109331675087752 -0.9770751836362968 -0.06989680593724037 1.51036 -0.15837825921925347 0.037985515251619084 -0.9866475701271187 2.48549
0.9638299488765172 0.20918259263713818 -0.1651498488836586 -2.8369 0.20108564494491088 -0.9774476562348162 -0.06450304425493261 1.54002 -0.17491824674910103 0.028960701971286366 -0.984156941089962 2.57556
0.9602244327434939 0.2095599137634222 -0.18453639561317423 -2.82927 0.20208943210744773 -0.9776113385832979 -0.05861682440956156 1.5669 -0.1926886094010857 0.018992451575274554 -0.981076136999691 2.68855
0.9566509249003899 0.20944160119779356 -0.20236902820079203 -2.83232 0.202853348033092 -0.9777734777289887 -0.053005145424987514 1.58188 -0.20897255101805548 0.009656186486560102 -0.977873831832892 2.81802
0.9535572192981842 0.20826337531163644 -0.21761203098202078 -2.83993 0.2028936445955337 -0.9780725609210686 -0.04699185627366181 1.59399 -0.22262703902953204 0.0006573257241944894 -0.974903466716493 2.90778
0.9500159092091083 0.2080616761168825 -0.2327662157208916 -2.84566 0.2038661451610019 -0.9780881162733339 -0.04221648566702571 1.60482 -0.23644950223416508 -0.007346818108159663 -0.9716160029337211 3.03875
0.9463736956778175 0.20617712940889266 -0.24873242538482732 -2.82606 0.20350194282411987 -0.9783859433188515 -0.03671382822438865 1.61338 -0.25092586035703573 -0.015872530509972536 -0.9678761673784988 3.14087
0.9432161912625584 0.20570599485204538 -0.2608222770816996 -2.83023 0.2040306235326973 -0.9783810931307878 -0.033792621458879006 1.62366 -0.2621349293799118 -0.02134198411897585 -0.9647952106601968 3.26613
0.9434672212856576 0.19959989662825858 -0.26463084405546644 -2.8418 0.19900626388278173 -0.9795589496252259 -0.02933890155648267 1.62032 -0.2650775533592702 -0.024982903656557243 -0.9639033899877885 3.26637
0.9438933393846377 0.1930705830544758 -0.26793490594605507 -2.84944 0.1931180064629874 -0.9808191962988267 -0.026441250944025777 1.61586 -0.2679007268468643 -0.026785334247086495 -0.9630741126331833 3.26402
0.9449835763373459 0.18729126024261702 -0.26819400494681433 -2.8595 0.18782685110013306 -0.981911306648663 -0.023901043519552877 1.61433 -0.26781918239455516 -0.027787941849792025 -0.9630683858528762 3.2637
0.9437534279230004 0.18675232746767872 -0.27286083535199995 -2.87803 0.1878717170331028 -0.9819411852306861 -0.022264920543080855 1.61945 -0.2720913178008811 -0.030250238563701185 -0.9617958400015147 3.40026
0.9445972542716846 0.18253918337547123 -0.272791997234176 -2.87903 0.1844808793678919 -0.9826573414283742 -0.018744452101067195 1.61406 -0.2714826557444212 -0.03261894954678915 -0.9618904156713591 3.40688
0.9450841038764543 0.17904288043663694 -0.2734221709463073 -2.86179 0.1812901329443173 -0.9832784806035403 -0.017242890680654183 1.62061 -0.27193735362592486 -0.03327275983361419 -0.9617395692992897 3.43
0.9453409726281611 0.1767305733385146 -0.2740378621976944 -2.86977 0.17903059008353994 -0.9836999928499012 -0.016803924584575927 1.61931 -0.2725408103106434 -0.03317572176373176 -0.9615720868456373 3.54642
0.9482376911961041 0.1691956756820974 -0.268734263400782 -2.87548 0.17142159863600728 -0.9850783209990219 -0.01534069812048672 1.6071 -0.26731987676968205 -0.03152022887332517 -0.9630921859591717 3.53483
0.9481357853616982 0.1684489331166683 -0.2695616616813518 -2.8621 0.17075253908306354 -0.9851988742274652 -0.015058174445195945 1.6127 -0.26810837904333057 -0.03175114411783126 -0.962865391388623 3.65393
0.9494239338543261 0.16935104661321876 -0.264413344662451 -2.89222 0.17108417474195803 -0.9851159425699035 -0.01663685209029693 1.62063 -0.2632952695690522 -0.029441513303814053 -0.9642659375488393 3.81465
0.9508129819486126 0.16913371483998685 -0.2595158181352605 -2.91058 0.17036228848880514 -0.9852185036015944 -0.017921797395702006 1.624 -0.25871096617430944 -0.027171431052881227 -0.965572550001135 3.96948
0.9527958324054562 0.16938938481664328 -0.25196693843088336 -2.93728 0.169693588798754 -0.9852797120387624 -0.020687555810490702 1.629 -0.2517621648925684 -0.023046157082080476 -0.9675146959981304 4.11963
0.9551163658327235 0.1681967372520913 -0.24384951362724128 -2.95721 0.167709186381754 -0.9855701476746674 -0.022915340183040037 1.62826 -0.24418508660780508 -0.01900898709256529 -0.9695423156768628 4.26404
0.9569137127720856 0.16824476134056288 -0.23666399512853492 -2.96538 0.16665262792099317 -0.9856495949146021 -0.026865919893196963 1.6317 -0.2377878212099374 -0.01373230957041493 -0.9712200449733793 4.40992
0.9589217792439748 0.1677934626532441 -0.22872335950314232 -2.96888 0.1649754744323493 -0.9857936338809459 -0.03152783271365848 1.63469 -0.2307641959390377 -0.007501019306303912 -0.972980791476366 4.55254
0.9612241674439477 0.16694159169105946 -0.21949625255421787 -2.97528 0.1629130539294906 -0.9859665295301632 -0.036460108414712464 1.6363 -0.2225026669077391 -0.0007124674738383241 -0.9749318210054703 4.69585
0.9640288634724635 0.16612725115605442 -0.20748514842109436 -2.99108 0.16101949267925647 -0.9860829530251686 -0.04139000761630732 1.63712 -0.21147357605456343 0.0064920086642204985 -0.9773621541957712 4.83941
0.9667528469774884 0.16557850056516352 -0.19486583336109356 -3.00457 0.15928256743009891 -0.9860819884451546 -0.0476589527468491 1.63776 -0.2000449863750585 0.015035698009821154 -0.9796713383638211 4.98763
0.9695402572553771 0.16354610029819935 -0.18233036674791478 -3.01365 0.15619914383143133 -0.986245531959349 -0.054051624920519924 1.63403 -0.1886624420161724 0.023925379150016864 -0.9817505076163815 5.1321
0.9723708669528401 0.16107621000514444 -0.1689655339759004 -3.02206 0.15277997588012787 -0.9863703016684688 -0.06108933586577625 1.62977 -0.17650262341237336 0.03358694027196708 -0.9837269648493518 5.27665
0.975417716398529 0.15832688531735942 -0.15327385922453426 -3.03818 0.14937055296022192 -0.986415574916751 -0.06835752679853764 1.62548 -0.16201455627268854 0.043782541581764936 -0.9858166019135631 5.41174
0.9780256155815574 0.15622173941814368 -0.13806036143471742 -3.04757 0.14675189428533833 -0.9862216700997146 -0.07635901354387897 1.62301 -0.14808705814479564 0.05442045166018947 -0.9874758921873084 5.5581
0.980541992622287 0.15378497958429482 -0.12201467435752592 -3.05681 0.1440056389355699 -0.9858909582804026 -0.08533108657287591 1.62117 -0.1334158036331279 0.0660999125204216 -0.988853388984292 5.6957
0.9827826414769953 0.1513638488987948 -0.10595878848893346 -3.06535 0.14146371421142653 -0.9853297404137293 -0.09546371152286565 1.61963 -0.11885410036261922 0.07883075480265231 -0.9897774572722076 5.83959
0.9848066366044397 0.1488915637675329 -0.08937108446645127 -3.07259 0.13926474447858458 -0.9845948117247272 -0.1057278944747474 1.6201 -0.10373629762607413 0.09167529091095078 -0.9903708505359126 5.98784
0.9867169527957157 0.14559877350330092 -0.0720461811609169 -3.08221 0.1366604505780401 -0.983752568776454 -0.11642510327903982 1.61705 -0.08782696803000911 0.10503275955654265 -0.9905829309586317 6.13748
0.9883595776476878 0.14262390900024063 -0.05295059823624042 -3.09978 0.1349771732973143 -0.9826354510948659 -0.12731352222076214 1.61839 -0.0701890871913252 0.11868441697662246 -0.9904481315072325 6.28204
0.9896902928044425 0.13864603155240973 -0.03592216952558338 -3.10708 0.13248350491813798 -0.9815047347975611 -0.1381903632478561 1.61703 -0.05441732493666198 0.13200656614251022 -0.9897540205737992 6.43313
0.9907154278727877 0.13449426625108218 -0.01985530962796686 -3.1124 0.13008266587322181 -0.9802292658920195 -0.1490942196334521 1.61713 -0.039515073252559534 0.14512711198937067 -0.9886236292702444 6.58304
0.9913766509858939 0.13099812247846912 -0.0034391549992893646 -3.12183 0.12877602942737096 -0.9787496728573655 -0.15958011193917893 1.62145 -0.02427076687939661 0.15776111621282346 -0.987178990906092 6.73318
0.9919779759978677 0.12555221009887368 0.01470842188892589 -3.15026 0.1262160291522389 -0.9772652254916623 -0.17035901217655625 1.61944 -0.007014921255119905 0.17084882669781243 -0.9852722818062862 6.88311
0.9920754220156781 0.12216186797196378 0.029374053959476353 -3.17748 0.1254650508187156 -0.9756756770854603 -0.1797651083132802 1.62657 0.00669910855792424 0.18202596286636896 -0.9832709040682025 7.03476
0.9919267418936524 0.11496516915623387 0.05351960946347191 -3.32829 0.12320215831462716 -0.9736430704667165 -0.1919385305736252 1.61556 0.030042751253198538 0.19698269267380686 -0.979946555626436 7.13334
0.9915068757613762 0.10871578996279982 0.07137921497663074 -3.48027 0.12102270626214626 -0.9722281629299246 -0.20031451214250784 1.5962 0.04761953261952426 0.2072517218714215 -0.9771279874685964 7.07784
0.9907440057282024 0.1052550875883478 0.08571861904163383 -3.59495 0.12116498566064178 -0.9704116991399045 -0.20885444793506278 1.58541 0.061199357541497 0.21730738760836596 -0.9741828051897319 6.98144
0.9900225478417805 0.10096531635898671 0.09829221565006827 -3.69786 0.12036400751607317 -0.9686447235572061 -0.21734742975120414 1.57116 0.07326568405154268 0.2270097011524258 -0.9711327072666979 6.86948
0.989197447004708 0.09810640213975368 0.10891990037895324 -3.78791 0.12066486160575739 -0.9668599172817127 -0.22499309217765587 1.56168 0.08323702309087935 0.23570539708117136 -0.9682533572230854 6.75121
0.9883845742572296 0.09487881871200603 0.1187179141080602 -3.87322 0.12040801267314337 -0.9655180108609122 -0.23081785283485146 1.54988 0.09272455906855857 0.24243139331159508 -0.9657272781083382 6.64084
0.9877632497107166 0.09114755348097686 0.12655388581689797 -3.95323 0.11940823245785087 -0.963967379156723 -0.2377153043937434 1.53101 0.10032664921253892 0.2499180173900047 -0.9630553193049883 6.5318
0.9872634359981356 0.09478196802429774 0.12777827076070544 -3.97284 0.12330995704964519 -0.9633709723557307 -0.23814076533594303 1.54302 0.10052642654332149 0.25086400331616937 -0.9627884967149405 6.5181
0.9868120460885268 0.09422147762491077 0.13162180233059528 -4.04102 0.12426682523266273 -0.9620344307690176 -0.24299693446940407 1.53572 0.1037291754578755 0.2561485256040164 -0.9610557689279631 6.41915
0.9864590915463339 0.09418311048352318 0.13426839689677347 -4.10691 0.12542265161438026 -0.9607172941262533 -0.24757107914445012 1.52643 0.10567695665375125 0.26105904019278525 -0.9595210046507697 6.31737
0.9863337522258481 0.09369228461364909 0.13552669487578586 -4.16561 0.1258146216408204 -0.9594108052464615 -0.25239173472543297 1.51626 0.10637861721914132 0.2659937265805551 -0.958087118804095 6.22161
0.9861866894952178 0.0941626057398988 0.13626891480721304 -4.22615 0.12675811940904005 -0.9586093709016292 -0.25495186444398993 1.50694 0.10662172680249862 0.2687033265515249 -0.9573036768308154 6.12522
0.9863801999531213 0.09671047765087636 0.13304579908054212 -4.20473 0.12853323767991504 -0.9579306824441906 -0.25660867959507083 1.51246 0.10263190513655639 0.27021452800422596 -0.9573143689005689 6.10255
0.9856482266773179 0.10260694199495082 0.13404994853525165 -4.21969 0.13466232557984126 -0.9567667038839691 -0.2578052218408975 1.52201 0.10180192197246399 0.2721567375492482 -0.9568526944568125 6.10238
0.9859709061809837 0.10476562141391194 0.12994436014851182 -4.24323 0.13556098620019522 -0.9568093641515364 -0.25717515372283245 1.51358 0.09738886581678502 0.27118260497622054 -0.9575883267736877 6.04489
0.9868964723121842 0.10804736303904647 0.11983789166234035 -4.21357 0.13599540161079682 -0.956688509765353 -0.2573953108035702 1.51516 0.08683664939692465 0.27031992642655284 -0.95884645991851 5.9794
0.9872965978432542 0.11036155301672183 0.11430553574903238 -4.25555 0.13669915852862513 -0.9566824198997672 -0.2570449134145465 1.50496 0.08098622070884548 0.2694050390591519 -0.9596156298147898 5.89272
0.987717604500116 0.11273962086772732 0.10818369399846231 -4.2931 0.13725357695304685 -0.9569034265691551 -0.255924379131421 1.49502 0.07466853001195262 0.2676296136581496 -0.9606242764572647 5.80582
0.9869965406218132 0.11993876441848393 0.1070164547644004 -4.34154 0.143616042261854 -0.9570194010762266 -0.2519688440437469 1.49394 0.07219599161736688 0.26406165710581325 -0.9617999688297546 5.71563
0.9877762325020054 0.12260392603661452 0.09626209962675801 -4.3719 0.14345764969267094 -0.9565807174785139 -0.2537188083153195 1.48635 0.060975546318162974 0.26442694315954135 -0.9624761682672989 5.63629
0.9878549275750413 0.12775131061630382 0.08844345482582044 -4.40166 0.1462570632624983 -0.9566847115473732 -0.25172054770588215 1.48053 0.052454871189812874 0.2615988633907578 -0.9637502379564552 5.5597
0.9880341297709508 0.13263426276814047 0.07871918919622756 -4.40626 0.1482901008329999 -0.957244919584305 -0.24837916564191972 1.47135 0.04240995641000266 0.2570803692816496 -0.9654589992989407 5.49656
0.9880037199071876 0.1381336416382996 0.06904887035499842 -4.42473 0.15105033396644385 -0.9574330935646285 -0.24597899901392178 1.46435 0.03213169865079238 0.2534580209719294 -0.9668125907055656 5.4272
0.9879502543865477 0.14285474024386025 0.05955516809996152 -4.42826 0.15313161570105538 -0.9580879870560974 -0.24211178684975143 1.45205 0.022472274703281545 0.2483141805226886 -0.968418847720864 5.36664
0.9876130114892824 0.14864889873371834 0.05023986905161924 -4.4427 0.1563984284414064 -0.9583911295641129 -0.23880111882879154 1.44419 0.012651921519254813 0.24370052867828804 -0.9697680038049276 5.30569
0.9871976208191813 0.1541378992375479 0.0410166486634836 -4.45377 0.15947286225812907 -0.9587317737992671 -0.23537585286284324 1.43413 0.0030436248369181407 0.23890352430708628 -0.9710385380722568 5.24674
0.9867843165224605 0.15865962571788858 0.03292166205342343 -4.45833 0.16196164790762088 -0.9594542434332277 -0.23068588895946793 1.41732 -0.005013708442675803 0.23296926390627506 -0.9724711742785078 5.19632
0.9859721791965771 0.16494664289318836 0.025523848624767535 -4.46656 0.1664281738103198 -0.9599565539183023 -0.22535544713065978 1.40505 -0.012669838693331489 0.22644208881646674 -0.9739422239537213 5.14549
0.984734655834793 0.17316979007793304 0.017603448591001443 -4.47469 0.1727258892034363 -0.9596567267817709 -0.22186647773239512 1.40161 -0.021527303519337654 0.2215201809020156 -0.9749181425413748 5.09657
0.983624986824477 0.17994668188651095 0.010053704420913778 -4.47973 0.1777994128141646 -0.9597377310255267 -0.21746460964697842 1.39231 -0.029483115464389996 0.21569116654144474 -0.9760164274122157 5.04727
0.9823982155571226 0.1867242453659838 0.0052727850975721625 -4.49573 0.18356411216457802 -0.9597723972571907 -0.21246449630094838 1.37951 -0.03461159914553962 0.20969263615036499 -0.9771545607266535 5.01256
0.9813848936876904 0.19205001804822236 -0.0006935483243509163 -4.50011 0.18768818794697545 -0.9598486113065122 -0.20847970519487244 1.36156 -0.04070423254136551 0.20446866249045983 -0.9780264472459735 4.97462
0.9806202811621136 0.19586426546669713 -0.004588429658221468 -4.51527 0.19091216760972549 -0.960563016142969 -0.20216635792554205 1.33645 -0.04400464102902474 0.19737244369848972 -0.97934044644158 4.94487
0.9797600707659998 0.2000425353993878 -0.007292994144237692 -4.53144 0.19475636088787876 -0.9610234476875082 -0.19622408845125403 1.31027 -0.046261902536682706 0.1908321697874861 -0.9805319573312675 4.92243
0.9783738571540406 0.20665781756712093 -0.008783056183319902 -4.55526 0.20120741920799623 -0.9606981943672299 -0.19124474841208494 1.2922 -0.04796008854435596 0.185341646096981 -0.9815030841158263 4.90029
0.9771386636039445 0.2122553199617633 -0.012153651230257155 -4.56371 0.20637522894844793 -0.9606993360460339 -0.18565034499613856 1.27086 -0.05108127804561025 0.1788979174519342 -0.9825407056018534 4.87932
0.9756661576133356 0.218711446418149 -0.015519410224311251 -4.57344 0.21236751733508713 -0.9602289784898115 -0.1812742299648361 1.25594 -0.05454893646040021 0.17356731280426613 -0.9833101247607212 4.8558
0.9739662233338859 0.2259284381427168 -0.01860474786498087 -4.57913 0.21915231467822666 -0.9593830791772007 -0.17764112800713788 1.24345 -0.05798326289458389 0.1689391849952681 -0.9839194545272656 4.83425
0.9718163721800277 0.23488223278603543 -0.02008172015281953 -4.59656 0.22800317285467075 -0.9581526669912217 -0.17308385223876824 1.23908 -0.059895675395245526 0.1636270254544013 -0.9847023431524329 4.81933
0.9699123283721924 0.2424248445332045 -0.022366716895513877 -4.60914 0.23535552176429697 -0.9571807023764038 -0.16856120957465331 1.22889 -0.06227241481336637 0.1582254649266871 -0.9854373894885693 4.80321
0.9677747866655968 0.2506163061708716 -0.024564799523430235 -4.62255 0.24343473001212806 -0.9560570794511152 -0.16338418851077927 1.22383 -0.06443209230096972 0.15213917284076275 -0.9862566489352795 4.79042
0.9655444502450491 0.25887095887714706 -0.02664096940827122 -4.63669 0.2515759055023793 -0.9546941695064012 -0.15896102189260386 1.21999 -0.06658437032550445 0.14678170649133837 -0.9869253529359993 4.77733
0.9633885036305085 0.2665845529788861 -0.02855288401574375 -4.65241 0.2591858769912974 -0.9532748512266072 -0.15520869559126238 1.21553 -0.06859498699483141 0.14212576871185806 -0.9874689836279626 4.77087
0.9613023176180667 0.2737735483532571 -0.030755460721638886 -4.66662 0.2663035093005485 -0.9520161150677092 -0.15082359757544184 1.20868 -0.0705712057169646 0.13679678678043927 -0.9880821545044728 4.75945
0.9590008120683324 0.2813941271640206 -0.033686609355625084 -4.67915 0.27370936976098253 -0.9504540213847581 -0.14737820102914842 1.20455 -0.07348893357047204 0.1321154738520107 -0.9885063875421007 4.74531
0.9568416250622699 0.28821240006829707 -0.03725207370155352 -4.6925 0.28030480823326154 -0.9491310183826284 -0.14345565316594816 1.19794 -0.07670279675154336 0.12682240492446994 -0.9889553875578335 4.72495
0.95450342733436 0.29549126214111926 -0.04010138657464009 -4.71332 0.287476464501031 -0.9475593032495531 -0.13960175207786396 1.19255 -0.07924953984060658 0.12172214598613612 -0.9893953858855327 4.71049
0.952345964146318 0.30194386556154335 -0.04320956634789249 -4.73466 0.293785703768813 -0.9461118306776751 -0.13624376724386963 1.18476 -0.08201905166047418 0.11705684901572874 -0.9897325746196423 4.68925
0.9503454405893433 0.3077650376243436 -0.0460893172777997 -4.76253 0.29954140446139044 -0.9448168032602667 -0.13265050052807262 1.17549 -0.08437114770076917 0.11225813954068933 -0.9900907127847015 4.66782
0.9482312334238576 0.3135679289956562 -0.050325757469158364 -4.78413 0.3051625588431839 -0.9435200300544972 -0.12901846986474833 1.16697 -0.08793941459749326 0.10698180588929927 -0.9903643534421636 4.64275
0.9466646047381688 0.3176703086729063 -0.05396018090765487 -4.80934 0.3091910181082154 -0.9426963754869007 -0.12539720078640387 1.15078 -0.09070303444279904 0.10202508824559253 -0.9906380978497382 4.61937
0.944658612714402 0.32303045976946326 -0.057196393991497396 -4.84119 0.3144682202827848 -0.9413217581620351 -0.12256869927886416 1.14232 -0.09343363343400138 0.09779912919788139 -0.9908105199640628 4.59564
0.9434841542315751 0.3257577395917361 -0.06098807924514961 -4.87147 0.31717325943311986 -0.9408833725774759 -0.11891006142377541 1.1248 -0.09611854251132228 0.09284597085128585 -0.9910301970586879 4.57093
0.9418890069235342 0.3295669510984618 -0.06504401110219626 -4.89798 0.32088232042059106 -0.9399786164743096 -0.11608073488973047 1.11305 -0.09939635344465939 0.08846369489630687 -0.991107733602759 4.54505
0.9410281063817127 0.3312841057702116 -0.06868001356784657 -4.92916 0.32256163540669036 -0.9397420568267376 -0.11330868455160172 1.0934 -0.10207886345081273 0.0844731193639983 -0.9911832311644029 4.52137
0.9400873488118296 0.3329800708950216 -0.07321235545105391 -4.95363 0.3240592095788424 -0.9394339637568693 -0.11157713218752735 1.0747 -0.10593113466342648 0.08116711234732588 -0.9910552429517315 4.48638
0.939241361193701 0.33457724933110317 -0.07670547342293565 -4.98065 0.3255764941602228 -0.9391281964780608 -0.10971862663287109 1.06178 -0.1087456292148897 0.07807877310702176 -0.9909985334584305 4.45923
0.9386740117675698 0.3353955540807426 -0.08000576188655094 -5.00475 0.32622168925534245 -0.9389919320173528 -0.10896587110517508 1.04474 -0.11167143364158376 0.0761838165832513 -0.9908206280650613 4.42575
0.9383255032897447 0.33563606741419477 -0.08302818874804921 -5.02814 0.3263137490108939 -0.9390424601959934 -0.10825246027463738 1.02668 -0.11430042468207605 0.07448280472559214 -0.9906501525350443 4.39707
0.9376000168477755 0.3372641875720895 -0.08461132423256991 -5.05466 0.32766077132984245 -0.9384109888867366 -0.10965051239346499 1.02126 -0.11638138742334754 0.07508451050619674 -0.9903624028321455 4.36944
0.9372454620471989 0.3376665242866941 -0.08690375278477147 -5.07027 0.3276729639588103 -0.93819328810584 -0.11146202422170999 1.01201 -0.11916951188278588 0.07599126613826286 -0.9899615926430293 4.32763
0.9373663341390724 0.3371856358322427 -0.08746543666547735 -5.08892 0.3268046657716136 -0.9381553577502121 -0.11429451060516937 1.0003 -0.1205946352562185 0.0785517136221574 -0.9895890875683916 4.30665
0.9374214172044293 0.3371810278707933 -0.08689097197312393 -5.11282 0.32651042137833974 -0.937918309614175 -0.11704780741998919 0.993789 -0.1209629335696597 0.08135231363939918 -0.9893178305113774 4.26913
0.9377560221190664 0.3366134095326973 -0.08546961742161835 -5.13024 0.3254554466245984 -0.9376520808117899 -0.12201363699072285 0.990432 -0.12121219097850011 0.08660247035791366 -0.9888415529730221 4.22636
0.9391329291449524 0.3332886527687599 -0.08335475590034686 -5.1461 0.3216474318180564 -0.9382296370775063 -0.12754637475937577 0.974595 -0.12071566178615828 0.09297215736442485 -0.9883237864963759 4.18195
0.9415014982834305 0.32769355934206107 -0.07868837204941229 -5.16946 0.3159887012610609 -0.9395479147053724 -0.1319123066591393 0.952607 -0.11715830916074063 0.09933099787336205 -0.9881332316322929 4.11228
0.9443171841687412 0.3210182851645638 -0.07219637299492211 -5.19233 0.30924688891755764 -0.9408407416779518 -0.13851014581500146 0.935169 -0.11238957860242606 0.10847100713501273 -0.9877259859053444 4.02841
0.9474351646131314 0.31331933263698347 -0.06478892382502345 -5.21404 0.30152476101725295 -0.9421050114664842 -0.14670025856563734 0.917983 -0.10700199693453326 0.11945351885001831 -0.9870569535170557 3.9432
0.951204599448318 0.30346820782190026 -0.05582881719800541 -5.23289 0.2918800038197817 -0.943615962130556 -0.15618892208664728 0.890533 -0.1000793353221761 0.1322723056946862 -0.9861481449496736 3.87014
0.9549358522746921 0.29340153202278263 -0.04486712657493876 -5.25266 0.28242924207575193 -0.9447053810018279 -0.16662972822011007 0.870439 -0.09127563344575494 0.14644891297949436 -0.9849982104685272 3.77703
0.9588971007167957 0.28194521178507603 -0.03198824453438695 -5.27556 0.27209082683839825 -0.9456103671781819 -0.17829081702527644 0.848186 -0.08051665782507292 0.1622588396254961 -0.9834577452926321 3.67884
0.9629126415542081 0.26923631489715016 -0.017636651487749247 -5.30167 0.2611023020860149 -0.9463071601686689 -0.1905999644776805 0.824358 -0.06800612163975492 0.17892614497080142 -0.981509348944475 3.58393
0.9671438663741979 0.2542115839503767 -0.003035180424233702 -5.32248 0.24830001068534588 -0.9470822104951865 -0.20342662376692044 0.791445 -0.05458796963090118 0.1959891761016196 -0.9790854898437541 3.47826
0.9706996596654482 0.2399253775261511 0.013341062338370948 -5.34887 0.2370333975598102 -0.9469253856084274 -0.21713471056370323 0.767784 -0.03946313680684007 0.21393486697886369 -0.976050476934518 3.37222
0.9738109189383166 0.2254152325430999 0.029669295476151214 -5.37285 0.22607745881897132 -0.946202074695202 -0.23149647180130312 0.74601 -0.024109682089718663 0.2321413508620026 -0.9723832148127081 3.26017
0.976768734116809 0.20931869907585973 0.04591864837989382 -5.39527 0.21414411488054533 -0.9453343828006768 -0.24593739601144696 0.718608 -0.00807081866197239 0.2500571672879087 -0.968197435946859 3.14932
0.9793337137496914 0.19244189746209683 0.06222212801267478 -5.4179 0.20207399630787326 -0.9438897982452941 -0.2612243265559772 0.688062 0.008460326790585792 0.26839926391412855 -0.9632706047632464 3.03293
0.9810288883480723 0.1768281789332433 0.07946140800223958 -5.44814 0.192130027527223 -0.9415008542016595 -0.27687938540081647 0.665631 0.025852906005593142 0.2868935981730827 -0.9576135392622472 2.92197
0.9824889711797616 0.16037513014534988 0.09484323455574037 -5.47068 0.18142423180175737 -0.939381971180341 -0.2909411630149278 0.639587 0.04243429774693233 0.3030533448952488 -0.9520283611965169 2.79623
0.9834110111648555 0.14376416233409345 0.1106103464784938 -5.49646 0.17134024625927807 -0.9363939814763098 -0.3062822741634815 0.607402 0.05954244814857687 0.3201533649414301 -0.9454927391498853 2.6664
0.983769480797877 0.1274858889582372 0.126273341474769 -5.52524 0.16214273614900765 -0.9330097708784144 -0.321251460011502 0.578731 0.07685923343872811 0.33651168711047225 -0.9385374487324811 2.53121
