1 0 0 0 0 1 0 0 0 0 1 0
0.999995 0.00173345 0.00261221 -0.0266803 -0.0017259 0.999995 -0.00289243 0.048658 -0.00261725 0.00288789 0.999993 0.0401593
0.99996 0.00556879 0.00708323 -0.0630639 -0.00554722 0.99998 -0.00307563 0.0793357 -0.00710017 0.0030362 0.99997 0.0791385
0.99991 0.00757786 0.0110055 -0.0916194 -0.00754768 0.999968 -0.00277155 0.101165 -0.0110262 0.00268823 0.999936 0.111336
0.999817 0.011243 0.0154964 -0.118948 -0.0112176 0.999936 -0.00172995 0.117438 -0.0155148 0.0015558 0.999878 0.139307
0.9996 0.0198878 0.0200783 -0.144779 -0.0198621 0.999802 -0.00147212 0.131063 -0.0201035 0.00107276 0.999798 0.167052
0.999418 0.0231848 0.0250271 -0.163456 -0.0231772 0.999731 -0.000598762 0.140244 -0.0250342 1.83776e-05 0.999687 0.183098
0.999164 0.0284346 0.0293426 -0.173115 -0.0284468 0.999595 2.04327e-06 0.148097 -0.0293306 -0.00083664 0.99957 0.196859
0.998871 0.0332696 0.0339111 -0.178804 -0.033358 0.999442 0.00203908 0.148234 -0.0338242 -0.00316797 0.999423 0.200525
0.998525 0.0374894 0.0392642 -0.180401 -0.0376238 0.999288 0.00269136 0.150465 -0.0391353 -0.00416458 0.999225 0.202452
0.998164 0.0416727 0.0439529 -0.180826 -0.0418852 0.999115 0.00392317 0.15 -0.0437504 -0.00575691 0.999026 0.203751
0.997682 0.0475864 0.0486414 -0.182184 -0.0478013 0.998852 0.00326605 0.15354 -0.04843 -0.00558353 0.998811 0.207822
0.997256 0.0510507 0.0536074 -0.188199 -0.0512893 0.998679 0.00308202 0.156463 -0.0533792 -0.00582299 0.998558 0.210332
0.996898 0.054012 0.057241 -0.189511 -0.0543604 0.998511 0.00454799 0.154563 -0.0569101 -0.00764546 0.99835 0.212659
0.996552 0.0564573 0.0608046 -0.192699 -0.0567971 0.998378 0.00387175 0.158201 -0.0604873 -0.00731181 0.998142 0.21628
0.996163 0.0595023 0.0641653 -0.197294 -0.0597709 0.99821 0.0022756 0.163295 -0.063915 -0.00610204 0.997937 0.223696
0.995908 0.0604842 0.067147 -0.202488 -0.0607807 0.998148 0.00237879 0.161869 -0.0668787 -0.00645016 0.99774 0.225874
0.995662 0.0616347 0.0696998 -0.207628 -0.0618571 0.998085 0.00103718 0.165006 -0.0695023 -0.00534404 0.997568 0.22932
0.995616 0.0611296 0.0707937 -0.21141 -0.0613196 0.998118 0.000510715 0.165996 -0.0706292 -0.00484937 0.997491 0.232971
0.995569 0.0602767 0.0721675 -0.219493 -0.060308 0.998179 -0.00174605 0.168522 -0.0721412 -0.00261387 0.997392 0.242447
0.995668 0.0578692 0.0727818 -0.226768 -0.0577406 0.998324 -0.00387313 0.169168 -0.0728839 -0.000345945 0.99734 0.248369
0.995867 0.0544001 0.0727281 -0.234439 -0.054127 0.998518 -0.00572119 0.168284 -0.0729315 0.00176109 0.997336 0.255004
0.996068 0.0508765 0.0725226 -0.244589 -0.0503312 0.998689 -0.00932958 0.170885 -0.0729021 0.00564288 0.997323 0.264408
0.996402 0.04616 0.0710788 -0.253585 -0.0453459 0.998887 -0.0130242 0.172521 -0.0716008 0.00975437 0.997387 0.273221
0.996715 0.0400176 0.0704189 -0.266961 -0.0389805 0.999111 -0.0160417 0.173476 -0.0709981 0.0132442 0.997389 0.280038
0.997031 0.0348951 0.0686351 -0.278204 -0.0335794 0.999232 -0.0202296 0.176654 -0.0692882 0.017865 0.997438 0.290108
0.997364 0.027503 0.0671474 -0.291665 -0.0260209 0.9994 -0.0228495 0.176325 -0.0677355 0.0210422 0.997482 0.300959
0.997671 0.0221585 0.0645091 -0.301754 -0.0204382 0.999422 -0.0272035 0.180015 -0.0650745 0.0258218 0.997547 0.315141
0.997917 0.0157346 0.0625596 -0.316705 -0.0138401 0.999436 -0.0306025 0.180232 -0.0630057 0.0296731 0.997572 0.323371
0.998133 0.00863037 0.0604646 -0.331416 -0.00662996 0.999427 -0.0332049 0.181051 -0.0607164 0.0327422 0.997619 0.336106
0.998231 0.00320929 0.0593793 -0.349355 -0.00103892 0.999332 -0.0365474 0.183909 -0.0594567 0.0364212 0.997566 0.348345
0.998412 0.000338752 0.0563386 -0.364058 0.00185657 0.999242 -0.0389079 0.187493 -0.0563089 0.0389509 0.997654 0.361255
0.998507 -0.0049078 0.0544174 -0.378577 0.00714687 0.999133 -0.0410305 0.189009 -0.0541687 0.0413583 0.997675 0.375342
0.998529 -0.00972845 0.053343 -0.396543 0.0118418 0.999152 -0.0394435 0.186389 -0.0529139 0.0400173 0.997798 0.387914
0.998494 -0.0115896 0.0536244 -0.413143 0.0137872 0.999073 -0.0407981 0.193288 -0.0531016 0.0414762 0.997728 0.40039
0.998504 -0.0116102 0.053428 -0.42466 0.0137805 0.999088 -0.0404315 0.198698 -0.0529098 0.0411075 0.997753 0.411629
0.99849 -0.0119041 0.0536388 -0.433653 0.0139741 0.999166 -0.0383859 0.200713 -0.0531369 0.0390777 0.997823 0.418389
0.998425 -0.00875563 0.0554111 -0.439915 0.0107283 0.999316 -0.0354001 0.203653 -0.0550631 0.035939 0.997837 0.422215
0.998312 -0.00453568 0.0579065 -0.444278 0.00634492 0.999497 -0.0311002 0.206356 -0.0577361 0.0314154 0.997838 0.425
0.998111 -0.000694833 0.0614359 -0.447936 0.00221183 0.999695 -0.0246252 0.208803 -0.0613998 0.0247147 0.997808 0.42839
0.997762 0.00592093 0.0666132 -0.454099 -0.00476665 0.999837 -0.0174755 0.212893 -0.0667056 0.0171191 0.997627 0.433061
0.997271 0.0146725 0.0723509 -0.460631 -0.0142797 0.999882 -0.00594059 0.211231 -0.0724293 0.00489137 0.997362 0.436478
0.996645 0.0236814 0.0783543 -0.463655 -0.0241932 0.999693 0.00558786 0.211572 -0.0781977 -0.00746447 0.996911 0.44214
0.995639 0.0358309 0.0861383 -0.473307 -0.0374444 0.999152 0.0171914 0.21836 -0.0854491 -0.0203416 0.996136 0.452441
0.994214 0.0506302 0.0947409 -0.4839 -0.053521 0.998169 0.0282223 0.227412 -0.0931383 -0.0331294 0.995103 0.463871
0.99247 0.063669 0.104649 -0.498701 -0.0683509 0.996787 0.0417784 0.232761 -0.101652 -0.0486164 0.993632 0.47617
0.990231 0.0789936 0.114909 -0.514427 -0.0859309 0.994686 0.0567193 0.237257 -0.109818 -0.0660391 0.991756 0.487949
0.987661 0.0935616 0.125597 -0.529569 -0.103063 0.99211 0.0714027 0.244644 -0.117925 -0.0834657 0.989509 0.50148
0.984482 0.109108 0.137448 -0.548677 -0.121717 0.988753 0.0869181 0.249672 -0.126418 -0.102299 0.986689 0.51745
0.980824 0.124453 0.14999 -0.569263 -0.140533 0.984827 0.101827 0.254609 -0.135042 -0.120952 0.983431 0.536826
0.976426 0.141171 0.163292 -0.593613 -0.161193 0.980008 0.116631 0.259818 -0.143563 -0.140202 0.979661 0.554019
0.971655 0.157106 0.176654 -0.62012 -0.181493 0.974553 0.131565 0.264302 -0.151489 -0.159897 0.975441 0.574865
0.966759 0.171101 0.19001 -0.648388 -0.200324 0.968642 0.14699 0.266477 -0.158901 -0.180166 0.970718 0.596237
0.961549 0.185105 0.202882 -0.67862 -0.21945 0.962024 0.162342 0.267307 -0.165127 -0.200622 0.965653 0.618158
0.956055 0.198056 0.216178 -0.712362 -0.237856 0.95505 0.176936 0.269251 -0.171417 -0.22058 0.960189 0.643589
0.950772 0.21018 0.227723 -0.745741 -0.255153 0.947982 0.190344 0.271835 -0.175871 -0.239078 0.954941 0.668132
0.944924 0.22295 0.239609 -0.78285 -0.272902 0.94086 0.200771 0.276903 -0.180676 -0.255102 0.949885 0.695714
0.939742 0.231757 0.251348 -0.824546 -0.287139 0.934068 0.212298 0.277524 -0.185574 -0.271677 0.944328 0.728077
0.934476 0.241449 0.261647 -0.866124 -0.301453 0.9276 0.220648 0.280513 -0.189429 -0.285064 0.939605 0.754836
0.930175 0.249816 0.269012 -0.905623 -0.313697 0.921514 0.228927 0.282133 -0.190709 -0.29733 0.935535 0.781085
0.926637 0.25585 0.275475 -0.947371 -0.323408 0.916088 0.237049 0.281748 -0.19171 -0.308748 0.931625 0.812454
0.925911 0.252034 0.281369 -0.99317 -0.323013 0.914442 0.243847 0.279116 -0.195838 -0.316666 0.928101 0.845304
0.925221 0.250063 0.285372 -1.04279 -0.323927 0.912214 0.250876 0.275034 -0.197585 -0.324555 0.925001 0.880036
0.925057 0.246251 0.289191 -1.09899 -0.322794 0.910951 0.256855 0.268332 -0.200188 -0.330954 0.922169 0.919443
0.924523 0.245987 0.291116 -1.15583 -0.323867 0.909725 0.259834 0.268919 -0.200919 -0.334504 0.920728 0.96034
0.924075 0.244334 0.293919 -1.22468 -0.323908 0.908846 0.26284 0.26328 -0.202906 -0.338087 0.918982 1.00453
0.923838 0.244913 0.294181 -1.29608 -0.325103 0.907721 0.265242 0.258729 -0.202072 -0.340679 0.918209 1.04888
0.923096 0.246641 0.295068 -1.37677 -0.327169 0.906919 0.265445 0.25481 -0.202132 -0.341568 0.917865 1.10157
0.923206 0.248316 0.293311 -1.45377 -0.328301 0.906336 0.266038 0.248895 -0.199776 -0.341901 0.918257 1.15761
0.922015 0.251897 0.294004 -1.547 -0.332187 0.904759 0.266579 0.239549 -0.198852 -0.343453 0.917878 1.21644
0.920732 0.257443 0.293218 -1.64392 -0.337445 0.902665 0.267076 0.230147 -0.19592 -0.34485 0.917985 1.27839
0.91858 0.264639 0.293564 -1.7406 -0.344763 0.899701 0.26773 0.218432 -0.193268 -0.347141 0.917683 1.33644
0.918384 0.266017 0.29293 -1.84906 -0.345678 0.899633 0.266777 0.212514 -0.192562 -0.346262 0.918164 1.40249
0.920522 0.261888 0.289925 -1.96361 -0.340283 0.902032 0.265609 0.208355 -0.191962 -0.343155 0.919455 1.46564
0.923155 0.256829 0.286051 -2.07762 -0.333583 0.905001 0.264004 0.203985 -0.191072 -0.339138 0.92113 1.54066
0.925957 0.250893 0.28224 -2.19737 -0.326078 0.908178 0.262467 0.19872 -0.190473 -0.335064 0.922743 1.61728
0.928559 0.245892 0.278058 -2.31946 -0.319138 0.911413 0.259766 0.194979 -0.189551 -0.329946 0.924775 1.69806
0.931409 0.24023 0.27344 -2.44208 -0.311334 0.915 0.256613 0.192205 -0.188551 -0.324142 0.927029 1.77546
0.933776 0.235462 0.269485 -2.5551 -0.304819 0.91785 0.254242 0.189664 -0.187481 -0.319549 0.92884 1.85469
0.935791 0.230945 0.26639 -2.6652 -0.298786 0.920587 0.251494 0.18747 -0.187153 -0.314938 0.930479 1.91922
0.937936 0.226064 0.263007 -2.7631 -0.292349 0.923348 0.248924 0.187228 -0.186573 -0.310364 0.932131 1.98255
0.939643 0.221416 0.260861 -2.8564 -0.286779 0.925486 0.247458 0.185032 -0.186632 -0.307331 0.933124 2.04166
0.941126 0.217652 0.258672 -2.9407 -0.282069 0.927326 0.245979 0.184056 -0.186335 -0.30446 0.934124 2.09645
0.942495 0.214048 0.25669 -3.01645 -0.277713 0.928867 0.245122 0.182575 -0.185962 -0.302312 0.934895 2.13998
0.943681 0.210586 0.255192 -3.08627 -0.273576 0.930423 0.243868 0.18369 -0.186081 -0.299947 0.935633 2.1815
0.944686 0.207134 0.2543 -3.14827 -0.269824 0.931604 0.24354 0.183797 -0.186461 -0.298684 0.935962 2.21931
0.94556 0.204109 0.253491 -3.20091 -0.266516 0.932649 0.243183 0.18413 -0.186782 -0.297503 0.936273 2.2503
0.946248 0.201195 0.253259 -3.2462 -0.263563 0.933495 0.243155 0.184079 -0.187494 -0.296833 0.936344 2.27907
0.947186 0.198342 0.251996 -3.28106 -0.260376 0.934361 0.243261 0.184537 -0.187206 -0.296026 0.936656 2.3033
0.947798 0.195952 0.251567 -3.31113 -0.258007 0.934857 0.243881 0.184005 -0.18739 -0.296055 0.936612 2.31765
0.948714 0.193267 0.250184 -3.32944 -0.255013 0.93557 0.244295 0.184409 -0.18685 -0.295566 0.936873 2.32905
0.949315 0.190893 0.249728 -3.34348 -0.25267 0.93602 0.245005 0.184697 -0.18698 -0.295685 0.93681 2.33659
0.95027 0.188353 0.248016 -3.34541 -0.249827 0.936529 0.245973 0.184461 -0.185944 -0.295701 0.937011 2.33856
0.951086 0.186097 0.24659 -3.35406 -0.247459 0.936759 0.247486 0.183489 -0.184938 -0.296401 0.93699 2.34418
0.951926 0.183889 0.244996 -3.36768 -0.24504 0.937058 0.248758 0.184159 -0.183831 -0.296832 0.93707 2.35324
0.952757 0.181101 0.243845 -3.38756 -0.242225 0.937397 0.250237 0.184231 -0.18326 -0.297479 0.936978 2.36419
0.953764 0.178393 0.241894 -3.41124 -0.239144 0.937926 0.251216 0.186397 -0.182062 -0.297447 0.937221 2.3771
0.955002 0.175773 0.238912 -3.43831 -0.23595 0.938299 0.252838 0.18677 -0.179728 -0.297831 0.93755 2.39305
0.956377 0.172528 0.235752 -3.47021 -0.232153 0.938712 0.254811 0.187416 -0.17734 -0.298425 0.937815 2.41374
0.957776 0.16958 0.23219 -3.5065 -0.228452 0.939178 0.256432 0.187921 -0.174581 -0.298647 0.938263 2.43459
0.959353 0.165963 0.228254 -3.54965 -0.223977 0.939816 0.258041 0.18956 -0.171691 -0.298675 0.938786 2.46146
0.961091 0.162403 0.223459 -3.59731 -0.219278 0.940498 0.259585 0.191414 -0.168005 -0.298483 0.939515 2.48824
0.962696 0.158888 0.219032 -3.65319 -0.214634 0.941308 0.260531 0.197189 -0.16478 -0.297823 0.940294 2.51911
0.964708 0.154874 0.212973 -3.7116 -0.209106 0.942121 0.262083 0.201912 -0.160056 -0.297366 0.941255 2.5516
0.966613 0.150988 0.207036 -3.77846 -0.203735 0.942882 0.263573 0.206334 -0.155413 -0.296952 0.942162 2.58978
0.968772 0.145769 0.200589 -3.85302 -0.196964 0.943807 0.2654 0.212039 -0.150629 -0.29662 0.943045 2.63635
0.970563 0.141112 0.195188 -3.93778 -0.190997 0.944641 0.266791 0.22132 -0.146734 -0.296217 0.943785 2.68214
0.97263 0.13623 0.188247 -4.02907 -0.184309 0.945642 0.267947 0.23191 -0.141511 -0.295307 0.944867 2.73372
0.974599 0.131397 0.181369 -4.12796 -0.177663 0.946654 0.268862 0.244798 -0.136366 -0.294255 0.945951 2.78641
0.976496 0.126295 0.17467 -4.23419 -0.170739 0.947835 0.269186 0.260656 -0.131561 -0.292681 0.94712 2.84647
0.978492 0.121498 0.166718 -4.34589 -0.163819 0.948821 0.270012 0.276863 -0.125379 -0.291515 0.948317 2.89812
0.98005 0.117386 0.160397 -4.47336 -0.158008 0.949686 0.270431 0.294117 -0.120581 -0.290379 0.949288 2.95475
0.98184 0.113529 0.152003 -4.6005 -0.15179 0.950711 0.270393 0.309141 -0.113813 -0.288554 0.950678 3.00886
0.983417 0.108926 0.145024 -4.72469 -0.145383 0.95148 0.271208 0.318219 -0.108445 -0.287793 0.951537 3.06132
0.984809 0.106362 0.137265 -4.84041 -0.14068 0.952083 0.271573 0.32377 -0.101802 -0.286756 0.952582 3.10281
0.986163 0.10259 0.130247 -4.94725 -0.135034 0.952795 0.27194 0.324523 -0.0961995 -0.285763 0.953464 3.1415
0.987438 0.100833 0.121666 -5.0364 -0.13093 0.95316 0.272671 0.321288 -0.0884719 -0.285174 0.954387 3.1702
0.988458 0.0984333 0.115182 -5.1246 -0.126866 0.953317 0.274037 0.315899 -0.0828297 -0.285486 0.954801 3.19573
0.989305 0.0956159 0.110162 -5.20784 -0.122747 0.953711 0.274543 0.309988 -0.0788114 -0.285128 0.955247 3.21764
0.990015 0.0940701 0.105009 -5.28033 -0.119815 0.953938 0.275046 0.304608 -0.0742973 -0.28488 0.955684 3.24004
0.990746 0.0918922 0.099912 -5.34532 -0.116318 0.954128 0.27589 0.298097 -0.0699757 -0.284957 0.955986 3.2538
0.991242 0.090404 0.0962878 -5.40243 -0.113848 0.954414 0.275928 0.294954 -0.0669527 -0.284473 0.956347 3.26887
0.991741 0.0886224 0.0927304 -5.44832 -0.11115 0.954586 0.276437 0.28995 -0.0640196 -0.28446 0.956551 3.28103
0.992081 0.0874904 0.0901399 -5.48474 -0.109358 0.954616 0.277045 0.28556 -0.0618094 -0.284707 0.956624 3.29001
0.992286 0.0868961 0.0884424 -5.51332 -0.1083 0.954741 0.277032 0.283441 -0.0603656 -0.284472 0.956785 3.29637
0.992396 0.0870555 0.0870476 -5.53 -0.108088 0.954604 0.277583 0.280762 -0.0589301 -0.284879 0.956755 3.30261
0.992338 0.0885704 0.0861684 -5.5418 -0.109358 0.954152 0.278642 0.279112 -0.0575372 -0.285929 0.956526 3.30531
0.992197 0.0898899 0.086432 -5.54403 -0.110671 0.954145 0.278144 0.280569 -0.0574655 -0.285538 0.956647 3.30335
0.992023 0.0917769 0.086439 -5.54928 -0.112547 0.95364 0.279125 0.278891 -0.0568134 -0.286626 0.956361 3.30654
0.991785 0.0935016 0.0873256 -5.56496 -0.114442 0.953499 0.278832 0.27877 -0.0571927 -0.286534 0.956366 3.30679
0.991344 0.0962477 0.0893181 -5.58685 -0.117663 0.953084 0.278914 0.277952 -0.0582818 -0.287008 0.956158 3.31178
0.9909 0.0990301 0.0911831 -5.61286 -0.120883 0.952645 0.279033 0.275901 -0.0592316 -0.287515 0.955947 3.31708
0.990336 0.102154 0.0938234 -5.64568 -0.124651 0.952161 0.279032 0.273611 -0.0608298 -0.288029 0.955692 3.32503
0.989752 0.105429 0.0963411 -5.68346 -0.128558 0.951514 0.279461 0.270445 -0.0622056 -0.288981 0.955316 3.33245
0.988844 0.110016 0.100443 -5.73171 -0.134148 0.95081 0.279233 0.268123 -0.0647813 -0.289591 0.95496 3.34141
0.987827 0.114981 0.104792 -5.78487 -0.140212 0.949849 0.279523 0.263823 -0.0673961 -0.290812 0.954408 3.35465
0.986916 0.118901 0.108918 -5.84111 -0.145212 0.949022 0.279781 0.258942 -0.0700984 -0.291935 0.95387 3.36341
0.985757 0.124046 0.113582 -5.90786 -0.15152 0.948097 0.27957 0.254338 -0.0730066 -0.292796 0.953388 3.37428
0.98463 0.12896 0.117801 -5.97168 -0.157519 0.947032 0.279867 0.247913 -0.0754684 -0.29412 0.952788 3.39005
0.982918 0.13618 0.123822 -6.04935 -0.166236 0.945612 0.279621 0.24379 -0.0790078 -0.295427 0.952098 3.40561
0.981303 0.141547 0.130435 -6.13543 -0.173379 0.94434 0.27959 0.239752 -0.0835987 -0.296975 0.951223 3.4237
0.979551 0.147113 0.137265 -6.22492 -0.180771 0.943022 0.27935 0.234938 -0.0883468 -0.29845 0.950333 3.44401
0.977459 0.153174 0.145313 -6.32495 -0.189036 0.94145 0.279189 0.232623 -0.0940394 -0.300364 0.949182 3.46345
0.975105 0.160302 0.153227 -6.43192 -0.19831 0.939583 0.279039 0.231982 -0.0992375 -0.302478 0.947981 3.4847
0.972687 0.167584 0.160624 -6.53832 -0.20772 0.93726 0.28001 0.230736 -0.103619 -0.305726 0.946469 3.50605
0.970252 0.173563 0.168792 -6.6491 -0.216019 0.935422 0.279869 0.233496 -0.109316 -0.308005 0.945089 3.52284
0.967722 0.179416 0.177002 -6.7617 -0.224304 0.933357 0.280251 0.236568 -0.114923 -0.310905 0.943472 3.53699
0.96497 0.185906 0.185139 -6.87476 -0.233244 0.930975 0.280871 0.241682 -0.120143 -0.314213 0.941724 3.55117
0.962406 0.191374 0.192756 -6.98873 -0.241083 0.928756 0.281604 0.248068 -0.12513 -0.317486 0.939975 3.56761
0.960079 0.195898 0.199691 -7.10367 -0.24777 0.926884 0.281961 0.255492 -0.129854 -0.320181 0.93842 3.58125
0.957636 0.200024 0.207192 -7.22475 -0.254406 0.924733 0.283119 0.262432 -0.134966 -0.323834 0.936443 3.59792
0.955449 0.203726 0.213581 -7.34557 -0.26034 0.922633 0.284565 0.269762 -0.139083 -0.32749 0.934567 3.61027
0.953476 0.206299 0.219838 -7.46599 -0.265152 0.92086 0.285868 0.277953 -0.143465 -0.330857 0.932717 3.62392
0.951349 0.209995 0.225481 -7.58976 -0.271114 0.918228 0.288722 0.28376 -0.146412 -0.335805 0.930488 3.63806
0.94999 0.210888 0.230324 -7.71767 -0.273888 0.916979 0.290076 0.292713 -0.150028 -0.338651 0.928879 3.64737
0.948645 0.21144 0.235311 -7.84914 -0.276614 0.915328 0.292687 0.299187 -0.153499 -0.342745 0.926808 3.6583
0.947834 0.211016 0.238928 -7.98283 -0.278035 0.913879 0.295857 0.305179 -0.155919 -0.346852 0.924874 3.66539
0.94756 0.209578 0.241272 -8.11442 -0.278086 0.912738 0.299306 0.311255 -0.157489 -0.350703 0.923154 3.67419
0.947485 0.207432 0.243412 -8.25156 -0.277489 0.911611 0.303272 0.318192 -0.158987 -0.354888 0.921296 3.68083
0.948148 0.203266 0.24434 -8.38779 -0.274591 0.911013 0.307671 0.323797 -0.160057 -0.35881 0.91959 3.69122
0.949147 0.198905 0.244053 -8.52462 -0.271164 0.910347 0.312645 0.329491 -0.159985 -0.362923 0.917988 3.69983
0.950665 0.192563 0.24323 -8.66736 -0.265736 0.910032 0.31817 0.336104 -0.160078 -0.367107 0.916306 3.7109
0.952653 0.184523 0.241678 -8.81629 -0.258614 0.909735 0.324823 0.340151 -0.159924 -0.371943 0.914381 3.7241
0.955024 0.175189 0.239255 -8.96876 -0.249883 0.909866 0.331224 0.345373 -0.159662 -0.376111 0.912721 3.73622
0.957876 0.164875 0.235149 -9.11091 -0.239653 0.910081 0.338124 0.349029 -0.158255 -0.380233 0.911256 3.74817
0.961065 0.15342 0.229832 -9.24382 -0.227808 0.910647 0.344721 0.353681 -0.156408 -0.383655 0.91014 3.76105
0.964096 0.142497 0.224097 -9.36332 -0.216299 0.910937 0.351308 0.3585 -0.154077 -0.387165 0.909051 3.77619
0.967309 0.129386 0.218127 -9.48549 -0.202865 0.910905 0.359311 0.359091 -0.152201 -0.391813 0.907374 3.79527
0.970835 0.115976 0.209845 -9.59343 -0.188136 0.911047 0.36689 0.36041 -0.148626 -0.395667 0.906293 3.80833
0.974417 0.10257 0.199989 -9.68871 -0.172647 0.911295 0.37382 0.362042 -0.143905 -0.398783 0.90569 3.81842
0.978123 0.0883512 0.188346 -9.77589 -0.15568 0.911398 0.380956 0.360774 -0.137999 -0.401942 0.905212 3.827
0.981337 0.0744248 0.177326 -9.85768 -0.139088 0.911453 0.387189 0.361433 -0.132807 -0.404625 0.904794 3.83815
0.984181 0.0612085 0.166271 -9.93683 -0.123054 0.911317 0.392899 0.363658 -0.127476 -0.407142 0.904431 3.85246
0.986978 0.0467104 0.153946 -10.0066 -0.105434 0.910575 0.399682 0.363464 -0.121508 -0.410706 0.903641 3.867
0.989221 0.0331752 0.142642 -10.0704 -0.0890019 0.909688 0.405656 0.362595 -0.116301 -0.413977 0.902833 3.88221
0.991147 0.0202432 0.131239 -10.1285 -0.0729534 0.908811 0.410789 0.362254 -0.110954 -0.416725 0.902242 3.89486
0.992752 0.00850752 0.119902 -10.1791 -0.0578418 0.908227 0.414473 0.362745 -0.10537 -0.418403 0.902134 3.90628
0.994215 -0.00346617 0.107379 -10.2201 -0.0420402 0.907227 0.418546 0.362339 -0.0988664 -0.420637 0.901832 3.91316
0.995528 -0.0141057 0.0934414 -10.2529 -0.0267835 0.90614 0.422143 0.361659 -0.090624 -0.422756 0.901707 3.91842
0.996477 -0.0231084 0.0806624 -10.2837 -0.0133393 0.905471 0.424208 0.362056 -0.082839 -0.423787 0.901972 3.92208
0.99726 -0.0322807 0.0666169 -10.3003 0.000811929 0.904632 0.426206 0.361642 -0.0740205 -0.424982 0.902176 3.92136
0.997919 -0.0400188 0.0506113 -10.3033 0.014528 0.903629 0.42808 0.35981 -0.0628639 -0.426452 0.902329 3.92077
0.998353 -0.0456844 0.0348051 -10.2986 0.0263674 0.902974 0.428899 0.358235 -0.0510206 -0.427273 0.902688 3.91595
0.998498 -0.0512251 0.0195934 -10.3053 0.0378727 0.902393 0.429256 0.357424 -0.0396684 -0.427868 0.902977 3.91651
0.998435 -0.0558551 0.00395758 -10.3213 0.0487389 0.901674 0.429675 0.355706 -0.0275665 -0.428808 0.902981 3.91846
0.998228 -0.0587137 -0.00996218 -10.3482 0.0572966 0.901231 0.429546 0.355094 -0.0162409 -0.429353 0.902997 3.92653
0.997881 -0.0608257 -0.0232512 -10.3811 0.0649147 0.900975 0.429 0.354673 -0.00514402 -0.429598 0.903012 3.93526
0.997393 -0.0626609 -0.0358826 -10.4245 0.0719972 0.901028 0.427755 0.35645 0.00552882 -0.429221 0.903189 3.94757
0.996841 -0.0639854 -0.0471253 -10.4758 0.0780089 0.900989 0.426783 0.357912 0.0151529 -0.429109 0.903132 3.96409
0.996226 -0.0639075 -0.0587973 -10.5278 0.0829288 0.90106 0.425702 0.358823 0.0257754 -0.428969 0.902958 3.98344
0.995574 -0.0628794 -0.0698966 -10.5809 0.0867199 0.901347 0.424341 0.361285 0.03632 -0.428522 0.902807 4.00337
0.994994 -0.0614893 -0.0788283 -10.647 0.0892478 0.901646 0.423177 0.363921 0.0450553 -0.428092 0.902618 4.02741
0.994645 -0.0598532 -0.0843041 -10.7329 0.0900136 0.902451 0.421298 0.369232 0.0508655 -0.426629 0.903002 4.05101
0.994401 -0.0577219 -0.0885592 -10.8196 0.0898488 0.9029 0.420368 0.373709 0.0556967 -0.425969 0.903028 4.07488
0.994218 -0.0539491 -0.0928902 -10.9069 0.088204 0.903566 0.419284 0.378853 0.0613136 -0.425052 0.903096 4.10579
0.994211 -0.0503265 -0.0949705 -11.0066 0.0857892 0.903884 0.419099 0.384915 0.0647514 -0.424819 0.902966 4.13803
0.994514 -0.0463248 -0.0938317 -11.1203 0.0816416 0.904404 0.418808 0.39174 0.0654617 -0.42417 0.90322 4.17412
0.995045 -0.0413751 -0.0904517 -11.2394 0.0757063 0.904873 0.418907 0.399192 0.064516 -0.423677 0.90352 4.2089
0.995845 -0.0368834 -0.0833019 -11.3703 0.0686468 0.904944 0.41997 0.405475 0.0598949 -0.423942 0.903713 4.24594
0.996716 -0.0317536 -0.0745466 -11.5044 0.0603828 0.904581 0.422014 0.411251 0.054034 -0.425127 0.903526 4.2861
0.997721 -0.0270795 -0.0618641 -11.6344 0.0508644 0.903935 0.424647 0.415904 0.0444231 -0.426824 0.903249 4.32405
0.998928 -0.0212247 -0.0412353 -11.7551 0.0369136 0.90215 0.429852 0.421456 0.0280779 -0.430911 0.901964 4.35869
0.999698 -0.0149706 -0.0196777 -11.8715 0.0220363 0.900403 0.43451 0.425347 0.0112143 -0.434811 0.900458 4.39139
0.99996 -0.00933175 0.000788171 -11.9775 0.00803741 0.89826 0.439403 0.427539 -0.00480734 -0.439376 0.898297 4.42216
0.999774 -0.00375393 0.0211007 -12.0776 -0.00601401 0.895851 0.444325 0.428314 -0.0205697 -0.44435 0.895623 4.44871
0.999113 0.00153049 0.0421729 -12.1739 -0.0203539 0.892892 0.449822 0.426974 -0.0369663 -0.450278 0.89213 4.47973
0.998022 0.00696164 0.062541 -12.258 -0.0346684 0.890265 0.454135 0.426856 -0.0525151 -0.455402 0.888742 4.50442
0.996536 0.0122307 0.0823046 -12.3327 -0.0487754 0.887241 0.458732 0.424607 -0.0674122 -0.461155 0.884763 4.52842
0.994566 0.0171909 0.10272 -12.4028 -0.0630838 0.884213 0.462817 0.422102 -0.0828684 -0.46678 0.880489 4.54834
0.992184 0.0217674 0.122903 -12.4651 -0.0770967 0.881255 0.466322 0.420405 -0.098157 -0.47215 0.876044 4.56671
0.989375 0.0270958 0.142868 -12.5193 -0.0919136 0.877866 0.470016 0.417265 -0.112682 -0.478152 0.871026 4.58456
0.986262 0.0317989 0.162124 -12.5642 -0.106036 0.874359 0.473565 0.414334 -0.126695 -0.484247 0.865717 4.59781
0.982622 0.036106 0.182094 -12.602 -0.120358 0.870722 0.476833 0.411665 -0.141335 -0.490462 0.859933 4.61016
0.978547 0.0402135 0.202082 -12.6334 -0.134615 0.86729 0.479267 0.410646 -0.15599 -0.496186 0.854096 4.62052
0.974161 0.0449026 0.221366 -12.6535 -0.1493 0.863433 0.481876 0.408579 -0.169496 -0.502473 0.847824 4.6305
0.969098 0.0491653 0.241745 -12.6701 -0.164183 0.859939 0.48328 0.409356 -0.184124 -0.508033 0.841436 4.63748
0.963886 0.0535393 0.260895 -12.6761 -0.178853 0.855968 0.485121 0.409742 -0.197343 -0.514261 0.834628 4.64171
0.958206 0.0571294 0.280331 -12.6767 -0.19313 0.852076 0.486496 0.41151 -0.211069 -0.520301 0.827496 4.6426
0.9524 0.0615111 0.298595 -12.6789 -0.207579 0.84817 0.487371 0.413174 -0.223279 -0.526152 0.820562 4.64374
0.946049 0.0661656 0.31721 -12.6869 -0.222646 0.843987 0.487981 0.413615 -0.235432 -0.532277 0.813183 4.64922
0.939547 0.0702943 0.335139 -12.699 -0.237219 0.839437 0.488964 0.412954 -0.246955 -0.538903 0.805363 4.65459
0.943945 0.0747164 0.321548 -12.7165 -0.233908 0.838718 0.491782 0.411253 -0.232943 -0.539425 0.80918 4.66158
0.948143 0.079156 0.307844 -12.7366 -0.23058 0.837912 0.494722 0.408802 -0.218784 -0.540047 0.812709 4.6698
0.952306 0.0841986 0.293313 -12.7597 -0.227343 0.836927 0.497874 0.40531 -0.20356 -0.540808 0.816152 4.68221
0.956357 0.0895967 0.27814 -12.7836 -0.224059 0.835856 0.501154 0.400761 -0.187581 -0.5416 0.819449 4.6975
0.960076 0.0953686 0.262997 -12.811 -0.220999 0.834964 0.503989 0.39652 -0.171527 -0.541987 0.822704 4.71809
0.963519 0.100012 0.248267 -12.8387 -0.217307 0.833829 0.507464 0.389963 -0.156259 -0.542899 0.825141 4.74562
0.966278 0.1056 0.234869 -12.8696 -0.214925 0.833107 0.509657 0.385515 -0.141851 -0.542946 0.827708 4.77778
0.969332 0.110856 0.219352 -12.8915 -0.211243 0.831977 0.513033 0.379354 -0.125621 -0.543633 0.829877 4.81839
0.971754 0.1151 0.206044 -12.9186 -0.207765 0.831344 0.515471 0.374186 -0.111962 -0.543717 0.831775 4.86196
0.974203 0.120213 0.191011 -12.9328 -0.204118 0.830405 0.518436 0.369565 -0.0962917 -0.544048 0.833519 4.91569
0.976238 0.124283 0.177544 -12.9492 -0.200391 0.829638 0.521108 0.365494 -0.0825312 -0.544301 0.834829 4.97003
0.97811 0.129511 0.1629 -12.9612 -0.196964 0.828835 0.52369 0.36181 -0.0671924 -0.54431 0.836197 5.03125
0.979938 0.134598 0.147019 -12.9592 -0.192743 0.827858 0.526794 0.358438 -0.0508041 -0.544559 0.837191 5.09515
0.981438 0.139375 0.131768 -12.9615 -0.188523 0.827484 0.528907 0.356534 -0.0353183 -0.543928 0.838396 5.15992
0.982648 0.144435 0.116403 -12.9556 -0.184484 0.826541 0.531795 0.354555 -0.019401 -0.544039 0.838843 5.23359
0.983587 0.149848 0.100554 -12.946 -0.180434 0.825987 0.534044 0.353431 -0.00302944 -0.543419 0.839464 5.31087
0.984233 0.155028 0.0852098 -12.9382 -0.176435 0.825288 0.536453 0.352035 0.0128434 -0.543025 0.839626 5.39277
0.984748 0.158876 0.0709934 -12.9214 -0.171908 0.824868 0.538567 0.352442 0.0270059 -0.542554 0.839595 5.47293
0.984893 0.164132 0.055288 -12.9004 -0.167701 0.824009 0.541198 0.351973 0.0432707 -0.542291 0.839084 5.5623
0.985029 0.166688 0.0440805 -12.8918 -0.163686 0.823727 0.542858 0.352741 0.0541785 -0.541943 0.838675 5.64661
0.985545 0.167073 0.028263 -12.8629 -0.155342 0.82423 0.544541 0.351954 0.0676835 -0.541056 0.838267 5.74398
0.986383 0.163498 0.0180709 -12.8448 -0.146808 0.825446 0.545069 0.353655 0.074202 -0.540298 0.838204 5.83468
0.986766 0.162093 0.00532546 -12.8118 -0.138705 0.826462 0.545649 0.354088 0.0840454 -0.539163 0.838006 5.93819
0.987403 0.158233 -0.0029919 -12.7869 -0.130919 0.82729 0.546321 0.355779 0.0889215 -0.539044 0.837579 6.02901
0.987809 0.15517 -0.0129176 -12.7516 -0.123018 0.828599 0.54617 0.358248 0.0954531 -0.537919 0.837584 6.1289
0.988191 0.151645 -0.0221875 -12.7093 -0.114996 0.829367 0.546755 0.359014 0.101315 -0.537744 0.837007 6.24588
0.988382 0.14876 -0.0313481 -12.6674 -0.107676 0.830563 0.546428 0.36133 0.107323 -0.5367 0.836929 6.36211
0.988839 0.143796 -0.0391177 -12.622 -0.0992586 0.831331 0.546857 0.363529 0.111156 -0.536868 0.836321 6.4796
0.989243 0.138772 -0.0463881 -12.5768 -0.0911046 0.832251 0.546873 0.365374 0.114498 -0.536761 0.835939 6.60083
0.989443 0.133883 -0.0555649 -12.5157 -0.0820788 0.833415 0.546531 0.36761 0.11948 -0.536199 0.835602 6.73163
0.990385 0.125658 -0.0579614 -12.467 -0.073779 0.833842 0.547062 0.369118 0.117074 -0.537522 0.835092 6.86693
0.990928 0.118263 -0.0639186 -12.4096 -0.0644424 0.835175 0.546209 0.371932 0.11798 -0.537132 0.835215 6.996
0.991144 0.110987 -0.0729899 -12.3475 -0.0535451 0.836664 0.545104 0.374388 0.121568 -0.536364 0.835194 7.12161
0.990855 0.106366 -0.0830743 -12.2861 -0.0441313 0.837044 0.545365 0.375908 0.127546 -0.536709 0.83408 7.23954
0.990819 0.0993972 -0.0917086 -12.2296 -0.0335568 0.837598 0.545267 0.376416 0.131013 -0.53718 0.83324 7.36471
0.990678 0.0916307 -0.100846 -12.1755 -0.0220313 0.838097 0.545089 0.377978 0.134466 -0.537783 0.832299 7.48587
0.991457 0.0797979 -0.103234 -12.1364 -0.0107342 0.838396 0.544967 0.379599 0.130039 -0.539199 0.832087 7.58486
0.991277 0.0692998 -0.112146 -12.0838 0.00283881 0.839271 0.543719 0.381877 0.131801 -0.539292 0.831749 7.69519
0.990864 0.0599845 -0.120836 -12.0341 0.0154083 0.839534 0.5431 0.383133 0.134024 -0.539996 0.830937 7.80449
0.991334 0.0449801 -0.123459 -11.9937 0.0294422 0.839659 0.542329 0.384276 0.128058 -0.541262 0.831054 7.89867
0.990127 0.0369351 -0.135263 -11.942 0.0426389 0.83969 0.541401 0.384296 0.133576 -0.54182 0.829822 8.00094
0.988562 0.028633 -0.148099 -11.8905 0.0568346 0.838761 0.541538 0.382379 0.139726 -0.543759 0.827537 8.0998
0.985949 0.0257999 -0.165078 -11.8349 0.0693587 0.835664 0.544856 0.376079 0.152007 -0.548646 0.822129 8.19343
0.983255 0.0179679 -0.181372 -11.7875 0.084812 0.835722 0.542577 0.377247 0.161326 -0.548872 0.8202 8.28259
0.980231 0.00731799 -0.197752 -11.7415 0.102174 0.8371 0.537436 0.379834 0.169472 -0.547012 0.8198 8.3656
0.976436 -0.00154493 -0.215821 -11.6935 0.119638 0.836158 0.535295 0.379813 0.179633 -0.548499 0.816637 8.45353
0.97211 -0.00833187 -0.234402 -11.6466 0.135312 0.836229 0.531437 0.381269 0.191586 -0.548329 0.814031 8.53398
0.968344 -0.0187425 -0.248933 -11.61 0.151602 0.836397 0.526756 0.383673 0.198334 -0.547817 0.812758 8.59577
0.963926 -0.0273591 -0.264784 -11.5669 0.166815 0.837252 0.520764 0.386831 0.207444 -0.546144 0.811609 8.66458
0.959441 -0.0359936 -0.27962 -11.5272 0.181519 0.83776 0.514998 0.389139 0.215717 -0.544864 0.810311 8.73091
0.955362 -0.0444086 -0.292102 -11.4886 0.194938 0.83767 0.510217 0.391116 0.222027 -0.54438 0.808931 8.79496
0.95111 -0.0531372 -0.304262 -11.4505 0.208468 0.837313 0.505434 0.392693 0.227904 -0.54415 0.80745 8.85627
0.948071 -0.0605703 -0.312258 -11.4172 0.218275 0.837971 0.500174 0.395638 0.231368 -0.542355 0.807673 8.90723
0.948199 -0.073601 -0.309048 -11.3982 0.226874 0.837847 0.496545 0.398129 0.222388 -0.540936 0.81114 8.94358
0.945586 -0.0675109 -0.318311 -11.3606 0.226174 0.839659 0.493794 0.399956 0.233936 -0.538915 0.809235 8.99571
0.942733 -0.0647137 -0.327224 -11.324 0.227943 0.841201 0.490345 0.403036 0.243529 -0.536851 0.807775 9.04145
0.94095 -0.0608169 -0.333056 -11.2899 0.227744 0.841607 0.48974 0.403991 0.250518 -0.536668 0.805757 9.08672
0.93998 -0.0571023 -0.336433 -11.2567 0.226653 0.841497 0.490436 0.403909 0.255101 -0.537251 0.803929 9.12675
0.93949 -0.0553608 -0.338091 -11.2241 0.226168 0.84148 0.490687 0.404279 0.257332 -0.537457 0.80308 9.16396
0.940044 -0.0542675 -0.336724 -11.1975 0.22523 0.840156 0.493382 0.404153 0.256125 -0.539639 0.802001 9.20006
0.945891 -0.0384773 -0.322213 -11.1781 0.204397 0.841867 0.499496 0.407093 0.252041 -0.538324 0.804176 9.22224
0.951313 -0.0203816 -0.307567 -11.1594 0.18149 0.843559 0.505456 0.411764 0.249148 -0.536665 0.806184 9.25169
0.955358 -0.0013079 -0.295467 -11.1419 0.159022 0.845092 0.510436 0.414885 0.249029 -0.534632 0.807571 9.27817
0.958926 0.0166832 -0.283183 -11.1216 0.137422 0.845998 0.515188 0.417013 0.248167 -0.532941 0.808953 9.30147
0.961442 0.032907 -0.273052 -11.1044 0.118766 0.845806 0.520116 0.418109 0.248065 -0.532488 0.809282 9.32178
0.963848 0.0524371 -0.261259 -11.0927 0.0964695 0.845281 0.525557 0.419172 0.248396 -0.531758 0.80966 9.33669
0.965622 0.0707982 -0.250149 -11.0863 0.0758458 0.843634 0.531547 0.421014 0.248667 -0.532243 0.809259 9.3476
0.967562 0.0883431 -0.236705 -11.0855 0.0541859 0.842525 0.535941 0.423769 0.246776 -0.53138 0.810404 9.34974
0.968834 0.106869 -0.223499 -11.0837 0.0320478 0.840529 0.540831 0.425774 0.245655 -0.531135 0.810905 9.35323
0.969676 0.124548 -0.210302 -11.0818 0.010487 0.838439 0.54491 0.428398 0.244192 -0.530589 0.811704 9.3573
0.969536 0.143338 -0.198662 -11.0783 -0.011289 0.836237 0.548266 0.431087 0.244715 -0.529317 0.812376 9.36043
0.969721 0.160106 -0.184436 -11.0763 -0.0327436 0.833571 0.551456 0.433628 0.242031 -0.528717 0.81357 9.36682
0.969276 0.17738 -0.17045 -11.0726 -0.0546355 0.830802 0.553893 0.436189 0.239859 -0.527559 0.814965 9.37086
0.968052 0.194335 -0.158491 -11.0656 -0.0750112 0.827486 0.556469 0.4385 0.239289 -0.526799 0.815623 9.37791
0.966763 0.211133 -0.144236 -11.0603 -0.0965731 0.823807 0.558596 0.440437 0.236761 -0.526098 0.816813 9.3848
0.963874 0.230256 -0.133941 -11.0544 -0.117905 0.819664 0.560595 0.442858 0.238866 -0.524548 0.817197 9.39369
0.961249 0.247746 -0.12097 -11.0469 -0.139219 0.814896 0.562652 0.444335 0.237972 -0.524004 0.817806 9.40186
0.957832 0.265825 -0.109116 -11.0412 -0.160298 0.809465 0.56488 0.445207 0.238483 -0.523566 0.817938 9.40891
0.953626 0.285482 -0.0954433 -11.0359 -0.183684 0.80309 0.566851 0.445544 0.238475 -0.523029 0.818283 9.41606
0.949257 0.302953 -0.0845035 -11.0259 -0.203654 0.796804 0.568899 0.444926 0.239681 -0.522819 0.818065 9.4257
0.946238 0.313653 -0.0791714 -11.0155 -0.215638 0.794011 0.568385 0.444543 0.241138 -0.520751 0.818956 9.43141
0.944183 0.320967 -0.0742283 -11.0098 -0.224543 0.791874 0.567921 0.444028 0.241062 -0.519551 0.81974 9.44125
0.942847 0.325825 -0.0699324 -11.0031 -0.23095 0.790158 0.567739 0.441568 0.24024 -0.519137 0.820244 9.45135
0.94178 0.329745 -0.0657897 -10.9983 -0.236533 0.788763 0.567384 0.438909 0.238983 -0.518787 0.820832 9.46399
0.940856 0.332513 -0.0651001 -10.9883 -0.239437 0.788428 0.566628 0.436396 0.239737 -0.517524 0.821409 9.47587
0.940531 0.333467 -0.0648893 -10.9799 -0.24027 0.787984 0.566896 0.431873 0.240172 -0.51759 0.821241 9.49046
0.940821 0.332581 -0.0652491 -10.972 -0.239778 0.789216 0.565384 0.429084 0.239531 -0.516277 0.822254 9.50369
0.940908 0.331804 -0.0678858 -10.9591 -0.238105 0.790623 0.564129 0.426074 0.240851 -0.514627 0.822903 9.51588
0.941479 0.32981 -0.0696735 -10.9505 -0.235577 0.79159 0.56383 0.421488 0.241109 -0.514417 0.822958 9.53196
0.942148 0.327111 -0.0732504 -10.9396 -0.231697 0.793391 0.562909 0.417352 0.242248 -0.51337 0.823278 9.54941
0.942896 0.324066 -0.0770794 -10.9264 -0.22724 0.794961 0.562507 0.412339 0.243564 -0.512866 0.823203 9.56367
0.943908 0.320465 -0.0796842 -10.916 -0.22303 0.796625 0.561841 0.408094 0.243528 -0.512553 0.823409 9.58046
0.944784 0.316861 -0.0836335 -10.9024 -0.2179 0.798013 0.56188 0.402378 0.244778 -0.512628 0.822991 9.59776
0.94584 0.312768 -0.087027 -10.8886 -0.212708 0.799542 0.5617 0.397427 0.245262 -0.512765 0.822762 9.61451
0.946763 0.309219 -0.0896481 -10.8746 -0.208361 0.800767 0.561582 0.392735 0.245439 -0.513002 0.822562 9.63569
0.947521 0.306037 -0.0924987 -10.86 -0.204227 0.80198 0.561372 0.388417 0.245981 -0.513019 0.822389 9.65099
0.948318 0.303065 -0.0941074 -10.8452 -0.200494 0.802059 0.5626 0.382173 0.245984 -0.514653 0.821367 9.67122
0.948905 0.300378 -0.0967578 -10.8254 -0.196738 0.802812 0.562857 0.377315 0.246747 -0.515059 0.820883 9.68895
0.949441 0.298943 -0.0959534 -10.8094 -0.195464 0.801978 0.564482 0.372062 0.2457 -0.517184 0.819861 9.70945
0.950001 0.297416 -0.0951435 -10.7901 -0.194287 0.80151 0.565557 0.367463 0.244463 -0.518792 0.819214 9.73106
0.950448 0.296881 -0.0923175 -10.772 -0.194568 0.799577 0.568186 0.361568 0.242498 -0.522066 0.817717 9.75453
0.949967 0.299195 -0.0897497 -10.7495 -0.197123 0.797101 0.570781 0.356821 0.242313 -0.524529 0.816194 9.77633
0.949697 0.301399 -0.0851227 -10.7303 -0.200641 0.794205 0.573583 0.352027 0.240482 -0.527648 0.814724 9.80037
0.949768 0.303052 -0.0781704 -10.7095 -0.205019 0.791169 0.576227 0.347468 0.236471 -0.531253 0.813554 9.82237
0.949327 0.306075 -0.0714692 -10.6877 -0.210179 0.787257 0.579712 0.342241 0.2337 -0.535312 0.811693 9.84979
0.94877 0.309522 -0.0635761 -10.6659 -0.21644 0.783184 0.58292 0.337457 0.230217 -0.539295 0.81005 9.87445
0.947741 0.314341 -0.0546782 -10.6422 -0.224288 0.778254 0.586542 0.332191 0.226927 -0.543622 0.808083 9.89911
0.946969 0.31819 -0.0449 -10.6168 -0.232086 0.773871 0.589305 0.326881 0.222256 -0.54763 0.806674 9.92416
0.945823 0.322856 -0.0345639 -10.5902 -0.240753 0.768731 0.592542 0.320454 0.217875 -0.552115 0.804809 9.94734
0.944492 0.327674 -0.0239824 -10.5587 -0.249745 0.763462 0.595629 0.312754 0.213481 -0.556575 0.802914 9.98532
0.943282 0.33179 -0.0121617 -10.5207 -0.259111 0.758568 0.597873 0.304928 0.207593 -0.560807 0.801511 10.0297
0.94268 0.333704 0.00259428 -10.48 -0.268528 0.753904 0.599618 0.29541 0.198138 -0.565942 0.800295 10.0817
0.941327 0.337122 0.0162571 -10.4311 -0.27859 0.748892 0.601303 0.285085 0.190537 -0.570548 0.798868 10.1385
0.9403 0.338889 0.0316491 -10.3785 -0.288637 0.744665 0.601816 0.274371 0.18038 -0.57502 0.79802 10.2031
0.939496 0.339085 0.0488021 -10.326 -0.298512 0.740399 0.602261 0.262539 0.168084 -0.580385 0.796819 10.2777
0.938452 0.339074 0.0659382 -10.2651 -0.308432 0.73659 0.601934 0.249424 0.15553 -0.58522 0.795831 10.3547
0.937561 0.337855 0.0827469 -10.2098 -0.317526 0.734148 0.600185 0.237959 0.142026 -0.58898 0.795582 10.4169
0.936346 0.336738 0.0993781 -10.143 -0.32663 0.73166 0.598337 0.224854 0.128771 -0.592707 0.79507 10.4917
0.935324 0.334495 0.115303 -10.0601 -0.334674 0.730709 0.595042 0.211188 0.114786 -0.595142 0.795393 10.5804
0.93434 0.331676 0.130431 -9.97565 -0.341884 0.730725 0.590912 0.198092 0.100682 -0.596701 0.796135 10.6681
0.936158 0.320593 0.144363 -9.88286 -0.34183 0.733777 0.587148 0.183038 0.0823055 -0.599006 0.796516 10.7417
0.93716 0.312177 0.155851 -9.77837 -0.342498 0.737739 0.58177 0.169445 0.0666376 -0.598587 0.798294 10.8195
0.938358 0.300546 0.170791 -9.68308 -0.34258 0.742421 0.575733 0.158006 0.0462355 -0.598749 0.799613 10.9181
0.939216 0.288135 0.186716 -9.58448 -0.342471 0.747413 0.569305 0.147068 0.0244832 -0.598642 0.800655 11.0215
0.939115 0.277487 0.202674 -9.48282 -0.343603 0.751889 0.562688 0.139125 0.00375054 -0.598064 0.801452 11.1093
0.93918 0.268393 0.214285 -9.37572 -0.343173 0.758171 0.554464 0.133592 -0.0136496 -0.594275 0.804159 11.1781
0.938849 0.257054 0.229126 -9.2765 -0.342588 0.764463 0.54612 0.128263 -0.0347754 -0.591216 0.805776 11.261
0.938093 0.246349 0.243528 -9.17407 -0.341989 0.770514 0.537935 0.123705 -0.0551208 -0.587913 0.807057 11.3418
0.936751 0.237369 0.257229 -9.07089 -0.342193 0.77559 0.530454 0.120067 -0.0735905 -0.584921 0.807757 11.4172
0.934589 0.229495 0.271822 -8.97113 -0.343584 0.780395 0.522451 0.118693 -0.0922276 -0.581667 0.808194 11.4905
0.932485 0.222208 0.284795 -8.87424 -0.344268 0.785431 0.514389 0.119163 -0.109385 -0.577702 0.808898 11.5569
0.929936 0.214981 0.298351 -8.78444 -0.344965 0.791058 0.50522 0.122477 -0.127399 -0.57274 0.809789 11.6273
0.928171 0.206852 0.309393 -8.69286 -0.343072 0.797799 0.49582 0.127425 -0.144271 -0.566345 0.811455 11.6946
0.923708 0.202983 0.324918 -8.61615 -0.347472 0.8011 0.487363 0.133411 -0.161364 -0.563078 0.810509 11.7692
0.920421 0.197018 0.337673 -8.53696 -0.348336 0.805423 0.479556 0.140383 -0.177488 -0.559013 0.809952 11.8455
0.91721 0.191256 0.349512 -8.46507 -0.348273 0.81095 0.470198 0.151584 -0.193507 -0.552993 0.810416 11.9164
0.913169 0.188631 0.361322 -8.39777 -0.351223 0.813983 0.4627 0.163247 -0.206829 -0.549425 0.809552 11.9749
0.909584 0.185697 0.371732 -8.33663 -0.352938 0.817436 0.455251 0.176599 -0.219327 -0.545285 0.809062 12.0446
0.906421 0.181869 0.381233 -8.28337 -0.353201 0.821348 0.447944 0.191023 -0.231656 -0.540674 0.80872 12.1145
0.902848 0.178857 0.391008 -8.22996 -0.354075 0.825205 0.4401 0.208035 -0.243945 -0.535786 0.808359 12.1863
