1.0 0.0 0.0 0.0 0.0 -1.0 0.0 0.0 0.0 0.0 -1.0 0.0
0.9999924050590957 0.0028924139764371698 0.0026122338168739472 -0.0266803 0.002887891310191272 -0.9999943275907704 0.0017334561036423414 0.048658 0.00261723287187645 -0.0017258990908057363 -0.999995085670136 0.0401593
0.9999674794240975 0.0030355074114565084 0.007471665742818537 -0.0643091 0.002992617361743447 -0.9999790201821498 0.005744861780226548 0.0800278 0.007488947559143886 -0.005722315117389872 -0.9999555844007043 0.0794152
0.9999306005352805 0.002665331241519544 0.01147563168311424 -0.0936073 0.002571656117624276 -0.9999633182297653 0.008169992639536307 0.101491 0.011496986473254681 -0.008139914267998875 -0.9999007756261334 0.112247
0.9998712099477864 0.0016364990839632233 0.015965130387744476 -0.120907 0.001447528621021857 -0.9999288471316528 0.011840833368281917 0.117809 0.0159833719358844 -0.011816198403559557 -0.999802435122483 0.140221
0.9997877089923818 0.0013899101941445189 0.02055736114915538 -0.146758 0.0009685540493034071 -0.9997895400025417 0.0204923791825077 0.131468 0.02058151721370822 -0.020468117919298548 -0.999578639876835 0.167983
0.999674591542889 0.0005196459481200177 0.025503744659294843 -0.165426 -8.725177852959959e-05 -0.9997169851193687 0.023789536585792633 0.140663 0.025508888856338903 -0.023784020516477555 -0.9993916234176604 0.184037
0.9995609374816795 -3.843236867189989e-06 0.029629921464213407 -0.175106 -0.0008633503254398657 -0.9995791739007102 0.028995339801241773 0.148533 0.029617340983982457 -0.029008190036667967 -0.9991402994694164 0.197803
0.9994109972301682 -0.001980451300931562 0.03425983695298424 -0.180804 -0.0031399806831068364 -0.999422854246731 0.03382453149160872 0.148761 0.034173076196183184 -0.03391218397511066 -0.9988404099961755 0.201724
0.9992121513229093 -0.002609120239171551 0.039601378009114875 -0.182369 -0.00411745183778891 -0.9992671928655577 0.03805422253773582 0.15105 0.039473069794566905 -0.038187298335514354 -0.9984906644565223 0.203643
0.9990113884168305 -0.0038442535718855777 0.04428845817989014 -0.182779 -0.00571656158554122 -0.9990917077103224 0.04222653796027501 0.150575 0.04408590179542148 -0.04243797001444434 -0.9981259699877255 0.204946
0.9987941685569217 -0.003131882117999598 0.04899387891447714 -0.184188 -0.0054957583362042995 -0.9988231464624449 0.0481883671768534 0.154252 0.0487853000093013 -0.048399518646988174 -0.9976359461736242 0.209009
0.9985388609585012 -0.0031291460322670373 0.05394767465617045 -0.190325 -0.00591336964479598 -0.9986540627197821 0.05152761466163106 0.157169 0.05371382703869902 -0.051771338193852774 -0.9972133940769522 0.21131
0.9983326528096051 -0.004531825370862942 0.057544564408329155 -0.191604 -0.007675781978294134 -0.99848250583119 0.05453226494552701 0.155357 0.05721011016558204 -0.054883040257218456 -0.9968524741339445 0.213836
0.9981239511531578 -0.0038668198348119414 0.061103402841202324 -0.194777 -0.007355153594840136 -0.9983489291607804 0.056967686973577514 0.158973 0.06078223301266134 -0.057310237723187885 -0.9965044188572906 0.217465
0.9979178844045832 -0.002276519816772281 0.06445706666459998 -0.199343 -0.006152902036847072 -0.9981791409535669 0.0600045361762284 0.164062 0.06420309791595578 -0.060276197812429926 -0.9961148238005851 0.224877
0.997719845095224 -0.0023474959098760146 0.06745072250253985 -0.204567 -0.006473366430136324 -0.998115832746655 0.06101540746001647 0.162729 0.06718040064053431 -0.061312916122166015 -0.9958551702363014 0.227068
0.9975427190495872 -0.001226709722746203 0.0700501167337498 -0.209686 -0.005590145667087008 -0.9980525215485198 0.06212821019522289 0.165468 0.06983748236138387 -0.062367134084365054 -0.9956068835858488 0.230343
0.9974709270589284 -0.0008143639379728815 0.07107099607841999 -0.213424 -0.00519517007385401 -0.9980949911274228 0.061476815908551696 0.166169 0.07088554069841035 -0.06169056246887973 -0.9955749668519029 0.234101
0.9973716966505051 0.0014318273147328718 0.07244065565021819 -0.221487 -0.0029691416601495884 -0.9981571930448487 0.06060859815760896 0.168665 0.07239394255249999 -0.06066438694464275 -0.9955294818529163 0.243579
0.9973207488046869 0.0036006490116137777 0.0730640768801843 -0.228791 -0.0006631551863600954 -0.9983018623849154 0.05824904964038553 0.169415 0.07314973840593773 -0.0581414386260304 -0.995624773137771 0.249492
0.997316259849841 0.005443373321035024 0.07301128355269669 -0.236464 0.0014400654129760751 -0.9984978325149424 0.0547722984232759 0.168509 0.07319975444447054 -0.05452016278267964 -0.9958259626056248 0.256139
0.9973054825561011 0.009035838694019699 0.07280197856266235 -0.246601 0.005308121273666271 -0.9986725070301391 0.05123521787482775 0.171085 0.07316828761209834 -0.05071072195534859 -0.9960295298668013 0.265542
0.9973693760416902 0.012738659318701506 0.07135863152395472 -0.255613 0.009428915381358951 -0.9988724779892897 0.0465281449261298 0.172743 0.07187087928320243 -0.04573291237498247 -0.9963649318581829 0.274364
0.9973739951327999 0.01573478832948793 0.07069321232667404 -0.268964 0.012901051987057034 -0.9991017404282739 0.04036428038280254 0.173647 0.07126483487994102 -0.03934626677869778 -0.9966810897173249 0.281177
0.9974260719094907 0.01986642726700398 0.06889525486452859 -0.280155 0.01747140438191421 -0.99922779235098 0.03519330934013426 0.176679 0.06954121874203197 -0.03389902743489248 -0.9970029462518359 0.291246
0.9974717296909787 0.022497425656352456 0.06740930429936053 -0.293621 0.020661292766410547 -0.9993995906339597 0.027813112409337433 0.176387 0.06799455455040178 -0.02635002997172229 -0.9973376642200884 0.302098
0.9975381702452186 0.02686509840608032 0.06477549993209912 -0.303719 0.02545558450944184 -0.9994229822391956 0.022488125519834982 0.180128 0.06534226902323194 -0.02078386537063809 -0.9976464397867371 0.316284
0.9975656137504452 0.03027003988828897 0.0628217394526721 -0.318659 0.029315127885728813 -0.9994410809539664 0.016067015236529283 0.180367 0.0632729763780825 -0.014186274589507069 -0.997895425419683 0.324514
0.9976128692092695 0.03287353674664759 0.06072803117026132 -0.333377 0.03238736523759208 -0.9994351120922534 0.008973031266632125 0.181212 0.06098870191286443 -0.006984790541738228 -0.9981140170041057 0.337258
0.9975632482469764 0.03621415856036861 0.05963304844384945 -0.351287 0.03606650329891069 -0.9993430834723592 0.0035508950628853177 0.184079 0.059722467185571615 -0.0013914868746918317 -0.9982140505310203 0.349491
0.9976535941102513 0.03856035588369493 0.05657212310865543 -0.365915 0.03858476470819423 -0.9992551119670785 0.0006611656937778373 0.187634 0.05655547799560499 0.0015232077284906102 -0.998398296145834 0.362389
0.9976762778298924 0.040683650091333935 0.05465240407098052 -0.38044 0.04099491235681741 -0.9991488311240107 -0.004585894065560039 0.189167 0.05441931473611813 0.006815708236829349 -0.9984949095037401 0.376477
0.9977986787188768 0.039077094042381244 0.0535796366921833 -0.398409 0.03963685114264816 -0.9991697068658731 -0.009424272548092418 0.186502 0.05316687670306593 0.011527254780218437 -0.9985191062863408 0.389063
0.9977238933978075 0.040597440393411004 0.053841251625715174 -0.414769 0.04122453676316818 -0.9990938087024924 -0.01058768062463717 0.193137 0.053362628418981865 0.012783162591884816 -0.9984933753622839 0.401733
0.9977475538550133 0.04025530030797971 0.05365938476586937 -0.426309 0.04087956077468254 -0.9991079910971385 -0.010586955969919369 0.198619 0.05318533902501969 0.01275668150242621 -0.9985031731496097 0.412982
0.997773245102568 0.03860640121298657 0.05438839161873086 -0.43909 0.03931648039361926 -0.9991541915424553 -0.012046405795939824 0.202227 0.05387732108177499 0.014157941535555583 -0.9984471878695071 0.42141
0.9977791757884771 0.03559249791849532 0.05630178020976797 -0.447561 0.03614036857593206 -0.9993084815362918 -0.008742567633495086 0.204677 0.05595167666891581 0.010757919015885877 -0.9983755190590284 0.426735
0.9977817462030633 0.03124704907721354 0.05878102472679335 -0.451887 0.031569418654804116 -0.9994911441640414 -0.004563391661146494 0.207256 0.05860852113612311 0.006408951678825779 -0.9982604703125407 0.429516
0.9978049902674153 0.024473918697552256 0.06153233866048742 -0.452284 0.02455393898633825 -0.9996983582871144 -0.0005445349425042906 0.207443 0.06150045103654518 0.0020542009721620717 -0.9981049417674814 0.431668
0.997623386018483 0.017298536247874537 0.06669587927824035 -0.458402 0.0169337363407809 -0.999838424121034 0.006031104766807042 0.211476 0.0667894321173459 -0.00488736072417998 -0.997755122994913 0.436338
0.9973561953570401 0.005853509675149736 0.07243173342819079 -0.465048 0.004803835684005683 -0.9998810313526415 0.014657636368093323 0.209974 0.07250891493913444 -0.01427093429531181 -0.9972656605381981 0.439741
0.9969078412534714 -0.0056832330099229385 0.07837382796507167 -0.469147 -0.007505266902770367 -0.9997079121520674 0.02297305702932584 0.211231 0.07822037468627921 -0.02349023718716778 -0.9966593107681426 0.446431
0.9961131337349484 -0.01735609445013211 0.08635618556987566 -0.478969 -0.020490270184669538 -0.9991581557066013 0.03554052212252884 0.217611 0.08566664244908838 -0.03717184244049268 -0.9956301926423682 0.456705
0.9950755192288042 -0.028387313369996312 0.09496773910733795 -0.489604 -0.03328093101569318 -0.9981770468194676 0.050348414408949015 0.226657 0.09336536114777498 -0.05326108938427961 -0.9942062993641437 0.468148
0.993602660058234 -0.04193840649772524 0.10485668307567539 -0.504368 -0.048763063002418665 -0.9967966970683103 0.0633917060847001 0.232038 0.10186224821700737 -0.06809930083443158 -0.9924648949026046 0.480434
0.9917158905149271 -0.056460952959939505 0.11537657167311252 -0.519965 -0.06579190670367935 -0.9947223685008716 0.07873267819851477 0.238004 0.11032233460401264 -0.08567129271157305 -0.9901966532425005 0.492276
0.9894699854110494 -0.07108439342699095 0.12607996264979726 -0.535139 -0.083172971619752 -0.9921524558664934 0.09335824071835161 0.245521 0.11845423066567708 -0.10286162223687959 -0.9876173762688665 0.505822
0.9866314962331797 -0.08647074190693534 0.13813436008010985 -0.55458 -0.10195524453303757 -0.988770671618993 0.10925972294644674 0.250977 0.12713543468634456 -0.1218826063890577 -0.9843684328070077 0.521789
0.9833719388462319 -0.10134644744846502 0.15069348851021364 -0.575187 -0.12059537147151655 -0.9848487217841373 0.12461842391796488 0.25598 0.13578065498976394 -0.1407191983693987 -0.9806945094884665 0.541192
0.979600115172727 -0.11613501279100613 0.16400083279548602 -0.599536 -0.13984637943958073 -0.9800361881065481 0.14132253945930714 0.261211 0.14431425609142337 -0.16137449862236428 -0.9762846238076065 0.558404
0.9753397944028263 -0.1311733023006811 0.1774988738493471 -0.626468 -0.15967413624524698 -0.9745772589534772 0.15717295106048373 0.265474 0.15236947092047876 -0.18163901313941627 -0.9714889671206525 0.579047
0.9706091452461522 -0.14659189826128716 0.19086304652469002 -0.654744 -0.1799542818150302 -0.9686716527529379 0.1711481393685837 0.267651 0.15979469209260436 -0.20046457172538967 -0.9665814046742186 0.600442
0.9655346206729334 -0.1619466742236806 0.20375517414255812 -0.685017 -0.2004314472063521 -0.9620568567157948 0.18513195136683597 0.268473 0.16604255855876954 -0.21959025286659306 -0.9613584084997873 0.622406
0.9600641279867991 -0.1765359134887671 0.2170528539357027 -0.718756 -0.22040052233557525 -0.955087651700694 0.19806864295758567 0.270419 0.17233827174238617 -0.23799716136445934 -0.9558540010248987 0.647871
0.9548106365317277 -0.18994271812600888 0.22860098905468695 -0.752125 -0.23891147405103347 -0.9480243710246781 0.21016921637106217 0.273005 0.176799196640256 -0.25528720252720766 -0.9505632479184081 0.672449
0.9497652701594123 -0.20020097105337956 0.24055249487025077 -0.789762 -0.25481246061248863 -0.9409326403889889 0.22297169364566063 0.278297 0.18170454456514584 -0.2730665439776343 -0.9446788454519787 0.700379
0.9442061232879304 -0.2117219570563172 0.25228676074225653 -0.831429 -0.271391392334121 -0.9341492916459355 0.23175809173434356 0.27892 0.1866052220933938 -0.2872958646023993 -0.9394889979503938 0.732781
0.9394750258790487 -0.220079085370408 0.26258688453935736 -0.87299 -0.284798663180998 -0.9276852214087266 0.24143291289747365 0.281891 0.190463637474132 -0.3016045857780802 -0.934215326698163 0.759585
0.9354076219168443 -0.22833603126569252 0.26995413996771184 -0.912476 -0.29706011835560414 -0.921601856494676 0.24981053658347066 0.283555 0.191749490070844 -0.3138672887247089 -0.929902929410469 0.785869
0.9314898553906612 -0.23646329921355222 0.2764267668467135 -0.954215 -0.3084949435406838 -0.9161789139414955 0.2558262446638579 0.283156 0.19276285719535174 -0.32357581147858355 -0.9263590961996653 0.817291
0.9279722397512997 -0.24324280855903987 0.28231269602210035 -0.999963 -0.31639232521465765 -0.9145394054294094 0.2520189922646405 0.280562 0.19688427767655514 -0.323188199043735 -0.9256273381888893 0.850166
0.9248758444774778 -0.250264509463397 0.2863081340184342 -1.04954 -0.32427071930058765 -0.9123200730425041 0.2500411664666433 0.276497 0.19862822786893083 -0.3240983795497371 -0.9249362504880445 0.884928
0.9220417882217892 -0.25626322378201555 0.29011739160142397 -1.10569 -0.3306795555222423 -0.9110617114203424 0.2462063962277358 0.269735 0.20122120249212716 -0.3229484759534951 -0.9247779785153499 0.924375
0.9205979083676405 -0.25924930461072104 0.29204330015938207 -1.16249 -0.33423679486493174 -0.9098365360314395 0.24593341102975166 0.270295 0.20195359879819633 -0.32401740039875765 -0.9242442686710524 0.965331
0.9188603982646222 -0.262237970410343 0.2948335384179419 -1.23127 -0.33779744998087724 -0.9089650715116435 0.24428545097539006 0.264686 0.20393246746753382 -0.3240582442199195 -0.9237953253105942 1.00956
0.9181426286714252 -0.26413351241984506 0.2953770489274365 -1.30378 -0.3398878141368966 -0.9081531677455914 0.2444056008255336 0.260967 0.20369189286166522 -0.324794260310128 -0.9235898988469009 1.05451
0.9177977132637002 -0.26433353915605917 0.2962686915709356 -1.38441 -0.3407782856431478 -0.9073522060788329 0.2461343823158229 0.256983 0.20375847850344578 -0.32686351004831765 -0.9228449101755146 1.1073
0.9181896544672391 -0.2649391904213046 0.29450803691620336 -1.46133 -0.34112300662327893 -0.9067717810688097 0.24779029724667 0.250948 0.2014022164267973 -0.3279819544368293 -0.9229653215490662 1.16343
0.9178122503162262 -0.2654813416431578 0.2951954105483583 -1.55447 -0.3426804374004188 -0.9051980523744935 0.251369456777233 0.241517 0.2004764100649314 -0.3318676591907872 -0.9217771237076265 1.22238
0.9175658332834035 -0.2663443925277989 0.29518402084112144 -1.65235 -0.3449830615501625 -0.9024227489260243 0.25810825144554167 0.229944 0.19763509008880645 -0.3386648000454076 -0.9199165855531651 1.28302
0.9179825436381162 -0.2663639019019747 0.29386786374023577 -1.74749 -0.3457016378525368 -0.9005472022502095 0.26363822580459434 0.220995 0.19441817600668942 -0.34360589093156707 -0.9187690485401412 1.34479
0.9184591423728068 -0.26541078758067094 0.2932403751662044 -1.85592 -0.34482778830728644 -0.9004773965974859 0.265017460987233 0.214867 0.19371783656368252 -0.34452513994311396 -0.9185727122793623 1.4109
0.9197476901987173 -0.2642412283410277 0.290242587534891 -1.97046 -0.341719196032199 -0.902864532406383 0.2608900672423366 0.210483 0.19311182624901974 -0.3391345004086553 -0.9207038683503724 1.47413
0.9214112632942736 -0.26264761992362623 0.28638699625315645 -2.0845 -0.3377164441546981 -0.9058144308766535 0.2558277157837112 0.205827 0.19222093336043752 -0.33244013681271856 -0.9233280393305422 1.54924
0.9231852957504796 -0.2607196727696592 0.2824077936973088 -2.20328 -0.3332309534908631 -0.9090805242674775 0.2500594569960086 0.201134 0.19153600535061305 -0.3249582321290697 -0.9261296378077315 1.62532
0.9252109758572347 -0.25803698950585807 0.2782113624567782 -2.32523 -0.3281221766502128 -0.912297155388947 0.24505047941100197 0.197047 0.19057934658201986 -0.31801071100827577 -0.9287350000621173 1.70616
0.927456741845501 -0.25487414508498507 0.2736113341448512 -2.44789 -0.32231310094580823 -0.915861870440898 0.2393977845160575 0.194038 0.18957388259996338 -0.31021960679444077 -0.9315715423928951 1.78362
0.9292662955535803 -0.2524936073188981 0.26965001429856444 -2.56083 -0.3177040928521047 -0.9187049582370225 0.23461736742136513 0.191242 0.18848941968489138 -0.3036909250764677 -0.9339398057118306 1.86288
0.9306691621387359 -0.2502766594215423 0.2668642059040093 -2.66909 -0.313670679643521 -0.9212839671009 0.2298837895433264 0.187276 0.18832316739040836 -0.29765323064200405 -0.93591502761331 1.92581
0.9322490161664259 -0.24782448710803212 0.2636186553458829 -2.76657 -0.30925051683572896 -0.9239807455448574 0.22499711042411988 0.186582 0.187818768214375 -0.2912775402464287 -0.9380199917136227 1.98886
0.9332378929358167 -0.24635543280196928 0.2614881181194877 -2.85986 -0.3062153431788341 -0.9261080902988781 0.22035418917014882 0.184227 0.18788081006474722 -0.2857145530278765 -0.9397169762207633 2.04807
0.9342276635686048 -0.24487959844648322 0.2593311683693933 -2.94424 -0.3033536559332023 -0.9279357947248404 0.21659113624601226 0.183076 0.18760392334678339 -0.28101448918706573 -0.9411884108996594 2.10295
0.9349647345724164 -0.24408541762900043 0.25741649909593467 -3.01986 -0.3012915942104803 -0.9294318417550744 0.2130254134836439 0.181371 0.18725469383713228 -0.27672867656360917 -0.9425268798306576 2.14588
0.9356544312578329 -0.24299180515229013 0.25594094611142737 -3.08998 -0.29907234396160687 -0.9309533625063325 0.20947928278343733 0.182083 0.18736733531993088 -0.27254507786233173 -0.9437227676537873 2.18697
0.9360110614852878 -0.24258143457097409 0.25502458779237946 -3.15181 -0.2976968745562925 -0.9321858221336766 0.20592756952961924 0.182279 0.18777609980133225 -0.2686705056653025 -0.9447519757740391 2.22557
0.9363253087021847 -0.24221636059919938 0.2542167400897066 -3.2044 -0.29650446152005894 -0.933228441737333 0.20290337560328886 0.182533 0.18809577502554045 -0.265359963428148 -0.9456236403701809 2.25656
0.9363952134276126 -0.24214783716655522 0.25402446580086585 -3.24951 -0.2958093586752262 -0.9340698338942601 0.20002592014261739 0.182554 0.18884074663590802 -0.2624461284993718 -0.9462881178825422 2.28463
0.9367140389893385 -0.2422405301006657 0.25275746227723606 -3.28434 -0.2949866663185231 -0.9349343398000576 0.19718176121770145 0.182995 0.18854621676014677 -0.2592630051495562 -0.9472238480455699 2.30888
0.9366688359920842 -0.24286419458705716 0.25232612759842116 -3.31437 -0.2950154911924891 -0.9354268917414997 0.19478806473521784 0.182405 0.1887255987874699 -0.2568920263348341 -0.9478339175023726 2.32327
0.9368541435654814 -0.24338981071208807 0.25112887871712775 -3.33292 -0.2946882073529885 -0.9360813329457884 0.19212131208566557 0.182557 0.18831668574842203 -0.2539943663784093 -0.9486957824912894 2.33524
0.9367946886420176 -0.2440982243017446 0.25066265821785366 -3.3469 -0.2948002520990585 -0.9365307873619381 0.18974429025812659 0.182815 0.18843705233959931 -0.2516468581484057 -0.9492972854114771 2.34279
0.9370039893397786 -0.24505100337483965 0.24894483265640355 -3.3488 -0.2947986883507504 -0.9370414603643451 0.18720853320544173 0.182619 0.18739599064018836 -0.2488037525907521 -0.9502523009121013 2.34477
0.9369922059392155 -0.24655497850596933 0.24749999713754212 -3.35737 -0.2954839363791379 -0.9372726870796431 0.1849571663829085 0.181656 0.1863728771872451 -0.2464356967414143 -0.9510702382161484 2.35039
0.9370460317116213 -0.24791700537717637 0.24593066685209525 -3.37133 -0.29600410531443483 -0.9375482067260784 0.18271543367136553 0.182141 0.1852735925341335 -0.24400925906515783 -0.9519102780199237 2.35939
0.9369698989689024 -0.24938498850776827 0.2447336019699481 -3.39102 -0.2966232119524907 -0.9378949574071145 0.17991030821299359 0.182234 0.18466748104956776 -0.24116421039882113 -0.9527527197890964 2.37063
0.9372138395608817 -0.25035694680872417 0.24279954308063126 -3.41475 -0.296587322912331 -0.9384210216205716 0.17720594253099714 0.184396 0.1834834565383113 -0.2380911282791024 -0.9537538654241654 2.38358
0.9375462417761963 -0.2519788536900766 0.23982014474260688 -3.44182 -0.2969714905222403 -0.9387906251633636 0.17458549745720486 0.184723 0.181149050089502 -0.2349017228511015 -0.9549901581970649 2.39958
0.9378218404557553 -0.2539487972289217 0.23664362224696409 -3.47317 -0.297557332917216 -0.9392031909138351 0.171338844995709 0.185276 0.17874515151850393 -0.23110035604311496 -0.9563695918657037 2.42023
0.9382709540835993 -0.2555718961768133 0.23308930178719128 -3.50948 -0.29778441477030015 -0.9396637287308117 0.16839394059056054 0.185712 0.17598880374319842 -0.2274095046217188 -0.9577645108087595 2.44116
0.9387984162381768 -0.25717449774700846 0.2291698308618846 -3.55267 -0.2978090927924842 -0.9402965311557243 0.1647791787412162 0.187294 0.1731105944730373 -0.22294329145566613 -0.9593377981066447 2.4681
0.9395350798155304 -0.2587142013679444 0.2243675462418109 -3.60026 -0.29761101757630287 -0.940976354030675 0.16121781344607872 0.189071 0.16941521777343968 -0.21824404497187044 -0.9610764906192919 2.49492
0.94032282663699 -0.2596532029158062 0.2199390732020669 -3.65609 -0.29694240310282705 -0.9417831258740185 0.15770146815575542 0.194768 0.16618721655091023 -0.21359952723385356 -0.9626822170480428 2.52585
0.9412001093748222 -0.26127066236115865 0.21419616033483058 -3.71665 -0.29660363711335297 -0.9425696565745364 0.15358621343106052 0.199045 0.1617672295737101 -0.2080867210908046 -0.9646404925886766 2.56002
0.9421071429071055 -0.26301733069983135 0.20798080448672848 -3.78076 -0.29644114937612276 -0.9431935390116235 0.1500286403434129 0.20275 0.1567060185186724 -0.20299712243838686 -0.9665585300651796 2.59776
0.9430173668829078 -0.2648781369255652 0.20138971755298005 -3.85467 -0.2961163319837779 -0.9441057392946575 0.1448429182368317 0.208137 0.1517674658472645 -0.19622417182837082 -0.968742850657784 2.6452
0.9437621381715001 -0.2662713890509514 0.19599125982256344 -3.93939 -0.2957144038521755 -0.94493446407479 0.14018505611527252 0.217319 0.14787162644777768 -0.1902587868577075 -0.970533655323257 2.69111
0.9451068787583176 -0.26789404050855287 0.18709829177123238 -4.01644 -0.29509750837551635 -0.9456457794040353 0.13664377207138628 0.226272 0.1403226577366372 -0.18435520864715688 -0.9727911948462477 2.74203
0.9461782220177525 -0.2688179439976713 0.1802323088799259 -4.11545 -0.2940623038884926 -0.94665248134673 0.13181972914503523 0.239141 0.13518185385293388 -0.17772448493368462 -0.9747511856078658 2.79461
0.9473370627072828 -0.2691466811662671 0.17352969094169796 -4.22174 -0.2924990273602566 -0.9478329128989684 0.12671656647321322 0.254996 0.13037180912467733 -0.17080056569765856 -0.976642390101371 2.85455
0.9485237575384585 -0.2699801768473333 0.16556988100076261 -4.33349 -0.29134498581427687 -0.948817355237565 0.12191688004895604 0.271173 0.12418043576184966 -0.16387901180283995 -0.9786331738013597 2.90609
0.9494287542316674 -0.27047405548180053 0.15946418390764572 -4.46175 -0.29030240672800306 -0.9496771814355894 0.11763402445076478 0.288117 0.11962254505749587 -0.1579779616648536 -0.9801700925564832 2.96204
0.9508075743899154 -0.2704246637286394 0.1511140553688447 -4.58912 -0.28847794541459526 -0.9507022070458377 0.11377956111511159 0.303177 0.11289566640106134 -0.15177554073508007 -0.9819464108302625 3.01605
0.9516545280261937 -0.27125964103735595 0.14412448241546957 -4.71333 -0.28773866280020516 -0.9514671553307414 0.1091637039348523 0.312179 0.10751800415368609 -0.14535631899271192 -0.9835199130224546 3.06841
0.9527613837879902 -0.27174825951217385 0.13564154604876139 -4.82427 -0.2867289422487298 -0.952058689856365 0.1066337880125548 0.317412 0.10016116632367368 -0.14048891244894063 -0.9850028458027904 3.10945
0.9536278695858157 -0.2721098774160019 0.12864719570152316 -4.93128 -0.2857436526903553 -0.9527672676101234 0.10288390893581154 0.318192 0.0945751092856423 -0.13487308250124327 -0.9863390899281145 3.14795
0.9545672046796808 -0.272779746868012 0.11996941880597632 -5.01909 -0.28511910903171833 -0.9531011885388786 0.1015146199851821 0.314834 0.08665186330933412 -0.1311081008343884 -0.987573855709344 3.1761
0.9550989373796795 -0.2736348304964247 0.11362217809653197 -5.11017 -0.2849140893339912 -0.9534491945553595 0.09878560168728438 0.310329 0.08130179281657662 -0.12672258260045555 -0.9886007311062851 3.20284
0.9554972676433261 -0.2742791078976239 0.10860912713497797 -5.19369 -0.2846900589157836 -0.9538173204827317 0.09583365537048921 0.304486 0.07730809712226691 -0.1224887346576233 -0.989454378938872 3.2248
0.9558355361712385 -0.27505214891595486 0.10356033588665182 -5.26745 -0.28474414541991655 -0.9539336357841655 0.09450603244599945 0.298704 0.07279560042559007 -0.11982042353588254 -0.990123157320522 3.24686
0.9561323425359692 -0.2758923293545623 0.0984599723745329 -5.33245 -0.2848203632186298 -0.9541244054947658 0.09232540027136385 0.292188 0.06847119286742336 -0.11631870633124083 -0.9908489563524497 3.26053
0.9564915094794026 -0.2759193272997154 0.09482888334409026 -5.38957 -0.28432630528810127 -0.9544141687998431 0.0908413260323871 0.289081 0.06544115230519681 -0.11385130309565002 -0.9913401718725974 3.2755
0.9566854754266518 -0.27644183833551894 0.0912842326218497 -5.4355 -0.28433145734500775 -0.9545804865476959 0.08906018788677869 0.284034 0.06251818512837051 -0.11115756708404104 -0.991834397370958 3.28762
0.9567530749947564 -0.2770495645099802 0.08869663067393702 -5.47195 -0.28458073331510203 -0.9546112109728218 0.08792748211362543 0.279648 0.06031052738881713 -0.10936624108852532 -0.9921701797555951 3.29657
0.9569105298564695 -0.2770432960831105 0.0870014364549063 -5.50054 -0.28435308899599754 -0.9547338748012433 0.08733011556982342 0.277521 0.05886899547508395 -0.10830623436538803 -0.9923730150348429 3.30288
0.9568457914266301 -0.2777003099881794 0.08560764721457573 -5.51772 -0.2848743626850463 -0.9545510863649286 0.08762888224965261 0.27487 0.057382304885172604 -0.10823475112921836 -0.9924678885153219 3.30872
0.9566149706068345 -0.27876173681210004 0.08473306379676523 -5.52954 -0.28592425284556144 -0.9540963032468199 0.08914912094608633 0.273222 0.055992139141067654 -0.1095086216708709 -0.9924075484064767 3.3114
0.956725773791003 -0.2782841044934582 0.08505146060051419 -5.53197 -0.2855572082795358 -0.954082685680722 0.09046164758536507 0.274629 0.055972087361510554 -0.11083404743369715 -0.9922615277062093 3.30957
0.9564363840044677 -0.2792704264906678 0.0850733344837189 -5.53727 -0.2866494328679585 -0.9535734796606149 0.09235649151209982 0.27295 0.05533123881620536 -0.11271933186311625 -0.9920850801394993 3.31279
0.9564438667050221 -0.2789746211272248 0.08595516627444211 -5.55291 -0.2865513603886183 -0.9534351169934465 0.09407335192882585 0.272831 0.05570859630055158 -0.11460645030107983 -0.9918477271474728 3.31301
0.956241582175233 -0.27904830000447195 0.08794363412789412 -5.5748 -0.2870130789994901 -0.9530208506867408 0.096823295954812 0.27203 0.056793740872029 -0.11782743492470181 -0.9914086778805327 3.31796
0.9560148122723496 -0.2792417778202685 0.08977587780489742 -5.60123 -0.2875746217626127 -0.9525861863418977 0.09940017358480605 0.269777 0.05776257987619891 -0.12084530239266725 -0.9909893527458661 3.32313
0.9557328855656103 -0.27933146152146443 0.09245856397714039 -5.63237 -0.2881796200702946 -0.9520724396582932 0.10252110133648834 0.2676 0.05938988149990698 -0.12462746185086368 -0.9904245744770467 3.33084
0.9553509162194881 -0.2797116731407891 0.09521558059144025 -5.67071 -0.28911274122083225 -0.9514235365907696 0.10586348230097362 0.264561 0.060979092665935895 -0.12866481232214505 -0.9898115559679764 3.33954
0.9549987173005318 -0.27947788030136755 0.0993456812176248 -5.71906 -0.2897162525228213 -0.9507162468886926 0.1104676917746159 0.262279 0.06357627685286626 -0.13427856241460576 -0.9889020804394107 3.34848
0.9544494209205586 -0.279769587347848 0.1037076703991811 -5.77229 -0.2909360959225366 -0.9497526441572602 0.11543874135507981 0.257983 0.06620038514814625 -0.14035274458131303 -0.9878859327345083 3.36168
0.9539145606925158 -0.2800353277531497 0.10782961610332482 -5.82848 -0.29206181180612395 -0.9489224650686695 0.11935683211497994 0.25308 0.06889781551927925 -0.14534913311810732 -0.986978581590546 3.3704
0.9534439747182288 -0.2798197319959154 0.11245223278903672 -5.89443 -0.2929188807174094 -0.9479740988639698 0.12467412402862538 0.248576 0.07171552407091296 -0.1518091745211042 -0.9858046754496834 3.38259
0.9528266304140008 -0.28016589021645255 0.11674110815442708 -5.95851 -0.29429875372888903 -0.9468836611296677 0.12961317772240327 0.242014 0.07422705657321803 -0.15785565002526591 -0.9846684405563005 3.39821
0.9521401628969138 -0.2799307874491915 0.12275122987862025 -6.03614 -0.29560659168002307 -0.9454606375387028 0.13682443429530344 0.237864 0.07775508442512571 -0.16656211184715825 -0.9829604314228809 3.41373
0.9512727362358548 -0.27989680729164496 0.12937526255932072 -6.12227 -0.2971497119843178 -0.9441836912859027 0.14219425367209398 0.233856 0.08235429534630492 -0.17370933877506578 -0.9813474591908529 3.43174
0.9503909660102676 -0.27965342477054583 0.13620195938449356 -6.21176 -0.2986145862535022 -0.9428665265868665 0.14775669838849215 0.229082 0.08709960162205248 -0.18109852306444363 -0.9796004207538691 3.45194
0.9492514626814422 -0.27948229811784114 0.14426124093433085 -6.31187 -0.3005153759179204 -0.9412915375997345 0.15382051254640572 0.226832 0.09280177495098835 -0.18936706757485083 -0.9775110967574988 3.47125
0.9480514509612251 -0.27934391762867244 0.1522019119925297 -6.41895 -0.30264013822102703 -0.9394149962771406 0.1609609005540716 0.226209 0.09801731004202245 -0.19866162300123677 -0.9751544321176214 3.49243
0.946515053211715 -0.28032709861450117 0.15976849447247068 -6.52518 -0.305953296080204 -0.9370212712335304 0.1684746802150333 0.225015 0.10247845949897558 -0.20834551840218318 -0.972671738203821 3.5136
0.9451406927993373 -0.28022986860282956 0.1678698649479104 -6.63569 -0.3082617623261131 -0.9351639081291201 0.17447965732505843 0.227922 0.10809142751572763 -0.21665568461388612 -0.9702456171620157 3.53142
0.9435286317403111 -0.2806162358975257 0.17609159331711458 -6.74834 -0.31116819720670186 -0.9330867691973581 0.18034254682677253 0.231024 0.1137016892283794 -0.22495246008776998 -0.9677129308669348 3.54547
0.9417888581300604 -0.2812349642895132 0.18422986067180752 -6.86141 -0.3144706633254509 -0.9307003281602813 0.18682906912468508 0.236184 0.11891992520065031 -0.23388842216625796 -0.9649633450897761 3.55954
0.9400520909841992 -0.281950510476509 0.19184883600968455 -6.97537 -0.31772325381836797 -0.9284804681807757 0.1922913263511291 0.242677 0.12391125945330295 -0.24171869983276745 -0.9624022391556726 3.57581
0.9385041853199826 -0.2823065214331921 0.19877857553862863 -7.09026 -0.32041402780858785 -0.9266054332497188 0.1968177376548617 0.25017 0.12862637723403839 -0.2484057145646837 -0.9600780468541376 3.58928
0.9365341202038964 -0.2834610387479675 0.20628543624269127 -7.21135 -0.3240648460703019 -0.9244460574591671 0.20095139310199944 0.257196 0.1337378676192564 -0.25504769428506113 -0.9576350329872694 3.60579
0.9346614834077521 -0.2849074266841731 0.21268678768137578 -7.33225 -0.327723401842665 -0.9223397843068998 0.20466239070570008 0.26461 0.1378596507999757 -0.2609924912806957 -0.95544630208945 3.61799
0.932816829490743 -0.2862051441446594 0.21895062932993065 -7.45272 -0.3310880048055616 -0.9205610478057008 0.2072392104229852 0.272879 0.14224449266214273 -0.26580815022870286 -0.9534739281067338 3.6315
0.9305869566583899 -0.2890677203717699 0.22460580833171762 -7.57654 -0.3360470535590124 -0.9179173211013466 0.21095063265236697 0.278746 0.14519054339585036 -0.2717860273472421 -0.9513422420176779 3.64553
0.9289869790738853 -0.29041960446243337 0.22943331505049475 -7.70442 -0.3388853331952589 -0.9166703127658821 0.21183075470487658 0.287753 0.14879490467188122 -0.27453959830520436 -0.9499937290877779 3.65464
0.9269215898173213 -0.293024650133088 0.23442039319332086 -7.83586 -0.3429717935955743 -0.9150249946799103 0.2123666826714243 0.294302 0.15227184614486222 -0.27724684583492015 -0.9486556126151491 3.66543
0.9249949351764426 -0.2961856799379532 0.23803027727081594 -7.96952 -0.3470688225026044 -0.9135778667421073 0.21194035445284182 0.300383 0.1546854949391986 -0.2786566424807292 -0.9478517148039467 3.67233
0.9232729759937461 -0.2996371933968772 0.24038420108836955 -8.10111 -0.3509283652473876 -0.9124329279974432 0.21051231405979184 0.30655 0.15625714148302927 -0.27871796540455496 -0.9475758552729685 3.68104
0.9213861818180237 -0.3037239379139023 0.2424856150225735 -8.23816 -0.35520318893395453 -0.9112986786022367 0.20824363843576732 0.313018 0.1577282426388918 -0.27800447463285405 -0.9475417212757217 3.68935
0.9196649947515295 -0.3081444740461136 0.24344050719531748 -8.37449 -0.3591589988648292 -0.9106892366560134 0.20408313936555667 0.318626 0.15881155802737726 -0.2751219681409168 -0.9482018728536584 3.69972
0.9180555646939691 -0.31312231232641646 0.24316331478616593 -8.51138 -0.363284159221448 -0.9100164591014995 0.1997364859587117 0.324365 0.1587406683657454 -0.2717065727724066 -0.949198050208211 3.7082
0.9162641447184693 -0.31875039275671424 0.24260709845503772 -8.65619 -0.3676438993057223 -0.9096433973089461 0.19335680240302622 0.331051 0.15905338854175946 -0.2663589248545642 -0.950660266732393 3.7196
0.9143149883956748 -0.3254282357218529 0.24109036768394465 -8.80534 -0.37252232149628334 -0.9093293624454731 0.18533005849437756 0.335089 0.15891891637573297 -0.25926159374167207 -0.9526427473237232 3.73266
0.9126457900926869 -0.33182804234784896 0.23867930814733307 -8.95785 -0.3766985677867643 -0.9094630090957264 0.17599779576445695 0.340419 0.15866899777050336 -0.2505338009094603 -0.955016734800162 3.7447
0.9111613769053484 -0.33884284181514157 0.23445782944186086 -9.09978 -0.38094386705879124 -0.9095971865256132 0.16587564141543826 0.344042 0.1570564082941022 -0.24045475003694156 -0.957869927390159 3.75581
0.910034809599259 -0.34545036585637456 0.2291302905495864 -9.23265 -0.38438083116271904 -0.910168268779949 0.1544185841819825 0.348754 0.15520316347387453 -0.22859957838064288 -0.9610693059357867 3.76859
0.9089211644104465 -0.3520547987587279 0.22342724891496518 -9.35227 -0.3879242935944234 -0.910450058384114 0.14351109235049203 0.35364 0.1528955830821343 -0.2171131268701076 -0.964097936319054 3.78367
0.9072252198872358 -0.3600707293259673 0.2174660209854004 -9.47446 -0.39259811298891945 -0.910417041188622 0.13041293183919506 0.354317 0.15102689190371443 -0.2036906502420298 -0.967316389257353 3.8027
0.9062685136776637 -0.36757095466249257 0.20873182413082605 -9.57969 -0.3963309243352885 -0.9105884701034709 0.1172622553516521 0.355781 0.14696659325171194 -0.18899796666399357 -0.9709173955928804 3.81481
0.9056506198807558 -0.37449592149108835 0.19887121334206093 -9.67494 -0.39945230697584055 -0.9108523652929231 0.10385481737486349 0.357525 0.14224910952720154 -0.17349574469371862 -0.974507269040047 3.82472
0.9051463502769003 -0.3816418523413631 0.1872420388744473 -9.76217 -0.4026369671345528 -0.9109596577176705 0.08964359825215235 0.356327 0.13635819475592886 -0.1565311424361219 -0.9782149273909831 3.83318
0.904741006188832 -0.38793924786673534 0.17591717279734698 -9.84393 -0.4053561060708633 -0.9110161276940337 0.0757366645188122 0.356944 0.130882156887358 -0.13983116621826394 -0.9814871909314727 3.84462
0.9043504006075855 -0.3936589877232269 0.16487253957413267 -9.92312 -0.4079013755924798 -0.9108825903157034 0.06252499059989644 0.359216 0.12556600141225477 -0.12379623598671613 -0.9843310780651289 3.85879
0.9035279210384181 -0.40045775033809367 0.15254797965934092 -9.99291 -0.4114996256006422 -0.9101432893735667 0.048033852008710264 0.359066 0.11960499167896349 -0.10617336296085023 -0.9871280884277672 3.87322
0.9026947398117304 -0.4064359664139317 0.14125159086327393 -10.0568 -0.4147921153808581 -0.9092617060858958 0.03450580912888532 0.358249 0.11441026061549421 -0.08973825856868124 -0.9893721934716759 3.8883
0.9021215845899228 -0.4114198370546582 0.13003985656284445 -10.1158 -0.41745778896716706 -0.9084318335869593 0.021922549041550738 0.358098 0.10911297378227242 -0.07406295567794664 -0.9912663807214664 3.90127
0.90188534396715 -0.415389972761535 0.1185495544758691 -10.1666 -0.4193845235057848 -0.9077555745966167 0.009820296970671154 0.358425 0.10353476605025819 -0.05857463032693875 -0.9928995744288448 3.91281
0.9015545819561266 -0.41947100611572796 0.10603495075762759 -10.2075 -0.4216405395632813 -0.9067605199358846 -0.002148227732165678 0.358052 0.09704942632853955 -0.04277188929499287 -0.9943600828349046 3.91964
0.9013995649359103 -0.42308424505631775 0.09207901996913864 -10.2403 -0.42378316616597206 -0.9056732958605007 -0.012794891149277517 0.357374 0.08880682635752452 -0.027488229304620256 -0.9956694957876338 3.92484
0.9016426928785842 -0.4251497244064227 0.07929795845920497 -10.2711 -0.4248231108651251 -0.9050141159985535 -0.0217893166077844 0.357809 0.08102949372625122 -0.01404142729566613 -0.9966127931478542 3.92843
0.9016708562911755 -0.42747199681633524 0.06524843946787993 -10.2877 -0.4263287844090898 -0.9040285206305192 -0.031244222999832805 0.356972 0.07234248060031086 0.00035471742348035587 -0.9973797870801993 3.92805
0.9017956396025575 -0.4293466607456821 0.0492551449124466 -10.2908 -0.42780595275963157 -0.9030301546559636 -0.03896930286071328 0.355157 0.061210221182722964 0.014070703200559769 -0.998025713162844 3.92746
0.9021283198295116 -0.430169353842428 0.03344879035735744 -10.286 -0.4286324061998828 -0.9023757676203441 -0.04463445268952598 0.353573 0.0493837515472562 0.025928768315962344 -0.9984432603091353 3.92264
0.9023097636144378 -0.43069964658897253 0.018300407487030424 -10.2923 -0.42939651912201904 -0.9017157844047275 -0.050271995397639005 0.352566 0.03815389694317936 0.03750278101022436 -0.9985678853060259 3.92272
0.9022972002556936 -0.43110624978947626 0.0026765281970923486 -10.3084 -0.430325400662748 -0.9010036574240564 -0.05488587115932446 0.350888 0.026073203776703573 0.048371589811854285 -0.9984890471827378 3.92462
0.9022946498637087 -0.4309732670596908 -0.01124312711053072 -10.3353 -0.4308670358180679 -0.9005656729590902 -0.05775003145533842 0.350323 0.014763545396647421 0.05695183726305288 -0.9982677626567352 3.93262
0.9022894193264596 -0.4304321131428513 -0.0245356831349757 -10.3682 -0.43111518106931673 -0.90030927709158 -0.05985738245535293 0.349924 0.00367483647125935 0.06458638833543663 -0.9979053532368155 3.94129
0.9024467118899784 -0.4291944440638675 -0.03717608618015421 -10.4116 -0.4307447981756057 -0.9003619602864796 -0.06170299274544644 0.351732 -0.006989352160484007 0.07169706865552877 -0.9974019647577306 3.95353
0.9024507724187252 -0.4280686805488308 -0.04837156286527521 -10.463 -0.4304742123601332 -0.9003989915090511 -0.06303656543948448 0.353406 -0.016569727027600324 0.0777101075965443 -0.9968382934676838 3.97027
0.9022549075937624 -0.42700136867418753 -0.06004925372843851 -10.5149 -0.43034478547843075 -0.9004669384097556 -0.06294965005847947 0.354318 -0.02719278092610574 0.08263851391047777 -0.9962085267072215 3.9896
0.9022163778370491 -0.42562345750751296 -0.06964395151013407 -10.5779 -0.42977845640121326 -0.9007476127680349 -0.06280299758830937 0.357369 -0.0360011940911138 0.08659336297913975 -0.9955930411126714 4.00873
0.9020321302220801 -0.4244605540394076 -0.07855745738996259 -10.6441 -0.42934634553395395 -0.9010497654676209 -0.061408759370176584 0.360045 -0.0447185825318206 0.08912103127379524 -0.9950164270810006 4.0328
0.9024298648541863 -0.42256596086258663 -0.08401397347783385 -10.7301 -0.42786468481700796 -0.9018653653271828 -0.059755119527196546 0.365426 -0.05051881338370635 0.08987141672159156 -0.9946712914077477 4.05637
0.9024614851985916 -0.42163200427796593 -0.0882593944104387 -10.8168 -0.42720054542875513 -0.9023190788752403 -0.05761921453050177 0.369966 -0.05534403055909603 0.08970358335252394 -0.9944296382425407 4.08024
