1 0 0 0 0 1 0 0 0 0 1 0
0.999603 0.0240781 -0.0146149 -0.119225 -0.0243307 0.999553 -0.0173618 -0.0749629 0.0141903 0.0177105 0.999742 0.208962
0.998379 0.0490368 -0.0289171 -0.257585 -0.0500378 0.998135 -0.034975 -0.159479 0.0271481 0.0363653 0.99897 0.433876
0.996229 0.0754743 -0.0428002 -0.400973 -0.0778036 0.995414 -0.0556528 -0.235249 0.0384035 0.0587729 0.997533 0.655825
0.993085 0.101405 -0.0591678 -0.535134 -0.105753 0.991509 -0.0756767 -0.315342 0.0509914 0.0814107 0.995375 0.878214
0.988965 0.127165 -0.076013 -0.669438 -0.134106 0.986449 -0.0945159 -0.400568 0.0629638 0.103667 0.992617 1.09845
0.983821 0.154198 -0.0912146 -0.810901 -0.164263 0.97961 -0.115686 -0.479302 0.0715161 0.128798 0.989089 1.31586
0.97764 0.179989 -0.108748 -0.94438 -0.194058 0.971406 -0.136791 -0.5554 0.0810176 0.154836 0.984613 1.53091
0.970358 0.20569 -0.126881 -1.0752 -0.224298 0.961968 -0.155912 -0.638064 0.0899858 0.17975 0.979588 1.74506
0.962013 0.231542 -0.144643 -1.20762 -0.255425 0.950412 -0.177417 -0.710112 0.0963905 0.207623 0.973449 1.96208
0.952874 0.255608 -0.163398 -1.32617 -0.285273 0.938203 -0.19595 -0.794332 0.103213 0.233329 0.966905 2.17493
0.942605 0.280779 -0.180722 -1.45345 -0.316399 0.92402 -0.21466 -0.872141 0.106719 0.259519 0.959825 2.39495
0.931733 0.303721 -0.19907 -1.55601 -0.345767 0.909522 -0.230688 -0.961326 0.110994 0.283772 0.952447 2.6123
0.920318 0.325189 -0.217414 -1.6032 -0.374339 0.893447 -0.248244 -1.05417 0.113522 0.309849 0.943987 2.84596
0.908459 0.347325 -0.232529 -1.58218 -0.402678 0.876406 -0.264132 -1.16819 0.11205 0.333587 0.936037 3.07519
0.896351 0.366821 -0.248998 -1.5754 -0.428978 0.859422 -0.278163 -1.29612 0.111958 0.356145 0.927702 3.2863
0.884299 0.384736 -0.264572 -1.59851 -0.453569 0.842355 -0.291059 -1.42733 0.110883 0.377385 0.919395 3.50077
0.872678 0.400785 -0.278942 -1.6419 -0.476193 0.824927 -0.304527 -1.54373 0.108057 0.398584 0.910746 3.71418
0.860868 0.41721 -0.291284 -1.71536 -0.498218 0.80745 -0.315922 -1.65561 0.103392 0.41709 0.902966 3.92536
0.849594 0.433107 -0.301018 -1.81887 -0.518344 0.791143 -0.324674 -1.75879 0.09753 0.431871 0.896649 4.12765
0.839103 0.447723 -0.308959 -1.95199 -0.53639 0.775521 -0.332951 -1.83641 0.0905342 0.445102 0.890893 4.32448
0.828898 0.46187 -0.315607 -2.11066 -0.553204 0.760553 -0.339893 -1.8821 0.0830492 0.456331 0.885929 4.50026
0.820019 0.475275 -0.318885 -2.30117 -0.567537 0.747265 -0.34569 -1.89716 0.0739933 0.464452 0.882504 4.66462
0.812186 0.487833 -0.319964 -2.50046 -0.579822 0.735629 -0.350227 -1.89626 0.0645221 0.46997 0.880324 4.81041
0.805628 0.49964 -0.318322 -2.70375 -0.589903 0.726086 -0.353296 -1.8884 0.0546082 0.472405 0.879691 4.94712
0.800379 0.510237 -0.314734 -2.9054 -0.597817 0.718587 -0.355318 -1.87847 0.0448672 0.472541 0.880169 5.08583
0.796576 0.520811 -0.306967 -3.10438 -0.60361 0.713397 -0.355986 -1.87145 0.0335874 0.468858 0.882638 5.21849
0.794677 0.530239 -0.295533 -3.30531 -0.606626 0.711556 -0.354536 -1.87034 0.0222995 0.461018 0.887114 5.3548
0.794726 0.53803 -0.280967 -3.49865 -0.606882 0.712423 -0.352357 -1.87329 0.0105881 0.45054 0.892698 5.49474
0.795799 0.545809 -0.2623 -3.69009 -0.605559 0.715476 -0.348419 -1.88064 -0.00250105 0.436109 0.899894 5.63566
0.800129 0.550212 -0.238889 -3.8773 -0.599632 0.723378 -0.342306 -1.89671 -0.0155341 0.417133 0.908717 5.77919
0.805498 0.553231 -0.212398 -4.05957 -0.591893 0.73355 -0.334022 -1.91882 -0.0289867 0.39477 0.918326 5.92262
0.810537 0.556817 -0.181643 -4.24053 -0.583898 0.743942 -0.324994 -1.94165 -0.0458307 0.36948 0.928112 6.07012
0.816032 0.558362 -0.149429 -4.412 -0.574667 0.75596 -0.313507 -1.96946 -0.0620882 0.341702 0.937758 6.2189
0.822176 0.557659 -0.114248 -4.58527 -0.56367 0.769556 -0.300113 -2.00089 -0.0794404 0.311143 0.947041 6.36767
0.826893 0.557432 -0.0743179 -4.76579 -0.553224 0.782588 -0.285486 -2.03861 -0.100978 0.27718 0.9555 6.52149
0.833141 0.551917 -0.0356717 -4.94609 -0.539725 0.797268 -0.270313 -2.07857 -0.12075 0.244461 0.962116 6.68705
0.837272 0.546769 0.00501657 -5.13413 -0.527255 0.809752 -0.257501 -2.11172 -0.144855 0.212953 0.966268 6.86179
0.842073 0.537706 0.0423683 -5.31962 -0.513415 0.823147 -0.242576 -2.1363 -0.165309 0.182513 0.969212 7.03707
0.847924 0.524185 0.0791229 -5.50303 -0.49659 0.837632 -0.22754 -2.17791 -0.185548 0.153644 0.970552 7.22519
0.851787 0.510522 0.117628 -5.70127 -0.481106 0.851119 -0.210104 -2.23237 -0.207377 0.122372 0.970582 7.41855
0.853834 0.496115 0.157618 -5.91372 -0.466071 0.863442 -0.192997 -2.29215 -0.231843 0.0913258 0.96846 7.61946
0.854467 0.481185 0.195851 -6.12657 -0.452055 0.874432 -0.176139 -2.35621 -0.256013 0.0619693 0.964691 7.82425
0.853948 0.465986 0.231594 -6.33627 -0.438945 0.88409 -0.160359 -2.42278 -0.279475 0.0352802 0.959508 8.03039
0.853887 0.44937 0.26259 -6.54049 -0.424385 0.893219 -0.148551 -2.48712 -0.301304 0.0154062 0.95341 8.23359
0.849741 0.43649 0.295674 -6.74943 -0.414399 0.899691 -0.137231 -2.55405 -0.325915 -0.00591716 0.945384 8.44231
0.845767 0.423651 0.324359 -6.9511 -0.403887 0.90558 -0.129656 -2.62592 -0.348661 -0.0213453 0.937012 8.64912
0.841518 0.411479 0.350055 -7.1551 -0.392511 0.910914 -0.127173 -2.7034 -0.371199 -0.0303824 0.92806 8.85419
0.836211 0.403088 0.371862 -7.3556 -0.384167 0.914444 -0.127348 -2.79366 -0.391378 -0.0363671 0.919518 9.05856
0.831747 0.395856 0.389233 -7.55505 -0.374756 0.917619 -0.132424 -2.88919 -0.409588 -0.0357248 0.911575 9.25697
0.827698 0.390845 0.402699 -7.76254 -0.365107 0.920003 -0.142488 -2.97621 -0.426173 -0.0290912 0.904181 9.4486
0.822065 0.39184 0.413131 -7.98299 -0.360706 0.919774 -0.154629 -3.04203 -0.440577 -0.0219039 0.897452 9.63625
0.81837 0.393865 0.418511 -8.20244 -0.353579 0.919156 -0.173625 -3.06492 -0.45306 -0.00588659 0.891468 9.77802
0.813366 0.398127 0.42419 -8.44673 -0.347078 0.917257 -0.195395 -3.09553 -0.466883 0.0117006 0.884247 9.9451
0.809001 0.404347 0.426651 -8.69825 -0.341071 0.914049 -0.219537 -3.11488 -0.478747 0.0320881 0.877374 10.0967
0.804188 0.412974 0.427483 -8.95898 -0.336089 0.909132 -0.246021 -3.12563 -0.490238 0.0541747 0.869908 10.2383
0.800657 0.424534 0.422765 -9.22008 -0.332104 0.901783 -0.276596 -3.13022 -0.498665 0.0810568 0.863005 10.3684
0.796364 0.437524 0.417592 -9.48675 -0.328623 0.89264 -0.308552 -3.13017 -0.507758 0.108488 0.854647 10.4932
0.790348 0.455871 0.409319 -9.75226 -0.328019 0.879133 -0.345746 -3.1029 -0.517459 0.138996 0.844352 10.619
0.787894 0.469897 0.398028 -10.0231 -0.324834 0.866233 -0.37964 -3.0947 -0.523177 0.169823 0.835138 10.7265
0.785523 0.484056 0.385559 -10.2966 -0.322261 0.851857 -0.412914 -3.08567 -0.528312 0.200103 0.825142 10.8242
0.783138 0.498634 0.371573 -10.5719 -0.319196 0.835132 -0.447966 -3.05972 -0.533683 0.232214 0.813184 10.9173
0.781209 0.512456 0.356529 -10.8503 -0.31578 0.817035 -0.48244 -3.03235 -0.538523 0.264301 0.800095 11.0013
0.779221 0.525467 0.341623 -11.1327 -0.313228 0.798607 -0.513927 -3.00804 -0.542873 0.293456 0.786881 11.0531
0.777692 0.537673 0.325753 -11.4186 -0.311477 0.779657 -0.543256 -2.97328 -0.546067 0.321021 0.773803 11.073
0.775222 0.549492 0.311603 -11.7063 -0.3096 0.760476 -0.570815 -2.92153 -0.550624 0.346035 0.759659 11.0642
0.772756 0.560111 0.298556 -11.9912 -0.30756 0.74191 -0.595808 -2.85014 -0.555218 0.36859 0.74558 11.0318
0.770448 0.570133 0.285247 -12.2672 -0.306968 0.723926 -0.617825 -2.76155 -0.55874 0.388438 0.732759 11.0034
0.76765 0.579237 0.274247 -12.5435 -0.30638 0.707544 -0.636808 -2.66689 -0.562902 0.404821 0.720609 11.0054
0.764565 0.58777 0.264528 -12.8157 -0.306194 0.692348 -0.653381 -2.57457 -0.567182 0.418554 0.709315 11.0428
0.764227 0.591375 0.257386 -13.0855 -0.302711 0.681279 -0.666511 -2.49693 -0.569507 0.431451 0.699664 11.1201
0.764165 0.593404 0.252849 -13.344 -0.299431 0.673545 -0.675785 -2.44486 -0.571318 0.440699 0.692381 11.2388
0.763368 0.59537 0.250635 -13.5942 -0.296539 0.667677 -0.68285 -2.39586 -0.573888 0.446942 0.68623 11.3764
0.762264 0.596836 0.2505 -13.8348 -0.294031 0.664056 -0.687446 -2.33763 -0.576638 0.450358 0.681673 11.5211
0.761093 0.597128 0.25336 -14.0754 -0.290754 0.663211 -0.689657 -2.25635 -0.579841 0.451225 0.678378 11.6596
0.758374 0.598053 0.259251 -14.3119 -0.288168 0.664364 -0.689629 -2.14263 -0.58467 0.448287 0.676174 11.7875
0.755862 0.598255 0.266046 -14.5401 -0.286176 0.667339 -0.687588 -1.99138 -0.588892 0.443584 0.675618 11.8769
0.752327 0.59744 0.277631 -14.7744 -0.282553 0.673308 -0.683249 -1.82421 -0.59513 0.43558 0.675354 11.9487
0.748765 0.595644 0.29082 -15.0036 -0.279656 0.681662 -0.676125 -1.64894 -0.600967 0.424927 0.676975 11.9702
0.74453 0.593481 0.305721 -15.2315 -0.276808 0.691158 -0.667598 -1.48299 -0.607507 0.412418 0.678867 11.9127
0.740505 0.589456 0.32282 -15.4228 -0.272293 0.702297 -0.657763 -1.34049 -0.614434 0.399173 0.680554 11.756
0.735485 0.58454 0.342619 -15.5634 -0.267699 0.71523 -0.645595 -1.19784 -0.622426 0.383104 0.682518 11.5522
0.729592 0.57823 0.365193 -15.6811 -0.261888 0.729507 -0.631864 -1.03125 -0.631769 0.36536 0.683668 11.3455
0.723292 0.570873 0.388543 -15.7998 -0.256393 0.744444 -0.616503 -0.858468 -0.641192 0.34629 0.684815 11.148
0.715808 0.561369 0.415337 -15.94 -0.250357 0.761541 -0.597825 -0.692362 -0.651891 0.323943 0.685654 10.9569
0.708301 0.550485 0.441916 -16.0871 -0.245623 0.779084 -0.576808 -0.539486 -0.661812 0.300007 0.687034 10.7676
0.699978 0.5378 0.469918 -16.2475 -0.238478 0.796233 -0.556022 -0.381086 -0.673187 0.277136 0.685594 10.5915
0.69269 0.521297 0.498442 -16.4105 -0.230682 0.814915 -0.531704 -0.235091 -0.683361 0.253322 0.684734 10.4162
0.683257 0.503277 0.52905 -16.5857 -0.221641 0.833301 -0.506462 -0.0846819 -0.695743 0.228783 0.6809 10.2484
0.672964 0.483574 0.559722 -16.7639 -0.212557 0.851216 -0.479855 0.0610586 -0.708488 0.20395 0.675622 10.081
0.664865 0.45636 0.591364 -16.9466 -0.197254 0.870845 -0.450267 0.203503 -0.720464 0.182716 0.669007 9.91917
0.656234 0.427323 0.621905 -17.1263 -0.180844 0.889239 -0.420191 0.348219 -0.732577 0.163274 0.660824 9.75486
0.645261 0.395531 0.653617 -17.3119 -0.162788 0.90709 -0.388212 0.491941 -0.746432 0.144096 0.649693 9.59664
0.633113 0.36096 0.684755 -17.4984 -0.144323 0.924155 -0.353721 0.624992 -0.760497 0.125118 0.637186 9.43938
0.619101 0.325266 0.7148 -17.6808 -0.12427 0.939313 -0.319797 0.761136 -0.775432 0.109158 0.621945 9.29039
0.602198 0.288595 0.744369 -17.8605 -0.105689 0.952993 -0.28398 0.891068 -0.791331 0.0923394 0.604388 9.14835
0.584221 0.249776 0.772218 -18.0379 -0.0862395 0.965195 -0.24695 1.01643 -0.807015 0.077677 0.585422 9.00709
0.564939 0.208255 0.798429 -18.2104 -0.0676712 0.976065 -0.206709 1.12719 -0.822364 0.0627465 0.565506 8.86854
0.543846 0.168715 0.822065 -18.3787 -0.0481445 0.984253 -0.170151 1.25181 -0.837818 0.0529575 0.5434 8.73135
0.520771 0.128009 0.844054 -18.5409 -0.0299736 0.990831 -0.131778 1.36221 -0.853181 0.0433259 0.51983 8.59404
0.495694 0.087699 0.864072 -18.7022 -0.0119134 0.995493 -0.0942038 1.47538 -0.86843 0.0364018 0.494501 8.46374
0.468236 0.0487077 0.882269 -18.8618 0.0054792 0.998306 -0.0580235 1.58627 -0.883597 0.0320022 0.467172 8.33926
0.439801 0.00941364 0.89806 -19.0479 0.0222671 0.999535 -0.0213827 1.6453 -0.897833 0.0294009 0.439383 8.23257
0.40942 -0.0268401 0.91196 -19.2583 0.0379943 0.999207 0.0123487 1.64994 -0.911565 0.029593 0.410112 8.27953
0.37742 -0.06117 0.924033 -19.4481 0.0519757 0.997654 0.0448135 1.64748 -0.924596 0.031113 0.379711 8.381
0.343883 -0.0938831 0.934316 -19.6227 0.0654354 0.994972 0.0758924 1.64407 -0.93674 0.0350387 0.348295 8.49475
0.309999 -0.124014 0.942627 -19.79 0.0770673 0.991484 0.105096 1.63972 -0.947622 0.0400652 0.316914 8.61245
0.275664 -0.148697 0.949692 -19.9448 0.0904702 0.987597 0.12837 1.64838 -0.956998 0.0505314 0.285695 8.7283
0.239052 -0.171026 0.95584 -20.0855 0.101317 0.983399 0.150617 1.66192 -0.96572 0.0608366 0.252409 8.8562
0.201384 -0.190884 0.960742 -20.2083 0.10978 0.979052 0.17151 1.67537 -0.973352 0.0709302 0.218119 8.98797
0.161739 -0.207615 0.964761 -20.3191 0.124538 0.97411 0.188748 1.69251 -0.978957 0.0896198 0.183406 9.12905
0.122334 -0.22021 0.96776 -20.4168 0.138637 0.969312 0.203037 1.70893 -0.982769 0.109328 0.149108 9.26849
0.0813606 -0.229775 0.969851 -20.5108 0.149024 0.964942 0.21611 1.71676 -0.985494 0.126947 0.11275 9.41936
0.0406625 -0.234838 0.971192 -20.6118 0.158734 0.961168 0.225768 1.71218 -0.986494 0.14498 0.0763592 9.56927
3.08005e-05 -0.236259 0.971704 -20.7217 0.168076 0.957882 0.232892 1.69181 -0.985788 0.163311 0.0397392 9.71845
-0.040544 -0.234809 0.971204 -20.838 0.175029 0.955303 0.23827 1.64953 -0.983739 0.179648 0.00236574 9.85968
-0.0785749 -0.231376 0.969701 -20.9661 0.181257 0.953179 0.242121 1.59301 -0.980306 0.194787 -0.0329563 9.98608
-0.11605 -0.225365 0.967347 -21.0993 0.186173 0.951728 0.244059 1.52877 -0.97565 0.208416 -0.0684915 10.108
-0.153295 -0.21733 0.964 -21.2346 0.18993 0.950862 0.24457 1.46204 -0.96977 0.220581 -0.104483 10.2289
-0.189699 -0.206659 0.959856 -21.3809 0.193545 0.950552 0.242906 1.39751 -0.962588 0.231853 -0.140321 10.3492
-0.224882 -0.1952 0.954649 -21.5303 0.19541 0.950804 0.240444 1.33407 -0.954605 0.240616 -0.175672 10.4699
-0.258826 -0.182438 0.948548 -21.687 0.197159 0.951356 0.236775 1.27734 -0.9456 0.248296 -0.210266 10.5896
-0.29118 -0.169122 0.941616 -21.846 0.197964 0.952309 0.232259 1.229 -0.935977 0.254032 -0.24381 10.7104
-0.322581 -0.155938 0.933618 -22.0113 0.1982 0.953349 0.227715 1.18451 -0.92557 0.258498 -0.276625 10.833
-0.352804 -0.142783 0.924755 -22.18 0.197379 0.954708 0.22271 1.14664 -0.914658 0.261096 -0.308638 10.9588
-0.382527 -0.128037 0.91504 -22.3518 0.196648 0.956386 0.216028 1.11873 -0.902787 0.262576 -0.340664 11.0899
-0.409716 -0.115836 0.904845 -22.5284 0.195205 0.957809 0.211005 1.08657 -0.891098 0.263078 -0.369814 11.2144
-0.435455 -0.102399 0.894378 -22.7077 0.194382 0.959384 0.204481 1.065 -0.878987 0.262891 -0.397862 11.3415
-0.460607 -0.0898975 0.883057 -22.8871 0.192713 0.961012 0.198353 1.04262 -0.866448 0.261535 -0.425319 11.4732
-0.483882 -0.0785595 0.871611 -23.0762 0.19055 0.962617 0.192546 1.02055 -0.85415 0.259253 -0.45082 11.6054
-0.505568 -0.0667674 0.860217 -23.2686 0.191726 0.963394 0.187457 1.00482 -0.841232 0.259695 -0.474254 11.7357
-0.52681 -0.0553473 0.848191 -23.4733 0.192198 0.964284 0.182295 1.03416 -0.827982 0.259053 -0.497354 11.8409
-0.545936 -0.0444243 0.836666 -23.6937 0.192622 0.965204 0.176937 1.09517 -0.815401 0.257753 -0.518376 11.9193
-0.564319 -0.0359176 0.824788 -23.9136 0.191596 0.966086 0.173159 1.14947 -0.803031 0.255741 -0.538296 11.9967
-0.581771 -0.0264803 0.81294 -24.1379 0.191873 0.966808 0.168804 1.21308 -0.790415 0.254183 -0.557373 12.0821
-0.598462 -0.0184975 0.800951 -24.3685 0.190927 0.967644 0.165005 1.26865 -0.778084 0.25167 -0.575563 12.1764
-0.613926 -0.0118387 0.789294 -24.5932 0.188899 0.968648 0.161457 1.32163 -0.766447 0.248216 -0.592434 12.2751
-0.627862 -0.00604923 0.778316 -24.8165 0.187087 0.969487 0.158456 1.36879 -0.755522 0.245099 -0.607568 12.3826
-0.640813 6.19242e-05 0.767717 -25.0371 0.186186 0.970173 0.155331 1.40668 -0.744797 0.242473 -0.621704 12.5028
-0.652546 0.00495928 0.757748 -25.258 0.183747 0.971177 0.151879 1.43376 -0.73515 0.23834 -0.634644 12.6344
-0.663213 0.00883496 0.7484 -25.4997 0.181456 0.972011 0.149327 1.46805 -0.726121 0.234833 -0.646246 12.7413
-0.67322 0.0113193 0.739371 -25.7561 0.178308 0.972871 0.147459 1.52152 -0.71764 0.231106 -0.656969 12.7776
-0.682607 0.0139898 0.730674 -26.0119 0.175207 0.973806 0.145037 1.60106 -0.709493 0.227018 -0.667169 12.7598
-0.690685 0.0156932 0.723002 -26.2696 0.172402 0.97452 0.143542 1.68729 -0.702324 0.223787 -0.675786 12.7016
-0.697579 0.0180738 0.716303 -26.5222 0.170061 0.975309 0.141008 1.78832 -0.696056 0.220175 -0.68342 12.6121
-0.704574 0.0200861 0.709364 -26.7597 0.167576 0.976047 0.138806 1.89728 -0.68958 0.216669 -0.691058 12.511
-0.711238 0.0214233 0.702648 -26.993 0.164531 0.976861 0.13676 2.00821 -0.683447 0.212873 -0.698297 12.4026
-0.716463 0.0219927 0.697297 -27.2307 0.162072 0.977413 0.135698 2.11914 -0.678558 0.210232 -0.703839 12.2781
-0.720939 0.0215401 0.692689 -27.4708 0.15921 0.977947 0.135294 2.22778 -0.674486 0.207817 -0.70846 12.1449
-0.725385 0.0222472 0.688002 -27.704 0.157053 0.978474 0.133945 2.34665 -0.670208 0.205213 -0.713259 12.0113
-0.729315 0.0233186 0.683806 -27.9371 0.155799 0.978839 0.132789 2.45991 -0.666226 0.203377 -0.717506 11.873
-0.732484 0.0253383 0.680333 -28.1598 0.155516 0.979122 0.13097 2.5848 -0.662805 0.201733 -0.721125 11.7339
-0.735363 0.02634 0.677187 -28.3796 0.154995 0.979312 0.13022 2.70196 -0.659733 0.200715 -0.724224 11.5941
-0.738216 0.0287138 0.673974 -28.5903 0.154953 0.979606 0.127987 2.83026 -0.656549 0.198914 -0.727603 11.456
-0.739826 0.027763 0.672252 -28.8118 0.153704 0.979717 0.128694 2.92959 -0.65503 0.198534 -0.729079 11.3221
-0.740814 0.02721 0.67118 -29.0211 0.152903 0.979789 0.129045 3.03913 -0.654099 0.198221 -0.729995 11.1813
-0.742051 0.0275291 0.669804 -29.2311 0.152323 0.979961 0.128478 3.14873 -0.652831 0.197359 -0.731367 11.0528
-0.742997 0.0273651 0.668757 -29.425 0.151448 0.980132 0.128153 3.26036 -0.651959 0.196497 -0.732373 10.922
-0.743066 0.0269739 0.668701 -29.6239 0.151199 0.980135 0.128479 3.36576 -0.651937 0.196571 -0.732376 10.7915
-0.742466 0.0271464 0.669356 -29.8214 0.151155 0.980209 0.127911 3.47287 -0.652631 0.196143 -0.731869 10.6554
-0.742095 0.0272039 0.669769 -30.0134 0.151679 0.980091 0.128252 3.57393 -0.652931 0.19676 -0.731439 10.5255
-0.740419 0.026823 0.671633 -30.2015 0.151811 0.980069 0.128216 3.67801 -0.654802 0.196892 -0.729726 10.3899
-0.73911 0.0261103 0.673106 -30.3866 0.151574 0.980085 0.12842 3.78098 -0.656333 0.196937 -0.728341 10.2605
-0.737192 0.0258868 0.67521 -30.5673 0.152199 0.979958 0.128599 3.88067 -0.658343 0.197565 -0.726351 10.131
-0.736038 0.0254275 0.676489 -30.7352 0.152476 0.97986 0.12907 3.97672 -0.659567 0.198144 -0.725084 10.0135
-0.734224 0.0244681 0.67849 -30.9111 0.152258 0.97984 0.129429 4.07076 -0.661639 0.198332 -0.72314 9.89407
-0.731361 0.0237437 0.681605 -31.0912 0.153478 0.979506 0.130563 4.15908 -0.66452 0.200095 -0.720009 9.77131
-0.7295 0.0244267 0.683567 -31.2577 0.155955 0.978989 0.13145 4.24485 -0.665988 0.202495 -0.717975 9.66017
-0.726366 0.0247652 0.686888 -31.4286 0.157705 0.978711 0.131485 4.33681 -0.668993 0.203828 -0.714801 9.54383
-0.723654 0.0266223 0.689672 -31.5819 0.16154 0.978044 0.131745 4.43369 -0.671016 0.206744 -0.71206 9.40882
-0.720406 0.0276627 0.693027 -31.7344 0.164651 0.977479 0.132141 4.53133 -0.673747 0.209298 -0.70873 9.27519
-0.717106 0.0292127 0.696375 -31.8863 0.168409 0.97679 0.132446 4.62785 -0.676336 0.21225 -0.705375 9.14122
-0.713815 0.0307824 0.699684 -32.0371 0.17242 0.976026 0.132965 4.72593 -0.6788 0.215548 -0.702003 9.0071
-0.71078 0.033185 0.702654 -32.1909 0.176654 0.975308 0.132634 4.82606 -0.680896 0.218397 -0.699085 8.87532
-0.707691 0.0351873 0.705671 -32.3339 0.180527 0.97463 0.132448 4.9275 -0.683091 0.22112 -0.696083 8.73368
-0.70504 0.0364612 0.708253 -32.4724 0.183444 0.974077 0.132466 5.02336 -0.685055 0.223315 -0.693445 8.59365
-0.703 0.0382018 0.71019 -32.6063 0.18637 0.973574 0.132117 5.12256 -0.686358 0.225231 -0.691536 8.45343
-0.701334 0.0402006 0.711721 -32.7512 0.189066 0.973154 0.131339 5.21617 -0.687327 0.226671 -0.690099 8.31745
-0.700606 0.0413411 0.712376 -32.8874 0.190661 0.972886 0.131055 5.30728 -0.687627 0.227635 -0.689486 8.18218
-0.69864 0.0441328 0.714135 -33.0303 0.193466 0.972581 0.129163 5.40355 -0.688846 0.228394 -0.688014 8.02462
-0.697554 0.0464849 0.715049 -33.1594 0.194941 0.972583 0.126947 5.50432 -0.689527 0.227939 -0.687485 7.86337
-0.698116 0.0494101 0.714302 -33.28 0.195657 0.972823 0.12393 5.61138 -0.688758 0.226271 -0.688803 7.70498
-0.700219 0.0514018 0.712102 -33.3956 0.194788 0.973336 0.121282 5.71311 -0.686864 0.223628 -0.691555 7.55427
-0.703111 0.0532402 0.709108 -33.5029 0.193113 0.974025 0.118349 5.81092 -0.684381 0.220147 -0.695122 7.39495
-0.70734 0.0549831 0.704759 -33.5962 0.19037 0.97497 0.115006 5.91374 -0.68078 0.215508 -0.700096 7.22924
-0.713091 0.0560622 0.698851 -33.6956 0.185765 0.976291 0.111231 6.00901 -0.676039 0.209135 -0.706591 7.07367
-0.719893 0.0570984 0.69176 -33.7947 0.180295 0.977802 0.106922 6.10602 -0.670283 0.201687 -0.7142 6.91629
-0.727877 0.0577065 0.6833 -33.8959 0.173487 0.979544 0.10208 6.2015 -0.663425 0.192841 -0.722991 6.75906
-0.737337 0.0574064 0.673111 -33.9703 0.164286 0.981725 0.0962382 6.30071 -0.65527 0.181537 -0.733285 6.59272
-0.748413 0.0571645 0.660791 -34.0289 0.153754 0.984105 0.0890078 6.4099 -0.645192 0.16821 -0.745298 6.42081
-0.760207 0.0635702 0.646594 -34.0863 0.150747 0.985319 0.0803657 6.52421 -0.631976 0.158561 -0.758621 6.24834
-0.773131 0.0695848 0.630446 -34.149 0.146928 0.986588 0.0712875 6.6276 -0.617023 0.147741 -0.772976 6.08144
-0.787061 0.076617 0.612133 -34.1743 0.142796 0.987953 0.0599494 6.75609 -0.600151 0.134589 -0.78851 5.90183
-0.801373 0.0835699 0.592329 -34.2113 0.138545 0.989211 0.0478751 6.87769 -0.581931 0.120427 -0.804295 5.72775
-0.815597 0.0899423 0.571624 -34.2553 0.133714 0.990422 0.0349487 6.99107 -0.562991 0.104933 -0.819801 5.55442
-0.829671 0.0960645 0.54996 -34.3047 0.129031 0.991421 0.021479 7.10319 -0.543172 0.0887796 -0.834937 5.38168
-0.843686 0.101617 0.527172 -34.3506 0.123757 0.992308 0.00678813 7.2182 -0.522414 0.0709637 -0.84976 5.21483
-0.857373 0.106893 0.503511 -34.3926 0.118922 0.992882 -0.00828379 7.33516 -0.500806 0.0527742 -0.86397 5.04638
-0.870362 0.111012 0.47978 -34.4325 0.113712 0.993253 -0.0235332 7.44649 -0.479143 0.0340704 -0.877102 4.87493
-0.882504 0.114138 0.456287 -34.4769 0.108486 0.99336 -0.0386604 7.55695 -0.457664 0.0153812 -0.889013 4.70342
-0.893639 0.117098 0.433289 -34.5235 0.103891 0.993133 -0.0541263 7.67163 -0.43664 -0.00335811 -0.899656 4.52946
-0.904153 0.119163 0.4103 -34.5821 0.0993574 0.992646 -0.0693439 7.78017 -0.41554 -0.0219322 -0.90933 4.36902
-0.913751 0.120131 0.388162 -34.6221 0.0945703 0.991955 -0.0843702 7.89833 -0.395164 -0.0403876 -0.917749 4.19848
-0.922489 0.12033 0.366843 -34.6776 0.0899077 0.991033 -0.0989825 8.01332 -0.375458 -0.0583288 -0.925021 4.03668
-0.930058 0.120843 0.34703 -34.7623 0.0868393 0.989927 -0.111977 8.1208 -0.357055 -0.074012 -0.931173 3.89003
-0.936611 0.119673 0.329358 -34.8497 0.0825997 0.988804 -0.124389 8.22807 -0.340551 -0.0892995 -0.935995 3.74266
-0.942169 0.118267 0.313641 -34.937 0.0789991 0.987693 -0.135124 8.33468 -0.325752 -0.102534 -0.939905 3.59395
-0.946839 0.116855 0.299799 -35.0249 0.0761298 0.98664 -0.144131 8.44029 -0.312631 -0.113645 -0.94307 3.44541
-0.950706 0.114684 0.288179 -35.121 0.0729585 0.985764 -0.151603 8.54531 -0.301453 -0.123106 -0.945526 3.30551
-0.953642 0.113422 0.278825 -35.2107 0.0713914 0.985101 -0.156547 8.65097 -0.292422 -0.129383 -0.947514 3.16441
-0.951863 0.136656 0.274451 -35.2778 0.0964691 0.983214 -0.154984 8.766 -0.291014 -0.121049 -0.949057 3.01383
-0.948412 0.162679 0.272197 -35.3527 0.123805 0.980226 -0.154458 8.87366 -0.291937 -0.112791 -0.949782 2.87533
-0.942817 0.194873 0.270489 -35.4654 0.157942 0.97564 -0.152369 8.98277 -0.293583 -0.100936 -0.950617 2.74857
-0.934988 0.228147 0.271637 -35.6132 0.191542 0.969224 -0.154746 9.09967 -0.298577 -0.0926565 -0.949896 2.63784
-0.924983 0.263888 0.27352 -35.7539 0.228031 0.961081 -0.156082 9.2224 -0.304053 -0.0820047 -0.949146 2.52539
-0.911879 0.302066 0.277981 -35.9053 0.267403 0.950876 -0.156082 9.34371 -0.311467 -0.0679957 -0.947842 2.40784
-0.896276 0.339949 0.284904 -36.0369 0.307648 0.939172 -0.152796 9.47651 -0.319507 -0.0493005 -0.946328 2.27358
-0.878163 0.377955 0.293293 -36.1574 0.348414 0.925389 -0.149306 9.61672 -0.327835 -0.0289287 -0.944313 2.13717
-0.858095 0.414966 0.302526 -36.27 0.388668 0.909829 -0.14555 9.7639 -0.335636 -0.00731782 -0.941991 2.00128
-0.835939 0.451084 0.312681 -36.3742 0.428486 0.892367 -0.141816 9.9177 -0.342992 0.0154273 -0.939233 1.86613
-0.811907 0.4865 0.322754 -36.4709 0.468045 0.872841 -0.138271 10.0774 -0.348972 0.0387945 -0.936357 1.73249
-0.787041 0.518416 0.334445 -36.631 0.505019 0.852757 -0.133392 10.2225 -0.354347 0.0639129 -0.93295 1.59625
-0.759688 0.549799 0.347337 -36.8275 0.541335 0.830601 -0.130755 10.383 -0.360378 0.0886861 -0.928609 1.46559
-0.729865 0.580426 0.361172 -37.0523 0.577747 0.806138 -0.127995 10.5302 -0.365441 0.115242 -0.923697 1.34862
-0.70077 0.607109 0.374685 -37.2756 0.610221 0.782162 -0.126056 10.6919 -0.369585 0.140297 -0.918573 1.2143
-0.672389 0.630434 0.387929 -37.5155 0.639133 0.758826 -0.125399 10.8232 -0.373423 0.163616 -0.913143 1.1162
-0.644523 0.651403 0.400391 -37.7529 0.666045 0.735488 -0.124418 10.9504 -0.375519 0.18648 -0.907888 0.992836
-0.618649 0.66934 0.411462 -37.9768 0.689502 0.713591 -0.124137 11.0663 -0.376702 0.2069 -0.902959 0.876823
-0.595304 0.684509 0.420845 -38.147 0.709563 0.693597 -0.12443 11.2259 -0.377061 0.224534 -0.898588 0.703929
-0.574162 0.697049 0.429541 -38.2771 0.726539 0.675638 -0.125261 11.387 -0.377524 0.24015 -0.894343 0.498174
-0.568298 0.697886 0.435939 -38.36 0.728799 0.672859 -0.127087 11.5428 -0.382009 0.24548 -0.890989 0.266714
-0.564625 0.697471 0.441335 -38.4053 0.729636 0.671748 -0.128147 11.67 -0.385841 0.249651 -0.888171 0.0229288
-0.562501 0.697051 0.444706 -38.4223 0.729347 0.67166 -0.130246 11.7722 -0.38947 0.251072 -0.886187 -0.213416
-0.559951 0.697656 0.446963 -38.4028 0.730262 0.670406 -0.131564 11.8758 -0.39143 0.252723 -0.884851 -0.49776
-0.557708 0.698453 0.448528 -38.3947 0.731313 0.669068 -0.132547 11.9363 -0.392664 0.254082 -0.883917 -0.736331
-0.556782 0.698576 0.449479 -38.3736 0.731102 0.668987 -0.134103 11.9899 -0.394373 0.25394 -0.883195 -0.969824
-0.55684 0.698539 0.449471 -38.3333 0.730774 0.669224 -0.134718 12.0321 -0.394893 0.253436 -0.88311 -1.20964
-0.556582 0.699181 0.448785 -38.2863 0.731006 0.668829 -0.13541 12.0801 -0.394832 0.252689 -0.883349 -1.45591
-0.5576 0.699312 0.447323 -38.2349 0.730549 0.669281 -0.135652 12.1202 -0.394238 0.251142 -0.884057 -1.69387
-0.558402 0.700123 0.445041 -38.1672 0.730482 0.669229 -0.136262 12.1727 -0.39323 0.248997 -0.88511 -1.93831
-0.559093 0.701487 0.442022 -38.0942 0.730909 0.668677 -0.136691 12.2319 -0.391448 0.246645 -0.88656 -2.19082
-0.560469 0.702302 0.438968 -38.0099 0.730559 0.668908 -0.137418 12.2959 -0.390134 0.243666 -0.88796 -2.43824
-0.562408 0.702419 0.436301 -37.9323 0.730079 0.669554 -0.13684 12.3384 -0.388236 0.241564 -0.889366 -2.66808
-0.564411 0.702712 0.433224 -37.8512 0.729667 0.670104 -0.136326 12.3829 -0.386099 0.239157 -0.890944 -2.89619
-0.566242 0.703144 0.430131 -37.752 0.729063 0.670702 -0.136635 12.4521 -0.384555 0.236215 -0.892398 -3.14286
-0.568077 0.703504 0.427104 -37.6539 0.728454 0.671313 -0.136866 12.5204 -0.383002 0.233367 -0.893812 -3.389
-0.569384 0.703816 0.424852 -37.5565 0.728342 0.671541 -0.136358 12.589 -0.381267 0.231788 -0.894966 -3.63539
-0.571565 0.702911 0.423412 -37.4517 0.726995 0.673069 -0.136003 12.6697 -0.380579 0.230075 -0.895699 -3.90491
-0.576416 0.699362 0.422721 -37.3486 0.722816 0.677656 -0.135509 12.7501 -0.381219 0.22743 -0.896104 -4.16954
-0.580197 0.696264 0.422655 -37.2282 0.71942 0.681379 -0.134899 12.846 -0.381908 0.22579 -0.896223 -4.43938
-0.582525 0.694045 0.423108 -37.1075 0.717247 0.683807 -0.134187 12.9426 -0.382447 0.225296 -0.896119 -4.70821
-0.584083 0.691854 0.42454 -36.9902 0.715414 0.685866 -0.133461 13.0341 -0.383508 0.225762 -0.895548 -4.9669
-0.584193 0.69052 0.426562 -36.873 0.715021 0.686537 -0.132116 13.1236 -0.38407 0.22781 -0.894789 -5.21775
-0.583509 0.689566 0.42903 -36.7537 0.715282 0.686547 -0.130637 13.2046 -0.384627 0.230641 -0.893823 -5.45983
-0.581879 0.689043 0.432076 -36.6226 0.715801 0.686098 -0.130159 13.3167 -0.386122 0.233534 -0.892426 -5.72563
-0.579553 0.688755 0.435644 -36.5015 0.717039 0.685004 -0.129095 13.4165 -0.387328 0.237547 -0.890843 -5.97606
-0.576385 0.68892 0.439573 -36.3771 0.718887 0.68324 -0.128167 13.5182 -0.388621 0.24212 -0.889047 -6.228
-0.572955 0.689426 0.443243 -36.2542 0.721173 0.681031 -0.12707 13.6195 -0.389463 0.24684 -0.887379 -6.47655
-0.569121 0.690153 0.44704 -36.1299 0.723788 0.678458 -0.125971 13.7226 -0.390227 0.251859 -0.885631 -6.72229
-0.565015 0.69118 0.450641 -36.0125 0.726494 0.675659 -0.12543 13.8248 -0.39117 0.256509 -0.883879 -6.95614
-0.560988 0.691822 0.454675 -35.8787 0.729194 0.672962 -0.12426 13.9289 -0.391936 0.261828 -0.881978 -7.21506
-0.557804 0.692074 0.458192 -35.7492 0.731428 0.670806 -0.122778 14.0201 -0.392324 0.266639 -0.880363 -7.45857
-0.554418 0.692913 0.461029 -35.616 0.734144 0.668106 -0.121281 14.1169 -0.392044 0.271212 -0.87909 -7.70712
-0.552009 0.692713 0.464203 -35.4874 0.73552 0.666761 -0.12034 14.2186 -0.392869 0.274992 -0.877545 -7.95448
-0.550954 0.692127 0.46633 -35.343 0.736041 0.666357 -0.119392 14.3236 -0.393368 0.277448 -0.876548 -8.21516
-0.549931 0.692476 0.467016 -35.208 0.736621 0.665672 -0.11964 14.4284 -0.393723 0.27821 -0.876148 -8.45603
-0.549628 0.692365 0.467541 -35.0749 0.736905 0.665446 -0.119146 14.5259 -0.393606 0.279036 -0.875937 -8.69733
-0.548911 0.693043 0.467376 -34.9401 0.737479 0.664735 -0.119564 14.6286 -0.393539 0.27904 -0.875967 -8.93339
-0.548911 0.693903 0.466102 -34.8073 0.737987 0.664155 -0.119647 14.7198 -0.392579 0.278291 -0.876636 -9.16585
-0.549576 0.694745 0.464057 -34.6866 0.738129 0.663959 -0.119867 14.8108 -0.391387 0.276648 -0.877688 -9.38496
-0.554325 0.693167 0.460759 -34.569 0.734885 0.667509 -0.120079 14.893 -0.390786 0.272032 -0.879397 -9.59146
-0.559841 0.691361 0.456785 -34.4531 0.730957 0.671688 -0.120761 14.9761 -0.390301 0.266273 -0.881374 -9.79339
-0.566995 0.688588 0.452128 -34.3413 0.72581 0.67718 -0.121127 15.0494 -0.38957 0.25947 -0.883723 -9.98468
-0.573876 0.686075 0.447237 -34.2452 0.719859 0.682983 -0.124029 15.1369 -0.390543 0.250761 -0.885806 -10.166
-0.582168 0.683131 0.440988 -34.1419 0.713318 0.689405 -0.126264 15.2136 -0.390264 0.241047 -0.888621 -10.3434
-0.591241 0.679496 0.434482 -34.0459 0.705649 0.696691 -0.129331 15.2878 -0.390574 0.230116 -0.891378 -10.5157
-0.60096 0.6751 0.427957 -33.9523 0.697025 0.704673 -0.13281 15.3573 -0.39122 0.218472 -0.894023 -10.6794
-0.610826 0.670734 0.420788 -33.8625 0.687797 0.712753 -0.137707 15.4286 -0.392277 0.205293 -0.896678 -10.8356
-0.621799 0.665341 0.413218 -33.7666 0.677884 0.721443 -0.14156 15.4855 -0.392289 0.192081 -0.899598 -10.9883
-0.632624 0.659325 0.406365 -33.6821 0.667138 0.730416 -0.14651 15.5461 -0.393408 0.178408 -0.90192 -11.1278
-0.643944 0.652469 0.399602 -33.5996 0.655346 0.739902 -0.152036 15.6028 -0.394855 0.163965 -0.90403 -11.263
-0.655144 0.644657 0.394033 -33.5236 0.642531 0.749756 -0.158328 15.6561 -0.39749 0.149443 -0.905389 -11.3929
-0.665442 0.637771 0.387939 -33.448 0.630204 0.758513 -0.16598 15.7112 -0.400103 0.134022 -0.906654 -11.5073
-0.67611 0.629716 0.382611 -33.3773 0.616763 0.767765 -0.173745 15.7582 -0.403159 0.118502 -0.907458 -11.609
-0.68663 0.620826 0.378387 -33.3085 0.602438 0.777186 -0.181937 15.8039 -0.407017 0.103022 -0.907629 -11.7115
-0.696221 0.611545 0.375962 -33.2489 0.587916 0.786266 -0.190233 15.8439 -0.411935 0.0885836 -0.906931 -11.8162
-0.705163 0.602381 0.374092 -33.1899 0.573334 0.794798 -0.199081 15.8796 -0.417239 0.0740865 -0.905809 -11.9066
-0.71294 0.592641 0.374903 -33.1417 0.557791 0.803253 -0.209047 15.9158 -0.425025 0.0600731 -0.90322 -11.9991
-0.720188 0.582912 0.376305 -33.0927 0.542248 0.811243 -0.218865 15.9433 -0.432841 0.0464194 -0.900312 -12.0734
-0.72659 0.572964 0.37926 -33.0497 0.526016 0.818956 -0.22949 15.9752 -0.442079 0.0327459 -0.896413 -12.1336
-0.732431 0.560082 0.387191 -33.0093 0.509397 0.828074 -0.234221 15.9992 -0.451792 0.0256756 -0.891792 -12.1866
-0.736388 0.547801 0.397124 -32.9663 0.492804 0.836423 -0.239976 16.0276 -0.463613 0.0189837 -0.88587 -12.2546
-0.738802 0.535893 0.408722 -32.9198 0.475544 0.844239 -0.247325 16.0596 -0.477584 0.0116342 -0.878548 -12.3416
-0.740597 0.524331 0.420302 -32.8656 0.458742 0.851531 -0.253967 16.0869 -0.491054 0.0047182 -0.871154 -12.4206
-0.740525 0.513184 0.433968 -32.8131 0.441525 0.858309 -0.261559 16.117 -0.506692 -0.00209038 -0.862164 -12.5149
-0.739549 0.502344 0.448085 -32.7533 0.42331 0.864634 -0.270676 16.1511 -0.523391 -0.0105042 -0.852065 -12.6232
-0.739595 0.492159 0.459177 -32.6811 0.406032 0.870314 -0.278828 16.183 -0.53684 -0.0197852 -0.843493 -12.6913
-0.737298 0.482912 0.472495 -32.6079 0.388729 0.875231 -0.287943 16.2168 -0.552581 -0.0286315 -0.833006 -12.7948
-0.733644 0.474476 0.486523 -32.5353 0.371851 0.879524 -0.297016 16.2533 -0.568818 -0.0369953 -0.821674 -12.9079
-0.729683 0.466587 0.499921 -32.4562 0.355469 0.883345 -0.305605 16.2868 -0.584182 -0.0452924 -0.810398 -13.0175
-0.726006 0.459971 0.511282 -32.3612 0.339773 0.886271 -0.314855 16.3219 -0.597939 -0.0548714 -0.799706 -13.1242
-0.721643 0.45388 0.522769 -32.2649 0.324141 0.888755 -0.324188 16.3618 -0.611743 -0.0645005 -0.788464 -13.2379
-0.716862 0.448601 0.533792 -32.16 0.308868 0.890667 -0.333719 16.3983 -0.625117 -0.0743642 -0.777027 -13.3627
-0.712229 0.444101 0.543661 -32.0403 0.294212 0.892013 -0.343226 16.4336 -0.637366 -0.084507 -0.765957 -13.4928
-0.707832 0.440142 0.552556 -31.9111 0.280673 0.893036 -0.351805 16.4624 -0.648274 -0.0939345 -0.755638 -13.6203
-0.703449 0.436113 0.561275 -31.7744 0.26763 0.894064 -0.359271 16.4822 -0.658484 -0.102517 -0.745625 -13.749
-0.698911 0.433191 0.569156 -31.6226 0.255188 0.89441 -0.367379 16.5007 -0.668181 -0.111526 -0.735642 -13.8774
-0.695047 0.430524 0.575868 -31.4593 0.243819 0.894609 -0.37454 16.5094 -0.676409 -0.119918 -0.726746 -13.9962
-0.691552 0.427856 0.582036 -31.2813 0.234558 0.895087 -0.379287 16.4941 -0.683231 -0.125778 -0.71934 -14.1111
-0.688214 0.424957 0.588079 -31.0943 0.22593 0.895766 -0.382899 16.4697 -0.689481 -0.130654 -0.712471 -14.2292
-0.680652 0.427883 0.594727 -30.8996 0.226677 0.894922 -0.384434 16.4489 -0.696704 -0.126857 -0.706105 -14.3469
-0.675776 0.429807 0.598881 -30.6908 0.227212 0.894338 -0.385469 16.4305 -0.701264 -0.124419 -0.702012 -14.4544
-0.67218 0.430846 0.602178 -30.478 0.227327 0.894101 -0.385957 16.4102 -0.704673 -0.122543 -0.698924 -14.566
-0.669709 0.431771 0.60426 -30.2614 0.22713 0.893744 -0.386894 16.3948 -0.707086 -0.121863 -0.696599 -14.6774
-0.667904 0.431929 0.606146 -30.0373 0.227169 0.893852 -0.386628 16.377 -0.708778 -0.120536 -0.695111 -14.7965
-0.667535 0.431353 0.606958 -29.8054 0.226262 0.8941 -0.38658 16.3616 -0.709418 -0.120726 -0.694424 -14.9174
-0.667927 0.4302 0.60735 -29.5694 0.226184 0.894782 -0.385051 16.3437 -0.709072 -0.119816 -0.694937 -15.0358
-0.668478 0.429559 0.607193 -29.3305 0.226027 0.895098 -0.384403 16.334 -0.708604 -0.119725 -0.695427 -15.1626
-0.67019 0.428402 0.606128 -29.0819 0.226605 0.89575 -0.382547 16.3205 -0.706799 -0.11903 -0.697383 -15.2832
-0.671978 0.427459 0.604809 -28.828 0.22608 0.896061 -0.382122 16.3179 -0.70527 -0.120044 -0.698754 -15.4143
-0.674173 0.426194 0.603261 -28.5692 0.225759 0.896574 -0.381116 16.316 -0.703273 -0.120749 -0.700645 -15.5477
-0.676281 0.425166 0.601622 -28.3204 0.225423 0.896931 -0.380468 16.3215 -0.701357 -0.121685 -0.7024 -15.6822
-0.677121 0.425092 0.600733 -28.0901 0.225515 0.896906 -0.380479 16.3285 -0.700515 -0.122158 -0.70316 -15.8281
-0.678516 0.424689 0.599438 -27.8676 0.225873 0.897065 -0.379885 16.3438 -0.69905 -0.122363 -0.704579 -15.9672
-0.680248 0.423912 0.598028 -27.6546 0.226209 0.897429 -0.378832 16.3591 -0.697255 -0.122423 -0.706348 -16.1106
-0.68039 0.423581 0.598096 -27.4592 0.226266 0.897627 -0.378319 16.3775 -0.697098 -0.122077 -0.70656 -16.2673
-0.680249 0.425154 0.597147 -27.276 0.227146 0.896806 -0.379747 16.4108 -0.69695 -0.122685 -0.706605 -16.4315
-0.679491 0.426057 0.59736 -27.11 0.227239 0.896327 -0.380813 16.4456 -0.69766 -0.123018 -0.705842 -16.6033
-0.677813 0.427897 0.597958 -26.9603 0.22835 0.895542 -0.382002 16.4823 -0.698928 -0.122383 -0.704701 -16.7688
-0.675101 0.429869 0.599602 -26.8398 0.229085 0.894705 -0.38351 16.5278 -0.701309 -0.12155 -0.702474 -16.9503
-0.669587 0.434862 0.602187 -26.7349 0.231894 0.892598 -0.38673 16.583 -0.705659 -0.119307 -0.698495 -17.1289
-0.66407 0.438815 0.605414 -26.6551 0.233943 0.890985 -0.389198 16.6393 -0.710182 -0.116825 -0.694314 -17.3
-0.658208 0.444213 0.60788 -26.581 0.236128 0.888482 -0.393586 16.7034 -0.7149 -0.115526 -0.689678 -17.4739
-0.651963 0.448612 0.611363 -26.5232 0.23826 0.886607 -0.396507 16.7586 -0.719899 -0.112846 -0.684902 -17.6442
-0.644598 0.453332 0.615683 -26.4835 0.239838 0.884532 -0.400185 16.8168 -0.725982 -0.110296 -0.678875 -17.8019
-0.636219 0.459684 0.619669 -26.4495 0.241626 0.881468 -0.405819 16.8809 -0.732749 -0.108464 -0.67186 -17.9554
-0.628995 0.463871 0.623917 -26.4172 0.242855 0.8796 -0.409136 16.9312 -0.738556 -0.105825 -0.665899 -18.1031
-0.621272 0.468335 0.628297 -26.4008 0.242964 0.877394 -0.413772 16.9892 -0.745029 -0.104413 -0.65887 -18.2437
-0.613185 0.473858 0.632097 -26.382 0.243754 0.874601 -0.419194 17.0453 -0.751444 -0.102969 -0.651778 -18.3791
-0.605806 0.478453 0.635733 -26.3706 0.24351 0.872172 -0.424357 17.0983 -0.757483 -0.102272 -0.644858 -18.5053
-0.59823 0.482979 0.639482 -26.3621 0.243763 0.869861 -0.42894 17.1495 -0.763402 -0.100725 -0.63809 -18.6264
-0.590797 0.486934 0.643374 -26.3547 0.243938 0.867869 -0.432847 17.1946 -0.769113 -0.0987838 -0.631499 -18.741
-0.583793 0.490656 0.646937 -26.3517 0.244369 0.866022 -0.4363 17.2348 -0.774308 -0.0966193 -0.62546 -18.8492
-0.57847 0.493532 0.64952 -26.3474 0.244114 0.864486 -0.439469 17.276 -0.778372 -0.0956645 -0.62054 -18.9482
-0.573815 0.495643 0.652044 -26.3454 0.24333 0.863353 -0.442132 17.3161 -0.782055 -0.0950421 -0.615991 -19.043
-0.569583 0.497597 0.654254 -26.3471 0.243986 0.862444 -0.443534 17.3479 -0.784938 -0.0930028 -0.612624 -19.1284
-0.567096 0.499164 0.655228 -26.3463 0.243773 0.861562 -0.44537 17.3831 -0.786804 -0.0928431 -0.610252 -19.2057
-0.566713 0.499303 0.655447 -26.3458 0.244471 0.861573 -0.444957 17.4081 -0.786863 -0.0919274 -0.610313 -19.2728
-0.568242 0.498282 0.654907 -26.3449 0.244113 0.86211 -0.444122 17.4365 -0.785872 -0.0924993 -0.611505 -19.3313
-0.570842 0.49661 0.653908 -26.3469 0.244595 0.863084 -0.441952 17.4593 -0.783834 -0.0923438 -0.614136 -19.3846
-0.574838 0.493772 0.652562 -26.3448 0.244954 0.864729 -0.438533 17.4773 -0.780796 -0.0922398 -0.618011 -19.433
-0.580692 0.489424 0.650645 -26.3431 0.245162 0.867191 -0.433517 17.4925 -0.776386 -0.0922287 -0.623542 -19.4725
-0.58745 0.484519 0.648252 -26.3444 0.245433 0.86995 -0.427809 17.5034 -0.7712 -0.0922161 -0.629949 -19.5102
-0.595505 0.479095 0.64492 -26.3436 0.245692 0.8729 -0.421597 17.5147 -0.764914 -0.0926132 -0.637508 -19.5376
-0.604395 0.473401 0.640848 -26.3439 0.245841 0.875924 -0.415199 17.5246 -0.757861 -0.0933997 -0.645765 -19.557
-0.613988 0.467017 0.636391 -26.3434 0.245382 0.879206 -0.40847 17.5307 -0.75026 -0.0946383 -0.654401 -19.5696
-0.62379 0.460626 0.631504 -26.345 0.245469 0.882508 -0.401241 17.5353 -0.742102 -0.0952775 -0.663549 -19.574
-0.633728 0.453546 0.626709 -26.348 0.244777 0.88607 -0.393734 17.5342 -0.733864 -0.0961182 -0.672527 -19.5744
-0.643291 0.447031 0.621633 -26.3478 0.244442 0.889315 -0.38657 17.5346 -0.725609 -0.0967253 -0.681341 -19.5778
-0.6526 0.440466 0.616591 -26.3495 0.24303 0.892404 -0.380281 17.5378 -0.717729 -0.0983221 -0.68941 -19.5816
-0.661359 0.434133 0.611736 -26.3499 0.241786 0.895383 -0.374032 17.5376 -0.710091 -0.099462 -0.697115 -19.5891
-0.668873 0.428777 0.607323 -26.3543 0.240782 0.89785 -0.368718 17.5409 -0.703362 -0.100394 -0.70377 -19.5938
-0.675958 0.423456 0.603203 -26.3556 0.239195 0.90023 -0.363928 17.5434 -0.697102 -0.101719 -0.709784 -19.5968
-0.681626 0.419099 0.599853 -26.3583 0.237386 0.902075 -0.360516 17.5459 -0.692183 -0.103341 -0.714347 -19.6004
