1 0 0 0 0 1 0 0 0 0 1 0
0.99974 0.0193483 0.0120808 -0.00287026 -0.0193181 0.99981 -0.00260937 0.054323 -0.012129 0.00237536 0.999924 -0.10518
0.998836 0.0408603 0.025651 -0.0979366 -0.0406802 0.999144 -0.00750381 0.0982832 -0.0259356 0.00645166 0.999643 -0.181474
0.997125 0.0642831 0.0401518 -0.211445 -0.0638011 0.997876 -0.0131686 0.120227 -0.040913 0.0105691 0.999107 -0.226511
0.994537 0.0891196 0.0543707 -0.316071 -0.0882212 0.995926 -0.0187131 0.134879 -0.0558168 0.0138144 0.998346 -0.251549
0.991024 0.114698 0.0686827 -0.410749 -0.11322 0.993255 -0.0250463 0.144956 -0.0710922 0.0170454 0.997325 -0.276282
0.98647 0.140872 0.0838801 -0.500565 -0.138622 0.989825 -0.03211 0.155922 -0.0875499 0.0200481 0.995959 -0.29403
0.980989 0.167324 0.0983221 -0.57784 -0.164222 0.985657 -0.0388987 0.161675 -0.10342 0.0220128 0.994395 -0.307327
0.974711 0.193362 0.112042 -0.642571 -0.189195 0.980824 -0.0468081 0.169176 -0.118944 0.0244269 0.992602 -0.321564
0.967538 0.219139 0.125907 -0.703048 -0.213827 0.975355 -0.0544308 0.172478 -0.134732 0.0257418 0.990549 -0.334545
0.959761 0.243959 0.139092 -0.752981 -0.237491 0.969435 -0.0616004 0.171808 -0.149869 0.0260889 0.988363 -0.34849
0.951732 0.267128 0.151168 -0.791346 -0.259394 0.963295 -0.069128 0.170773 -0.164085 0.0265796 0.986089 -0.362149
0.943274 0.289104 0.16327 -0.827794 -0.280111 0.956943 -0.0761603 0.168872 -0.178258 0.0261066 0.983639 -0.365611
0.93513 0.308864 0.173604 -0.850875 -0.298534 0.950747 -0.0834268 0.168827 -0.190821 0.0261885 0.981277 -0.373291
0.927688 0.325579 0.182754 -0.863815 -0.31411 0.945172 -0.0893698 0.164802 -0.20183 0.0255029 0.97909 -0.375791
0.921145 0.339439 0.190464 -0.867889 -0.32676 0.940279 -0.0954195 0.163841 -0.211478 0.0256594 0.977047 -0.379556
0.915832 0.349968 0.196926 -0.877383 -0.336198 0.936404 -0.100603 0.16244 -0.21961 0.0259295 0.975244 -0.385534
0.913723 0.352586 0.20199 -0.89176 -0.337865 0.935387 -0.104409 0.15868 -0.225752 0.0271562 0.973808 -0.390465
0.912738 0.353063 0.205578 -0.911522 -0.337534 0.935161 -0.10746 0.158345 -0.230188 0.0286937 0.972725 -0.394606
0.912124 0.353302 0.207878 -0.937485 -0.337414 0.935061 -0.108697 0.155061 -0.232781 0.0290051 0.972098 -0.401499
0.911989 0.353279 0.208508 -0.969934 -0.337394 0.935079 -0.108605 0.154566 -0.233339 0.0286974 0.971974 -0.400538
0.916678 0.342203 0.206411 -0.999962 -0.326382 0.939111 -0.107454 0.151845 -0.230614 0.0311316 0.972549 -0.417424
0.923052 0.3267 0.203094 -1.04103 -0.311251 0.944536 -0.104778 0.148881 -0.22606 0.0335028 0.973539 -0.430487
0.930725 0.307519 0.197962 -1.08594 -0.292666 0.950856 -0.101106 0.146603 -0.219325 0.0361657 0.974983 -0.445001
0.939621 0.283935 0.191049 -1.13378 -0.269908 0.958052 -0.0963868 0.142685 -0.210402 0.0390018 0.976839 -0.468084
0.948741 0.257269 0.1836 -1.18937 -0.244308 0.965473 -0.0904264 0.138071 -0.200525 0.0409366 0.978835 -0.48984
0.957775 0.228577 0.17443 -1.24761 -0.216669 0.972561 -0.084762 0.136042 -0.189018 0.0433896 0.981016 -0.517428
0.966747 0.19625 0.163992 -1.30302 -0.185732 0.979554 -0.0773321 0.131696 -0.175815 0.0443024 0.983428 -0.544781
0.974837 0.1626 0.152513 -1.36346 -0.153352 0.985646 -0.0706378 0.131781 -0.161809 0.0454727 0.985776 -0.587862
0.981918 0.127556 0.139902 -1.42183 -0.119734 0.990806 -0.0630067 0.12948 -0.146653 0.0451167 0.988161 -0.630776
0.987825 0.0913008 0.125987 -1.47384 -0.0848479 0.99484 -0.0556831 0.133507 -0.13042 0.0443159 0.990471 -0.688488
0.992226 0.0553021 0.111522 -1.52535 -0.0501531 0.997567 -0.04846 0.140459 -0.113931 0.0424906 0.992582 -0.758104
0.995017 0.0197679 0.0977677 -1.57654 -0.0157359 0.999003 -0.0418469 0.156546 -0.098497 0.0401004 0.994332 -0.826747
0.99628 -0.0142302 0.0850469 -1.6311 0.0173467 0.999202 -0.0360203 0.177968 -0.0844664 0.0373621 0.995728 -0.905152
0.996337 -0.0470407 0.0714703 -1.67297 0.0492529 0.998353 -0.0295201 0.203003 -0.0699636 0.0329327 0.997009 -0.985433
0.995256 -0.0771932 0.0592857 -1.7184 0.0786861 0.996629 -0.0232726 0.230443 -0.0572894 0.0278277 0.997973 -1.07154
0.993377 -0.10479 0.0472342 -1.75784 0.105681 0.994262 -0.0168072 0.258725 -0.0452016 0.0216884 0.998746 -1.16832
0.990953 -0.129065 0.0369146 -1.79958 0.129558 0.991509 -0.0112906 0.293795 -0.0351438 0.0159717 0.999258 -1.2666
0.988335 -0.149873 0.0272477 -1.83488 0.15009 0.988657 -0.00610198 0.334193 -0.0260239 0.0101212 0.999613 -1.37004
0.985798 -0.16675 0.020102 -1.87294 0.166788 0.985995 -0.000228824 0.375507 -0.0197822 0.00357905 0.999801 -1.46114
0.983953 -0.177819 0.0151056 -1.91324 0.177742 0.984061 0.00621972 0.414361 -0.0159706 -0.00343407 0.999871 -1.57139
0.982856 -0.184032 0.0116163 -1.95053 0.183891 0.982873 0.0121831 0.45522 -0.0136593 -0.00983722 0.999862 -1.68957
0.982659 -0.185125 0.0110368 -1.9985 0.184926 0.982611 0.0169143 0.502713 -0.0139759 -0.0145791 0.999801 -1.80468
0.983284 -0.181683 0.0123712 -2.04244 0.181355 0.983133 0.023787 0.532471 -0.016484 -0.0211449 0.999645 -1.93243
0.984497 -0.174712 0.0159318 -2.06957 0.174204 0.984286 0.029029 0.559817 -0.0207529 -0.0258026 0.999457 -2.06713
0.986385 -0.163032 0.0217857 -2.07798 0.162237 0.986159 0.0342725 0.57774 -0.0270716 -0.0302704 0.99918 -2.2085
0.988586 -0.147798 0.02944 -2.06602 0.146581 0.988399 0.0399006 0.589809 -0.0349954 -0.0351287 0.998776 -2.36109
0.990812 -0.129703 0.0384589 -2.04222 0.128049 0.99085 0.0427272 0.611103 -0.0436487 -0.0374089 0.998352 -2.51881
0.9929 -0.107805 0.0504069 -2.01829 0.10548 0.993329 0.0466989 0.628703 -0.0551047 -0.0410493 0.997643 -2.67339
0.994431 -0.0832558 0.0647051 -1.99572 0.0800747 0.995523 0.0502905 0.643881 -0.0686022 -0.0448279 0.996642 -2.83557
0.9952 -0.0576723 0.0791539 -1.96571 0.053616 0.997189 0.0524413 0.663554 -0.0819554 -0.0479443 0.995488 -3.00164
0.994983 -0.0297347 0.095592 -1.94332 0.0246644 0.998251 0.0537875 0.680297 -0.097024 -0.0511586 0.993972 -3.17473
0.993593 -0.000704068 0.113082 -1.92575 -0.00547988 0.998512 0.0543613 0.697585 -0.112951 -0.0546313 0.992104 -3.35071
0.991133 0.0292189 0.129665 -1.90684 -0.0365281 0.997857 0.0543513 0.710759 -0.127799 -0.0586045 0.990073 -3.53265
0.987309 0.0597555 0.147188 -1.89816 -0.0680045 0.996352 0.051658 0.727926 -0.143563 -0.0610104 0.987765 -3.72184
0.982029 0.0904018 0.165706 -1.90696 -0.0994287 0.993938 0.0469959 0.7466 -0.160452 -0.0626259 0.985062 -3.91356
0.975263 0.121542 0.184675 -1.93997 -0.131042 0.990572 0.0400937 0.764306 -0.17806 -0.0633006 0.981989 -4.10964
0.966943 0.152373 0.20449 -2.01173 -0.16236 0.986187 0.0328831 0.772153 -0.196655 -0.0649958 0.978323 -4.29797
0.956707 0.183217 0.226183 -2.12181 -0.193637 0.980772 0.0245773 0.772451 -0.217331 -0.0673091 0.973782 -4.47363
0.945568 0.211724 0.247158 -2.24865 -0.222038 0.974937 0.0143003 0.765068 -0.237936 -0.0683991 0.968877 -4.64155
0.933342 0.239225 0.267694 -2.38816 -0.249217 0.968448 0.00346158 0.742508 -0.258419 -0.0699432 0.963505 -4.80426
0.919567 0.266433 0.28883 -2.53599 -0.275298 0.961308 -0.0102857 0.711516 -0.280394 -0.0700542 0.957332 -4.9649
0.905335 0.291059 0.309305 -2.67513 -0.298165 0.954189 -0.0251761 0.660167 -0.302462 -0.0694292 0.950637 -5.13603
0.890706 0.314162 0.328572 -2.789 -0.31868 0.946956 -0.0415412 0.591221 -0.324193 -0.0677067 0.943572 -5.32232
0.876111 0.335382 0.346361 -2.87251 -0.336503 0.939847 -0.05888 0.503448 -0.345272 -0.0649645 0.93626 -5.53025
0.867071 0.341274 0.362954 -2.9331 -0.336977 0.938341 -0.0772847 0.410587 -0.366949 -0.0552942 0.928604 -5.748
0.857725 0.347213 0.379169 -2.98616 -0.33722 0.936641 -0.094871 0.312871 -0.388083 -0.0464884 0.92046 -5.97957
0.848477 0.353469 0.393908 -3.03171 -0.337017 0.934719 -0.112828 0.225364 -0.408073 -0.0370202 0.912207 -6.21794
0.840011 0.359828 0.406109 -3.08155 -0.336062 0.932658 -0.131248 0.154337 -0.425985 -0.0262261 0.904359 -6.47791
0.83067 0.367014 0.418694 -3.15594 -0.334821 0.930105 -0.151033 0.12246 -0.444859 -0.0147275 0.895488 -6.7427
0.822584 0.375134 0.427374 -3.24611 -0.334888 0.92697 -0.169091 0.126551 -0.459592 -0.00402913 0.88813 -7.01145
0.814729 0.382676 0.435652 -3.35547 -0.334069 0.923865 -0.186769 0.162035 -0.473953 0.00662939 0.880534 -7.27776
0.807082 0.390189 0.443159 -3.47449 -0.333035 0.920585 -0.204026 0.217929 -0.487572 0.0170793 0.872926 -7.53289
0.800914 0.398674 0.44678 -3.588 -0.333171 0.916674 -0.220721 0.282766 -0.497546 0.0279254 0.866998 -7.78826
0.795934 0.405053 0.449934 -3.69762 -0.331553 0.91349 -0.23585 0.342263 -0.506538 0.0385455 0.861366 -8.02129
0.791266 0.411879 0.451966 -3.80506 -0.330403 0.909922 -0.250777 0.40004 -0.514541 0.0491007 0.856069 -8.26171
0.78804 0.418316 0.451693 -3.90163 -0.328951 0.906289 -0.265421 0.447094 -0.52039 0.0605787 0.851789 -8.50832
0.787034 0.422235 0.449794 -3.98396 -0.326468 0.903691 -0.277083 0.470967 -0.523467 0.0712304 0.849075 -8.75264
0.786878 0.426908 0.445639 -4.05025 -0.325151 0.900563 -0.288582 0.490096 -0.524521 0.0821801 0.847434 -9.0029
0.788666 0.429918 0.439541 -4.09572 -0.323741 0.898135 -0.29759 0.493021 -0.522704 0.0924022 0.847503 -9.25585
0.791486 0.43321 0.431162 -4.11858 -0.321915 0.895128 -0.30844 0.502907 -0.519561 0.105329 0.847928 -9.50119
0.80345 0.421454 0.420555 -4.11207 -0.304751 0.897916 -0.317629 0.503941 -0.511487 0.127034 0.849862 -9.73524
0.818369 0.405694 0.407071 -4.06967 -0.284945 0.901543 -0.325647 0.502962 -0.499101 0.150507 0.853386 -9.97149
0.833741 0.388095 0.392785 -4.00789 -0.263731 0.904846 -0.334241 0.510921 -0.485125 0.175081 0.856752 -10.1934
0.850739 0.367012 0.376255 -3.92083 -0.241013 0.908547 -0.341284 0.512455 -0.467097 0.199661 0.861381 -10.405
0.867691 0.345011 0.357915 -3.8217 -0.218022 0.911134 -0.349742 0.524101 -0.44677 0.225434 0.865794 -10.6002
0.885778 0.318966 0.337168 -3.7079 -0.193303 0.913971 -0.356805 0.529037 -0.421967 0.250874 0.871223 -10.7864
0.903429 0.29035 0.315495 -3.58857 -0.167247 0.916173 -0.364243 0.540723 -0.394804 0.276301 0.876249 -10.9557
0.920714 0.259163 0.291795 -3.45808 -0.141113 0.91817 -0.370232 0.544706 -0.363864 0.2997 0.881934 -11.1183
0.936506 0.226747 0.267519 -3.32889 -0.114986 0.919222 -0.376599 0.555424 -0.3313 0.321924 0.886922 -11.2746
0.950728 0.192245 0.243274 -3.20432 -0.0881428 0.919795 -0.382399 0.564893 -0.297274 0.342113 0.891411 -11.4255
0.963375 0.156007 0.218165 -3.07713 -0.0609163 0.919443 -0.388498 0.578454 -0.261197 0.360977 0.895264 -11.5663
0.973818 0.119385 0.193517 -2.96003 -0.0338366 0.917691 -0.395878 0.59763 -0.224848 0.378964 0.897695 -11.7011
0.982429 0.0819026 0.167785 -2.8571 -0.00745239 0.915139 -0.403092 0.616468 -0.18656 0.394756 0.899661 -11.8596
0.988694 0.0450653 0.143098 -2.78454 0.0178131 0.911817 -0.410238 0.628082 -0.148965 0.408148 0.900696 -12.0312
0.992938 0.00751609 0.118505 -2.72467 0.0429524 0.907683 -0.417475 0.626934 -0.110702 0.419614 0.900942 -12.1886
0.99513 -0.0288949 0.0943713 -2.66727 0.0665256 0.902697 -0.42513 0.622684 -0.0729037 0.429336 0.900214 -12.3407
0.995351 -0.0650784 0.0711965 -2.60124 0.089569 0.897495 -0.431854 0.612346 -0.035794 0.436219 0.899144 -12.4898
0.993835 -0.0994429 0.04928 -2.53446 0.110981 0.891558 -0.439126 0.606191 -0.000267803 0.441886 0.897088 -12.6329
0.990827 -0.132121 0.028859 -2.46593 0.13099 0.884577 -0.447643 0.60675 0.0336147 0.447313 0.893761 -12.7537
0.986674 -0.162478 0.0100173 -2.3996 0.149163 0.877756 -0.455326 0.605332 0.0651871 0.45075 0.890285 -12.8859
0.981618 -0.190798 -0.00712293 -2.33021 0.166009 0.871329 -0.461786 0.598676 0.0943136 0.45211 0.886978 -13.003
0.975885 -0.21722 -0.022133 -2.2663 0.181908 0.864922 -0.467809 0.590393 0.12076 0.4525 0.883569 -13.1137
0.969858 -0.241178 -0.0351877 -2.20479 0.196387 0.858784 -0.473225 0.583123 0.144349 0.452046 0.880254 -13.2244
0.963484 -0.263683 -0.0468687 -2.144 0.210058 0.852606 -0.478504 0.580163 0.166132 0.451184 0.876851 -13.3309
0.957153 -0.283814 -0.0577602 -2.08827 0.221967 0.846916 -0.483203 0.582285 0.186057 0.449674 0.873617 -13.4506
0.950991 -0.301864 -0.0672483 -2.03039 0.232796 0.841882 -0.486898 0.576505 0.203589 0.447379 0.870884 -13.546
0.945426 -0.31718 -0.074804 -1.97627 0.241943 0.836948 -0.49092 0.580182 0.218316 0.446026 0.868004 -13.6456
0.940023 -0.331271 -0.0815189 -1.92009 0.251401 0.834185 -0.490879 0.575275 0.230613 0.440942 0.867424 -13.7423
0.934976 -0.343996 -0.0867057 -1.86194 0.260283 0.83126 -0.491206 0.573941 0.241046 0.436693 0.866735 -13.8352
0.930693 -0.354363 -0.0909247 -1.8122 0.267537 0.828778 -0.491509 0.575444 0.249526 0.433116 0.866132 -13.9516
0.926672 -0.363914 -0.09422 -1.75512 0.274275 0.825944 -0.492557 0.576088 0.257067 0.430593 0.865182 -14.0551
0.923155 -0.371899 -0.0975024 -1.69602 0.279925 0.824012 -0.492622 0.574024 0.263545 0.427471 0.864785 -14.1694
0.919625 -0.379821 -0.100289 -1.62739 0.285928 0.822237 -0.492134 0.562969 0.269383 0.4239 0.864741 -14.2694
0.916987 -0.385743 -0.101837 -1.56696 0.290458 0.820482 -0.492417 0.564187 0.273498 0.421958 0.864403 -14.3837
0.914948 -0.390328 -0.102702 -1.50455 0.293961 0.818809 -0.493117 0.564015 0.276569 0.420982 0.863899 -14.4938
0.913163 -0.394559 -0.102417 -1.44337 0.297731 0.817187 -0.493551 0.565211 0.278426 0.420198 0.863687 -14.6102
0.911526 -0.398192 -0.10295 -1.37141 0.300874 0.816259 -0.493175 0.559756 0.28041 0.418562 0.863837 -14.7311
0.911115 -0.399787 -0.100373 -1.3249 0.302545 0.814006 -0.495877 0.58699 0.279946 0.42143 0.862595 -14.8726
0.910277 -0.401792 -0.0999735 -1.25387 0.304655 0.813483 -0.495436 0.584284 0.280387 0.420522 0.862891 -14.9962
0.909861 -0.402899 -0.0993071 -1.18635 0.306034 0.813159 -0.495124 0.590338 0.280234 0.420099 0.863152 -15.1364
0.910472 -0.401954 -0.0975203 -1.12194 0.306616 0.814158 -0.493112 0.588944 0.277603 0.419059 0.864502 -15.258
0.910864 -0.401587 -0.0953497 -1.05816 0.307866 0.814902 -0.491108 0.591242 0.27492 0.417973 0.865889 -15.3908
0.911533 -0.400202 -0.0947793 -0.988423 0.307341 0.815986 -0.489628 0.600326 0.273287 0.417178 0.866785 -15.5235
0.912181 -0.399039 -0.0934351 -0.927134 0.307939 0.81779 -0.486236 0.596683 0.270434 0.414759 0.868842 -15.6635
0.912909 -0.397719 -0.0919414 -0.874282 0.308223 0.819269 -0.483556 0.595955 0.267642 0.4131 0.870492 -15.8052
0.913529 -0.396769 -0.0898689 -0.831998 0.309334 0.820943 -0.479998 0.587852 0.264223 0.410689 0.872679 -15.9545
0.914033 -0.396026 -0.0880054 -0.807294 0.310241 0.822125 -0.477379 0.588743 0.261404 0.409032 0.874301 -16.1329
0.914568 -0.395492 -0.0847853 -0.796072 0.312078 0.823321 -0.474115 0.578409 0.257311 0.407146 0.876397 -16.3036
0.915498 -0.393864 -0.0822992 -0.790031 0.312584 0.824967 -0.470903 0.570063 0.253364 0.40538 0.878361 -16.4752
0.916253 -0.392266 -0.0815231 -0.780883 0.312314 0.826758 -0.467938 0.563772 0.250953 0.403285 0.880019 -16.6451
0.91702 -0.390928 -0.0792986 -0.78346 0.31282 0.82815 -0.465127 0.551866 0.2475 0.40172 0.881709 -16.8113
0.917595 -0.389882 -0.0777843 -0.786966 0.313083 0.829229 -0.463026 0.543622 0.245024 0.400513 0.882951 -16.9728
0.91817 -0.388775 -0.0765334 -0.793569 0.313275 0.830529 -0.460555 0.529799 0.242613 0.398887 0.884349 -17.1279
0.918818 -0.387459 -0.0754253 -0.799382 0.313253 0.831994 -0.457924 0.517401 0.240177 0.397117 0.885813 -17.2827
0.919158 -0.386777 -0.0747885 -0.806266 0.313423 0.833004 -0.455963 0.507597 0.238653 0.395656 0.886875 -17.4341
0.919329 -0.386622 -0.0734772 -0.816826 0.314253 0.833595 -0.454314 0.496826 0.236895 0.394568 0.887833 -17.5806
0.919452 -0.386412 -0.0730374 -0.825533 0.314419 0.833895 -0.453643 0.488175 0.236196 0.394134 0.88821 -17.723
0.919861 -0.385369 -0.0733936 -0.833279 0.313898 0.835254 -0.451502 0.47315 0.235295 0.392277 0.889273 -17.8622
0.919743 -0.385706 -0.0731148 -0.843342 0.314435 0.835295 -0.45105 0.462639 0.235042 0.391855 0.889524 -17.9968
0.919905 -0.385304 -0.0731817 -0.852895 0.314199 0.835705 -0.450458 0.447714 0.234719 0.391381 0.88982 -18.1386
0.920084 -0.384793 -0.0736264 -0.863546 0.31353 0.835898 -0.450564 0.433517 0.234916 0.391468 0.889728 -18.2846
0.920131 -0.384527 -0.0744205 -0.873851 0.312867 0.835937 -0.450955 0.418505 0.235613 0.391649 0.889466 -18.44
0.920012 -0.384407 -0.0764991 -0.879003 0.311896 0.836236 -0.451069 0.401834 0.237363 0.391124 0.889229 -18.5975
0.919946 -0.384231 -0.0781411 -0.888491 0.31071 0.835935 -0.452447 0.387318 0.239163 0.391943 0.888389 -18.7646
0.919489 -0.38516 -0.078959 -0.897902 0.310964 0.835314 -0.453416 0.368289 0.240591 0.392353 0.88782 -18.9431
0.919277 -0.385208 -0.081157 -0.903368 0.309952 0.835347 -0.45405 0.344405 0.242695 0.392237 0.8873 -19.1274
0.919121 -0.385398 -0.082024 -0.907809 0.309309 0.834656 -0.455752 0.320624 0.244105 0.393515 0.886344 -19.3117
0.919332 -0.384363 -0.0844719 -0.907066 0.306934 0.834653 -0.457364 0.293984 0.246296 0.394537 0.885286 -19.5061
0.919405 -0.383993 -0.0853667 -0.908452 0.30568 0.83402 -0.459352 0.265432 0.247583 0.39623 0.884168 -19.7086
0.91955 -0.383304 -0.0868762 -0.903163 0.303993 0.833759 -0.460945 0.235564 0.249113 0.397447 0.883194 -19.9239
0.919903 -0.382355 -0.0873269 -0.898278 0.302187 0.83292 -0.463639 0.208482 0.250009 0.400109 0.881735 -20.1393
0.920821 -0.380395 -0.0861897 -0.896037 0.300199 0.832292 -0.466055 0.178086 0.249017 0.403274 0.880577 -20.3638
0.921936 -0.377888 -0.0853077 -0.889723 0.297621 0.831865 -0.468461 0.152386 0.247988 0.406497 0.879381 -20.5971
0.923356 -0.374199 -0.0862008 -0.868819 0.293609 0.832669 -0.469566 0.126463 0.247485 0.408262 0.878708 -20.8438
0.925396 -0.369037 -0.0865761 -0.846812 0.288476 0.833813 -0.470713 0.109992 0.245896 0.410616 0.878054 -21.0944
0.927551 -0.363815 -0.0856184 -0.829856 0.283446 0.834047 -0.47335 0.119515 0.243619 0.414782 0.876732 -21.3512
0.930435 -0.356498 -0.085103 -0.818214 0.276802 0.835685 -0.47439 0.132369 0.240235 0.417827 0.876217 -21.6129
0.932991 -0.350225 -0.0831366 -0.822246 0.269996 0.833645 -0.481846 0.186634 0.238058 0.427106 0.872332 -21.852
0.936548 -0.341469 -0.0794949 -0.838136 0.262738 0.833699 -0.485747 0.232768 0.232139 0.434034 0.870504 -22.1099
0.94082 -0.330432 -0.0755854 -0.856049 0.254221 0.835337 -0.487465 0.274498 0.22421 0.439396 0.869895 -22.3839
0.945416 -0.318125 -0.0709162 -0.879746 0.245076 0.837291 -0.488792 0.32202 0.214871 0.444725 0.869541 -22.6694
0.950332 -0.30451 -0.0646924 -0.912388 0.235692 0.83956 -0.489515 0.370142 0.203373 0.449948 0.869622 -22.9657
0.955167 -0.289414 -0.0627642 -0.922062 0.223162 0.842756 -0.489896 0.411727 0.194675 0.45392 0.869547 -23.2453
0.960305 -0.273427 -0.0556183 -0.963929 0.212204 0.845103 -0.490723 0.458857 0.181178 0.459435 0.869569 -23.5323
0.965383 -0.255911 -0.0509013 -0.995191 0.199056 0.848461 -0.490438 0.496614 0.168694 0.463321 0.870017 -23.8084
0.970519 -0.237343 -0.0424623 -1.05489 0.186689 0.851165 -0.490616 0.54262 0.152585 0.468218 0.870372 -24.0964
0.975312 -0.217949 -0.0361884 -1.10937 0.172699 0.854247 -0.490384 0.575958 0.13779 0.472021 0.870784 -24.3741
0.980025 -0.197053 -0.0276049 -1.19306 0.158427 0.856701 -0.490922 0.600414 0.120385 0.476736 0.870798 -24.6416
0.984058 -0.176787 -0.0205714 -1.27911 0.144044 0.858986 -0.491359 0.613076 0.104534 0.480556 0.870743 -24.9003
0.987818 -0.155259 -0.0123497 -1.38055 0.129228 0.861296 -0.491436 0.613151 0.0869357 0.483846 0.870858 -25.1523
0.991102 -0.133176 -0.00527381 -1.4803 0.11341 0.863482 -0.491507 0.604831 0.0700086 0.486529 0.870887 -25.4073
0.993809 -0.111221 0.00413078 -1.59365 0.0988531 0.865039 -0.491911 0.596796 0.0511369 0.489267 0.870667 -25.6569
0.995984 -0.0889537 0.0121991 -1.69007 0.0833922 0.86615 -0.492821 0.584156 0.0332704 0.491853 0.870075 -25.8922
0.997626 -0.0655401 0.0221587 -1.79395 0.0679096 0.866491 -0.494594 0.57566 0.0132154 0.494917 0.868874 -26.1336
0.998617 -0.042864 0.0312018 -1.88746 0.0526935 0.867259 -0.495105 0.565364 -0.005839 0.496057 0.868304 -26.3831
0.99904 -0.0207689 0.0391216 -1.97431 0.0374491 0.867703 -0.495713 0.556788 -0.02365 0.496695 0.867638 -26.6283
0.998916 0.00133329 0.0470213 -2.05739 0.0221951 0.867972 -0.496162 0.548817 -0.0414755 0.496661 0.866988 -26.875
0.998306 0.0230216 0.0538385 -2.13114 0.00673968 0.868186 -0.496236 0.539755 -0.0581649 0.49575 0.866551 -27.1237
0.997347 0.0431073 0.0590385 -2.19779 -0.00820534 0.868544 -0.49559 0.528679 -0.0726414 0.493784 0.86658 -27.3688
0.995886 0.0625072 0.0659507 -2.27486 -0.0216861 0.868335 -0.495547 0.520629 -0.088241 0.49207 0.866108 -27.6132
0.993959 0.0835049 0.0715311 -2.34373 -0.0371497 0.867351 -0.496352 0.52005 -0.10349 0.49069 0.865201 -27.8508
0.991975 0.10125 0.0760165 -2.40956 -0.0504293 0.866691 -0.496334 0.514095 -0.116135 0.488509 0.864832 -28.0904
0.989847 0.118159 0.0792954 -2.46864 -0.0635458 0.865637 -0.496668 0.510216 -0.127326 0.48658 0.864343 -28.3256
0.987608 0.133252 0.0831866 -2.53093 -0.0750152 0.865348 -0.49557 0.502926 -0.138018 0.483181 0.86461 -28.564
0.985276 0.147195 0.0872403 -2.59597 -0.0852791 0.864465 -0.495452 0.494912 -0.148344 0.48071 0.864276 -28.794
0.982962 0.159752 0.0911583 -2.66062 -0.0943269 0.863313 -0.495819 0.489554 -0.157904 0.478765 0.863663 -29.022
0.98093 0.169981 0.094503 -2.72606 -0.101898 0.863077 -0.494734 0.480639 -0.165658 0.475662 0.863924 -29.2535
0.979218 0.17803 0.0973802 -2.79318 -0.107756 0.86284 -0.493903 0.470296 -0.17195 0.473137 0.864082 -29.4742
0.977794 0.185089 0.09853 -2.85252 -0.113304 0.861795 -0.494489 0.464295 -0.176436 0.472338 0.863614 -29.6922
0.976918 0.18927 0.0992672 -2.91047 -0.11694 0.862152 -0.493014 0.447838 -0.178893 0.470018 0.864375 -29.9157
0.976533 0.19148 0.0988268 -2.97033 -0.119263 0.86228 -0.492237 0.439307 -0.179468 0.468893 0.864865 -30.135
0.976591 0.191585 0.0980358 -3.03011 -0.119694 0.862105 -0.492435 0.434051 -0.178857 0.469165 0.864846 -30.3539
0.977199 0.189409 0.0961981 -3.08977 -0.118912 0.862939 -0.491166 0.42564 -0.176043 0.468522 0.86577 -30.5698
0.978525 0.183941 0.0932713 -3.14629 -0.115726 0.864062 -0.489948 0.421236 -0.170711 0.468624 0.866783 -30.7822
0.980452 0.17566 0.0889133 -3.19803 -0.110735 0.865426 -0.488696 0.413002 -0.162791 0.469291 0.867944 -30.9889
0.982821 0.1645 0.0839612 -3.25572 -0.103558 0.867273 -0.48699 0.405286 -0.152924 0.46992 0.869399 -31.1996
0.98553 0.150187 0.0788905 -3.31706 -0.0936187 0.869291 -0.485405 0.396323 -0.141479 0.470989 0.870755 -31.4035
0.988559 0.132545 0.0723197 -3.37968 -0.0814293 0.871345 -0.483914 0.393289 -0.127154 0.47248 0.872158 -31.6102
0.991736 0.111598 0.0636835 -3.43384 -0.0673885 0.87375 -0.481735 0.381087 -0.109403 0.473456 0.874032 -31.8091
0.994788 0.0864591 0.0544859 -3.49159 -0.0498442 0.875925 -0.479914 0.372202 -0.0892168 0.474689 0.875658 -32.0104
0.997392 0.0581595 0.0433065 -3.54583 -0.0304423 0.877903 -0.477922 0.362726 -0.0658143 0.475351 0.877367 -32.2128
0.999206 0.0263364 0.0306887 -3.60088 -0.00858874 0.879761 -0.475388 0.351077 -0.0395178 0.474738 0.879278 -32.4248
0.999826 -0.00855415 0.0180412 -3.6558 0.0160976 0.879844 -0.475043 0.341628 -0.0118104 0.475244 0.879811 -32.6075
0.998998 -0.0450809 0.00445232 -3.70999 0.0418059 0.879646 -0.473837 0.329626 0.0174445 0.473539 0.880638 -32.8056
0.996484 -0.0835183 -0.0097259 -3.76386 0.0690006 0.878378 -0.473014 0.318386 0.0480469 0.470673 0.881035 -32.998
0.992108 -0.123243 -0.0241036 -3.81752 0.0972734 0.875604 -0.473185 0.310159 0.0794212 0.467097 0.880671 -33.1892
0.985951 -0.162681 -0.0385558 -3.87012 0.125279 0.871617 -0.473961 0.302881 0.110708 0.462466 0.879735 -33.3763
0.978151 -0.201338 -0.0522753 -3.92159 0.152931 0.866414 -0.475384 0.291225 0.141003 0.456994 0.878263 -33.5468
0.968794 -0.238913 -0.0664028 -3.97439 0.179446 0.860301 -0.477215 0.286046 0.171136 0.450401 0.876308 -33.7245
0.958128 -0.275034 -0.0799818 -4.02595 0.204978 0.853444 -0.479238 0.27682 0.200064 0.442768 0.874073 -33.9001
0.946642 -0.308676 -0.0929475 -4.07746 0.228588 0.846066 -0.481634 0.270365 0.227304 0.434681 0.871464 -34.0723
0.934561 -0.340135 -0.104658 -4.13523 0.250656 0.83791 -0.484902 0.266763 0.252623 0.426929 0.868323 -34.2396
0.92258 -0.368154 -0.115592 -4.19042 0.269988 0.829899 -0.488289 0.268235 0.27569 0.41927 0.865028 -34.3978
0.911325 -0.392355 -0.124876 -4.26696 0.286842 0.822555 -0.491097 0.265435 0.295397 0.411721 0.862148 -34.5489
0.901351 -0.412457 -0.13228 -4.33068 0.301114 0.816199 -0.493155 0.264687 0.311367 0.404668 0.859861 -34.4534
0.8934 -0.427432 -0.138523 -4.33309 0.311223 0.811049 -0.495371 0.267467 0.324081 0.399445 0.857606 -34.2926
0.890645 -0.431573 -0.143349 -4.32848 0.312828 0.810239 -0.495685 0.265519 0.330066 0.39663 0.856626 -34.1428
0.889517 -0.432954 -0.146155 -4.31767 0.312772 0.810049 -0.496031 0.270235 0.333147 0.395506 0.855956 -33.9909
0.888979 -0.433516 -0.147761 -4.30266 0.312565 0.810063 -0.496139 0.273638 0.334774 0.394865 0.855614 -33.8433
0.8893 -0.433213 -0.146707 -4.28808 0.312679 0.809934 -0.496278 0.276716 0.333812 0.39546 0.855718 -33.7002
0.896477 -0.419765 -0.142061 -4.28628 0.303644 0.815341 -0.493023 0.262737 0.322777 0.398841 0.858376 -33.5717
0.906558 -0.399448 -0.136551 -4.27176 0.288325 0.822169 -0.490877 0.267379 0.308343 0.405629 0.860501 -33.4365
0.918877 -0.37305 -0.128662 -4.25749 0.26869 0.830266 -0.488382 0.269621 0.289009 0.414185 0.86313 -33.3
0.932946 -0.339452 -0.120155 -4.24306 0.243095 0.839903 -0.485305 0.275083 0.265653 0.423546 0.866089 -33.1689
0.947319 -0.301397 -0.10864 -4.23351 0.214991 0.849456 -0.481929 0.277444 0.237533 0.433176 0.869486 -33.0434
0.960963 -0.259461 -0.0963525 -4.2187 0.183682 0.858274 -0.479248 0.286884 0.207042 0.442832 0.872415 -32.9175
0.973562 -0.213241 -0.0822286 -4.21095 0.149554 0.866484 -0.476331 0.292656 0.172821 0.451432 0.875449 -32.8064
0.98406 -0.164818 -0.0671976 -4.19944 0.113823 0.872983 -0.474339 0.298762 0.136842 0.459119 0.877815 -32.6886
0.992202 -0.113861 -0.0512371 -4.19623 0.0763852 0.878165 -0.472275 0.304776 0.0987674 0.464671 0.879998 -32.5863
0.997527 -0.0615094 -0.03482 -4.1853 0.0379276 0.88153 -0.470659 0.309096 0.0596462 0.468164 0.881669 -32.4781
0.999816 -0.00906426 -0.0185095 -4.17237 -0.000726262 0.882091 -0.471135 0.318374 0.0205979 0.471054 0.881904 -32.3693
0.999102 0.0429958 -0.00203873 -4.16385 -0.0388896 0.881348 -0.470922 0.324713 -0.0184478 0.470568 0.882215 -32.2771
0.995424 0.0947845 0.014254 -4.15376 -0.0769007 0.878511 -0.471549 0.328821 -0.0572161 0.468288 0.881762 -32.1789
0.989212 0.143679 0.0295473 -4.1402 -0.112681 0.873284 -0.47406 0.336145 -0.0939111 0.465606 0.880039 -32.0705
0.98093 0.189564 0.0435593 -4.12925 -0.1464 0.867021 -0.476335 0.344021 -0.12806 0.460867 0.878222 -31.9835
0.971191 0.231639 0.0564773 -4.11693 -0.177155 0.859618 -0.479301 0.351378 -0.159568 0.455477 0.875875 -31.8913
0.960578 0.26979 0.0675282 -4.10147 -0.205301 0.851671 -0.482248 0.355634 -0.187613 0.449366 0.873467 -31.799
0.950009 0.302654 0.0770838 -4.09142 -0.229728 0.84438 -0.484049 0.358626 -0.211581 0.442133 0.871682 -31.7259
0.940108 0.330241 0.0848204 -4.08009 -0.250241 0.837256 -0.486247 0.361353 -0.23159 0.435892 0.869734 -31.6529
0.931659 0.351754 0.0913196 -4.07316 -0.265809 0.830929 -0.488834 0.365583 -0.247822 0.431144 0.867628 -31.5717
0.925709 0.366268 0.0946946 -4.06281 -0.277295 0.827203 -0.488771 0.369616 -0.257347 0.426195 0.867296 -31.506
0.922102 0.374821 0.096416 -4.05685 -0.28411 0.824735 -0.489029 0.376407 -0.262808 0.423532 0.866967 -31.4461
0.922106 0.374744 0.0966639 -4.05022 -0.28398 0.824872 -0.488871 0.375596 -0.262931 0.423335 0.867022 -31.3795
0.922753 0.373613 0.0948593 -4.0452 -0.283491 0.824515 -0.489758 0.383537 -0.261185 0.425025 0.866726 -31.3282
0.925234 0.368224 0.0917017 -4.03955 -0.279894 0.825399 -0.490338 0.386453 -0.256239 0.428005 0.866734 -31.2721
0.930158 0.35657 0.0878806 -4.03874 -0.27101 0.827973 -0.49099 0.391367 -0.247827 0.432872 0.866765 -31.2234
0.936606 0.340749 0.0819524 -4.03187 -0.259726 0.831869 -0.4905 0.387862 -0.235306 0.438113 0.867618 -31.1769
0.944015 0.321205 0.07564 -4.02971 -0.245113 0.836006 -0.49099 0.390353 -0.220936 0.444952 0.86792 -31.1304
0.952126 0.298042 0.068427 -4.0258 -0.227994 0.841006 -0.490696 0.385142 -0.203791 0.451597 0.868679 -31.0822
0.960534 0.271549 0.060788 -4.02178 -0.20806 0.845903 -0.491138 0.387934 -0.184782 0.459097 0.869003 -31.032
0.968982 0.241702 0.0520735 -4.0148 -0.186224 0.851998 -0.489361 0.383 -0.162642 0.464477 0.870565 -30.9903
0.976927 0.209212 0.0436327 -4.00912 -0.161738 0.857218 -0.488952 0.381184 -0.139692 0.470603 0.871263 -30.946
0.983971 0.174931 0.0354586 -4.00536 -0.135647 0.86201 -0.48846 0.377765 -0.116009 0.475812 0.871905 -30.9021
0.989969 0.138854 0.0271821 -4.00176 -0.108054 0.865977 -0.488328 0.378283 -0.0913405 0.480482 0.872281 -30.8624
0.994612 0.102057 0.0197219 -4.0017 -0.0795287 0.869325 -0.487857 0.374719 -0.0669314 0.483651 0.872741 -30.8253
0.997855 0.064621 0.0129573 -3.99902 -0.0500809 0.871252 -0.488333 0.37261 -0.0428417 0.486625 0.872606 -30.7839
0.99966 0.0262506 0.00705613 -3.99633 -0.0194645 0.872462 -0.488351 0.366047 -0.0189741 0.488038 0.872659 -30.744
0.99996 -0.0116155 0.00196012 -3.99386 0.0110878 0.871869 -0.489672 0.367184 0.00398174 0.489662 0.871949 -30.7055
0.998834 -0.0488392 -0.00192166 -3.99084 0.0416249 0.870606 -0.490273 0.362319 0.0256183 0.489612 0.871607 -30.6677
0.996437 -0.0845599 -0.00463492 -3.98563 0.0713637 0.867883 -0.491675 0.360621 0.0456005 0.489581 0.870811 -30.6295
0.992958 -0.118594 -0.00542313 -3.9834 0.10057 0.864575 -0.492393 0.362849 0.0630833 0.48837 0.870396 -30.5916
0.988537 -0.151075 -0.00551463 -3.97622 0.128858 0.861118 -0.491863 0.357171 0.0790579 0.485502 0.8707 -30.5539
0.983388 -0.181633 -0.00411274 -3.971 0.156152 0.856572 -0.49189 0.354854 0.092866 0.483067 0.870688 -30.5153
0.977569 -0.210753 -0.00125132 -3.96722 0.182878 0.85119 -0.492025 0.353965 0.104762 0.480748 0.870625 -30.4796
0.97146 -0.237321 0.00212908 -3.96183 0.207592 0.845354 -0.492277 0.354329 0.115027 0.478659 0.870477 -30.4431
0.965254 -0.261352 0.00630164 -3.9556 0.230472 0.839334 -0.492401 0.353687 0.123401 0.476732 0.870391 -30.4075
0.959038 -0.283181 0.0107269 -3.94793 0.251572 0.833346 -0.49224 0.352054 0.130453 0.474766 0.870434 -30.3723
0.952968 -0.302729 0.0163119 -3.94436 0.271262 0.827414 -0.491794 0.348712 0.135383 0.473077 0.870604 -30.3371
0.947053 -0.320447 0.0215405 -3.93689 0.289203 0.821702 -0.491144 0.344685 0.139684 0.471359 0.870853 -30.3046
0.941757 -0.335267 0.0273593 -3.9326 0.304834 0.816214 -0.490846 0.343392 0.142233 0.470586 0.870862 -30.2712
0.938927 -0.342627 0.0329211 -3.92688 0.313833 0.812873 -0.490717 0.345066 0.14137 0.471069 0.870738 -30.2385
0.939825 -0.339532 0.0388062 -3.92469 0.314036 0.813252 -0.48996 0.341455 0.134797 0.472651 0.870926 -30.2039
0.940582 -0.336802 0.0439327 -3.92063 0.314092 0.813258 -0.489914 0.343632 0.129274 0.474593 0.870705 -30.1729
0.94142 -0.333859 0.0482184 -3.91394 0.313551 0.813378 -0.490061 0.347875 0.124391 0.47646 0.870399 -30.1448
0.941989 -0.331575 0.0526728 -3.91491 0.313707 0.813403 -0.489919 0.348537 0.119599 0.478012 0.870217 -30.1192
0.942408 -0.329895 0.0556433 -3.91069 0.313791 0.813924 -0.489 0.343237 0.116029 0.478285 0.870553 -30.0988
0.942685 -0.328588 0.0586188 -3.91178 0.314082 0.813843 -0.488947 0.344327 0.112954 0.479323 0.870384 -30.0811
0.942863 -0.327799 0.0601408 -3.91332 0.31415 0.813933 -0.488755 0.344076 0.111263 0.47971 0.870392 -30.0697
0.942836 -0.327947 0.0597687 -3.91057 0.3141 0.813955 -0.488749 0.345173 0.111633 0.479573 0.870417 -30.0616
0.942651 -0.328671 0.058685 -3.91283 0.314212 0.813917 -0.488742 0.344409 0.11287 0.47914 0.870498 -30.0562
0.949029 -0.310227 0.056255 -3.91648 0.297147 0.820433 -0.488519 0.347471 0.105397 0.480324 0.870781 -30.0546
0.955939 -0.289092 0.0516385 -3.91574 0.276727 0.827897 -0.487921 0.348984 0.0983033 0.4807 0.871405 -30.051
0.963162 -0.265007 0.0463829 -3.91723 0.253438 0.835892 -0.486941 0.348419 0.090271 0.480748 0.872245 -30.0465
0.970494 -0.237843 0.0403817 -3.92128 0.227015 0.84371 -0.486493 0.351758 0.0816397 0.481294 0.872796 -30.041
0.977416 -0.208846 0.0332068 -3.92438 0.198436 0.851525 -0.485373 0.352796 0.0730915 0.48099 0.873719 -30.0341
0.983897 -0.177066 0.0255781 -3.92815 0.167131 0.858699 -0.484523 0.356446 0.0638299 0.480983 0.874451 -30.0244
0.989563 -0.143356 0.0165907 -3.92868 0.133425 0.865043 -0.48369 0.360315 0.0549881 0.480845 0.875125 -30.0148
0.994101 -0.108439 0.00799159 -3.93287 0.0987843 0.86998 -0.483151 0.366691 0.0454421 0.481078 0.875546 -30.0027
0.997354 -0.0730935 -0.00187773 -3.93101 0.0631362 0.873885 -0.482075 0.373458 0.0368781 0.480671 0.876171 -29.9902
0.999291 -0.036682 -0.0115105 -3.93209 0.0266417 0.87657 -0.480598 0.376876 0.0277216 0.479939 0.876911 -29.9755
0.999808 -0.000293274 -0.0210765 -3.93289 -0.00984103 0.877795 -0.478997 0.379164 0.0186425 0.479102 0.877607 -29.9598
0.998908 0.0356144 -0.0312188 -3.92919 -0.0462076 0.877414 -0.477565 0.384336 0.0103867 0.478474 0.878087 -29.9431
0.996637 0.0714062 -0.0409381 -3.92735 -0.082289 0.875617 -0.476006 0.391302 0.00185806 0.477764 0.878532 -29.9254
0.993146 0.106055 -0.0497407 -3.92789 -0.116935 0.872514 -0.474451 0.396782 -0.00691466 0.477004 0.878921 -29.9063
0.988658 0.138625 -0.0582965 -3.92653 -0.14964 0.868295 -0.473002 0.402533 -0.0149493 0.476351 0.879174 -29.8871
0.983288 0.1696 -0.0666459 -3.92433 -0.180837 0.863157 -0.471505 0.403331 -0.0224374 0.475665 0.879387 -29.8643
0.977346 0.198437 -0.074022 -3.9219 -0.209655 0.856913 -0.470961 0.409298 -0.030023 0.475801 0.879086 -29.84
0.971093 0.224706 -0.0809154 -3.91929 -0.235964 0.850362 -0.470387 0.410319 -0.0368869 0.47587 0.878789 -29.8173
0.964981 0.247776 -0.0864824 -3.91862 -0.258791 0.843694 -0.470391 0.413998 -0.0435839 0.476289 0.878253 -29.7913
0.959222 0.267728 -0.0909762 -3.91625 -0.278286 0.836814 -0.471548 0.417131 -0.0501113 0.477624 0.877181 -29.7634
0.959406 0.265587 -0.0952061 -3.91266 -0.278328 0.835679 -0.473533 0.419165 -0.0461997 0.4808 0.875658 -29.737
0.959696 0.263512 -0.0980114 -3.91019 -0.277715 0.834188 -0.476511 0.420463 -0.0438019 0.484513 0.873734 -29.7085
0.959978 0.261643 -0.100228 -3.90646 -0.276992 0.832397 -0.480053 0.421657 -0.0421706 0.488593 0.871538 -29.6788
0.960228 0.260391 -0.101102 -3.90306 -0.276137 0.830335 -0.484098 0.424721 -0.0421018 0.492749 0.8692 -29.6476
0.960541 0.259093 -0.101451 -3.89766 -0.275001 0.828445 -0.487967 0.423196 -0.0423795 0.496601 0.86699 -29.6158
0.960865 0.258109 -0.100902 -3.89297 -0.273665 0.82631 -0.492319 0.425395 -0.0436905 0.500652 0.864593 -29.5819
0.960789 0.258743 -0.0999887 -3.88763 -0.273749 0.826215 -0.492433 0.427432 -0.0447982 0.500485 0.864632 -29.5465
0.960683 0.259655 -0.0986371 -3.87932 -0.273877 0.826355 -0.492124 0.427433 -0.0462685 0.499777 0.864965 -29.5104
0.96055 0.261128 -0.0960025 -3.87319 -0.273845 0.826457 -0.491972 0.428111 -0.0491224 0.498844 0.865346 -29.4725
0.96032 0.263279 -0.0923641 -3.86626 -0.273903 0.826529 -0.491819 0.427833 -0.0531391 0.49759 0.865831 -29.4323
0.960219 0.265214 -0.0877629 -3.86028 -0.273303 0.82678 -0.491731 0.430177 -0.0578501 0.496145 0.866357 -29.3912
0.959633 0.268853 -0.0829745 -3.85015 -0.274091 0.826626 -0.49155 0.429599 -0.0635604 0.494438 0.866934 -29.3494
0.959228 0.27216 -0.0766336 -3.84524 -0.273831 0.826697 -0.491577 0.432245 -0.0704315 0.492509 0.8675 -29.3051
0.958513 0.276353 -0.0703195 -3.83382 -0.274362 0.826524 -0.49157 0.434141 -0.0777207 0.490457 0.868041 -29.2592
0.957717 0.280799 -0.0631914 -3.82584 -0.274765 0.826581 -0.491252 0.4358 -0.0857065 0.487832 0.868767 -29.2123
0.956674 0.28607 -0.0547919 -3.82061 -0.275254 0.826409 -0.491264 0.437177 -0.0952495 0.485049 0.869332 -29.1641
0.95552 0.291438 -0.0459132 -3.81668 -0.275678 0.826518 -0.490845 0.433921 -0.105099 0.481659 0.870081 -29.114
0.953949 0.297759 -0.0371965 -3.80534 -0.277165 0.826821 -0.489495 0.420763 -0.11499 0.47725 0.871259 -29.0665
