1.0 0.0 0.0 0.0 0.0 -1.0 0.0 0.0 0.0 0.0 -1.0 0.0
0.9999236196092308 0.002609405353849353 0.012080809214358827 -0.00287026 0.0023753473732713087 -0.9998099817239389 0.019348337655554142 0.054323 0.01212900129568498 -0.019318163703528953 -0.9997398140909929 -0.10518
0.9996427955710633 0.007503836662098844 0.02565099799652528 -0.0979366 0.0064516104769192575 -0.9991440395418462 0.04086031045226752 0.0982832 0.025935650852124542 -0.04068022472098843 -0.9988355526970026 -0.181474
0.9991068155106538 0.01316862977743915 0.04015169224260682 -0.211445 0.010569022712108361 -0.9978757359466913 0.0642830566149427 0.120227 0.04091291921962068 -0.06380127583860477 -0.997123628364254 -0.226511
0.9983454555962704 0.01871315570940335 0.054370663906843406 -0.316071 0.013814270560840837 -0.9959251355759365 0.0891195279213515 0.134879 0.05581681842551746 -0.08822098464338451 -0.9945358418123526 -0.251549
0.9973241123692872 0.02504635676123116 0.0686825661998928 -0.410749 0.017045286775682324 -0.9932542094119831 0.11469757488330573 0.144956 0.07109200437143601 -0.11321994302403576 -0.9910232950925452 -0.276282
0.9959583838565863 0.0321100823083447 0.08387991559323026 -0.500565 0.02004802140099312 -0.9898247632213303 0.14087233565090795 0.155922 0.08754983988381375 -0.13862135740205433 -0.9864680150964501 -0.29403
0.9943941104404342 0.03889886070652127 0.09832208173707571 -0.57784 0.022012679423371873 -0.9856562203972482 0.16732380923471457 0.161675 0.10342047701486104 -0.1642214779739421 -0.9809870086326692 -0.307327
0.9926004531159319 0.0468083203540665 0.1120416066453782 -0.642571 0.024426854973737946 -0.9808233649554289 0.19336198052771714 0.169176 0.11894397517377055 -0.18919436541065482 -0.9747090965343049 -0.321564
0.9905476606705778 0.05443086346206646 0.12590716041123173 -0.703048 0.02574162305470435 -0.9753542040377231 0.21913818815635283 0.172478 0.13473195902440993 -0.21382576497867012 -0.9675359639045625 -0.334545
0.9883616803299059 0.061600547484360085 0.1390919171090558 -0.752981 0.026088737049148075 -0.9694347854159896 0.24395814113211176 0.171808 0.1498684978727209 -0.23749014584837422 -0.959759273969412 -0.34849
0.9860880209923091 0.06912820765611041 0.15116780663132282 -0.791346 0.026579548924947814 -0.963294611274607 0.2671273469120108 0.170773 0.16408516823411443 -0.2593931047571565 -0.9517306734418225 -0.362149
0.9836373375556773 0.07616052966455306 0.16327021126829333 -0.827794 0.026106293603616444 -0.9569416795213572 0.28910393188112427 0.168872 0.17825837876705874 -0.2801110417603324 -0.9432718349888758 -0.365611
0.9812754825580159 0.08342692485104981 0.1736040769694951 -0.850875 0.026188068631763678 -0.9507455722077616 0.3088641157348557 0.168827 0.19082089086856063 -0.29853442873014424 -0.9351281101918043 -0.373291
0.9790937036879626 0.08937738994631425 0.18272165050965475 -0.863603 0.02552144541028712 -0.9451725348322468 0.32557262664873166 0.164833 0.2018023171887718 -0.3141027882161652 -0.9276935179314734 -0.375879
0.9770249253091225 0.09537944696769274 0.19059133354074728 -0.868829 0.025527891766832213 -0.9402045407478721 0.33965239333622205 0.163591 0.21159069465986494 -0.3269834592960627 -0.9210381073984593 -0.380398
0.9752158973128701 0.1005363454215853 0.1970948930782462 -0.878521 0.02574714660647076 -0.9363168167419053 0.3502112264447423 0.162101 0.2197522197154753 -0.3364569243388778 -0.9156995686329356 -0.386448
0.9737802799480341 0.10434151070712377 0.20215047743620093 -0.892881 0.02697357216682273 -0.935299539298735 0.3528274340129116 0.158336 0.22588579589892324 -0.3381236769747564 -0.9135907104826432 -0.391615
0.9726978234666319 0.10740818421244891 0.20572415071512865 -0.91259 0.028530394995975962 -0.9350735429106891 0.35330367378478345 0.158095 0.23031491654829897 -0.3377883232331096 -0.9126083978918416 -0.395832
0.972072209625335 0.10864450359960812 0.20801920851621863 -0.938504 0.02884098207357836 -0.9349728163080052 0.35354494837023087 0.154832 0.23290302064840385 -0.337671740900349 -0.911994505668854 -0.402659
0.9719447854511312 0.10855115608959245 0.20866236015622816 -0.971079 0.028527300855412656 -0.934990101640768 0.35352468504998463 0.154334 0.23347275459945924 -0.3376539002372088 -0.9118554252261384 -0.401701
0.9725221931687227 0.10740738430236157 0.20655323185954347 -1.00098 0.030976456693115745 -0.9390270472159501 0.3424451251334045 0.151646 0.23074020656365254 -0.32663719689315607 -0.9165517435915684 -0.418711
0.9735212054411304 0.104730706972116 0.2031943443444466 -1.04185 0.03336642202622218 -0.9444584086467498 0.326932709005412 0.148733 0.2261485008520216 -0.31149605672234465 -0.9229447774427317 -0.431854
0.9749920178027598 0.10091855444461316 0.1980050771816546 -1.08691 0.03592075024588802 -0.9507977393190297 0.3077228600666436 0.144927 0.21931772596549481 -0.2929148413355531 -0.9306452765703441 -0.448823
0.9768473042456846 0.096236630409663 0.1910702885205673 -1.13462 0.03880135693054797 -0.9579963685142227 0.28414329591582793 0.141234 0.21038963588610327 -0.270150826171151 -0.9395502819065925 -0.472039
0.9789143949762751 0.08998816780850952 0.1833813975372118 -1.1898 0.04046920470479796 -0.9653780777189829 0.25769635335053276 0.135242 0.20022200373284285 -0.24484137051174382 -0.9486642464576898 -0.491245
0.9811218068042912 0.08406686542501968 0.17416303382375467 -1.24729 0.04272866342710255 -0.9725504584781378 0.2287353646371655 0.132264 0.18861140351213143 -0.21697550057915596 -0.9577825278285298 -0.518617
0.9835415244243195 0.07654271229983586 0.1636682098847237 -1.30217 0.04355687582392447 -0.9795632906021694 0.1963633323029251 0.127344 0.17535355229234634 -0.18600261529998527 -0.9667751335238308 -0.545803
0.9858758098235569 0.06988949994087768 0.15219837516465087 -1.36266 0.044753173896922606 -0.9856565411046834 0.16272165314949102 0.127651 0.1613878589947136 -0.15361198122400974 -0.9748627176138889 -0.588972
0.9882518992577566 0.062265248462370165 0.13957514982029184 -1.42093 0.04439517272795923 -0.9908220465196719 0.127674354390475 0.125399 0.14624381098662698 -0.11997796032809213 -0.9819460457599588 -0.631933
0.990551671846965 0.054944130965108855 0.1256524089449606 -1.4729 0.04358674843925372 -0.9948583915374415 0.09141649822667838 0.129421 0.13002915350672656 -0.08507598521336115 -0.9878534790029846 -0.689686
0.9926540413487894 0.04771475102183567 0.11118118873640562 -1.52434 0.04174559782700034 -0.9975904686486852 0.05541265129339202 0.136304 0.11355729503639281 -0.050364267057318994 -0.992254091121723 -0.759335
0.9943954498132022 0.04121834723265524 0.09735880670081658 -1.5752 0.03946782619810504 -0.999023879039959 0.01983884581191207 0.152926 0.09808149716432187 -0.015885117543188335 -0.995051598136822 -0.827743
0.9957837727381317 0.03538555189630312 0.08463179466611304 -1.62967 0.03671127195446335 -0.9992255963886444 -0.014159450315734578 0.174252 0.08406521553471752 0.017206691685282282 -0.9963116828073179 -0.906169
0.9970528000064255 0.028914433705983483 0.07106102675031663 -1.67157 0.03230017636438315 -0.998374053008105 -0.04696753013518512 0.199398 0.06958744575120339 0.04912439112734186 -0.9963655863136741 -0.986574
0.9980059888629271 0.022488890859946417 0.05897708013814319 -1.71789 0.027006042246158067 -0.9966692433341084 -0.07694863919534327 0.225986 0.057050152286652764 0.07838794026957087 -0.9952892096995549 -1.07227
0.9987727459195974 0.015900761861580324 0.04690594610972664 -1.75725 0.020736652033110616 -0.9943103801204491 -0.10448377504275827 0.253648 0.04497769748091777 0.10532821918626242 -0.9934198372150445 -1.16895
0.9992769365848474 0.010373208314740916 0.036578689955520154 -1.79893 0.015006446827059292 -0.9915620800563737 -0.1287612051353375 0.288599 0.034934375094306795 0.1292170187844342 -0.9910007827914334 -1.26726
0.9996244308042012 0.005167734366647388 0.026912671009996753 -1.83412 0.009138109880090395 -0.9887091152179016 -0.1495686478940469 0.328804 0.025835872100549315 0.14975840546209668 -0.988385009855094 -1.37079
0.9998097662363927 -0.0005937892756714607 0.019495608547205685 -1.871 0.0026537043208145457 -0.9861008928139847 -0.16612641886479107 0.370377 0.019323281080279097 0.16614655159153446 -0.9859117273886817 -1.47262
0.9998706029556376 -0.0070953001022672465 0.014437245637183332 -1.91049 -0.0044214811979355105 -0.9841218627005731 -0.17743903138478445 0.409743 0.015466992246261246 0.17735223728843397 -0.9840258919762431 -1.58243
0.9998549115740071 -0.013056484893670645 0.0109400184440357 -1.94764 -0.01082607300006539 -0.9829320630743367 -0.18365008990965787 0.450508 0.01315111952389401 0.18350500696888222 -0.9829308014670303 -1.70075
0.9997879384339362 -0.017799298014006218 0.010356792564714957 -1.99549 -0.01558071024661313 -0.9826638090486247 -0.18474057446662634 0.497865 0.013465497771379465 0.1845400319070543 -0.9827327495273129 -1.81592
0.9996316290692647 -0.024470039359657286 0.011739818485145001 -2.03943 -0.021939795667101625 -0.9832013854592833 -0.18120066500162485 0.528217 0.01597659320422091 0.18087634672527547 -0.9833760703133384 -1.94429
0.9994422002064358 -0.029695449854504962 0.015279682734185092 -2.06632 -0.026583034886811487 -0.9843442550789951 -0.17424043660753524 0.555549 0.020214616066730924 0.17373706498878277 -0.9845845832361779 -2.07904
0.9991558059183643 -0.03488623257017001 0.02169392257485704 -2.07537 -0.030917123042500983 -0.9862878983612244 -0.1621120385689286 0.573525 0.02705193158350689 0.16130447087188546 -0.9865338618995001 -2.22389
0.9987479657744822 -0.040510042608849044 0.02935025228448985 -2.06337 -0.03577849966628626 -0.9885079060216273 -0.14687415938267476 0.585475 0.03496283488167858 0.14564015991671744 -0.9887196488370551 -2.37649
0.998323417331743 -0.043336352683531636 0.038370756353759354 -2.03955 -0.038066488211402606 -0.9909429775201548 -0.1287748336389599 0.606609 0.04360386315823576 0.12709829204037013 -0.990931242457366 -2.53421
0.997613172800441 -0.04727755341046238 0.050326835769382884 -2.01561 -0.04168633034502404 -0.9933983485324237 -0.10687362160710706 0.624167 0.05504731889386701 0.10452059163903757 -0.9929981060435223 -2.68884
0.996613309916775 -0.05083301566719924 0.06463679304319558 -1.99304 -0.04544102515395714 -0.9955697313664394 -0.08231660354942423 0.639303 0.06853483588430087 0.07910066058595165 -0.9945079495736463 -2.85105
0.9954619115924072 -0.05253938220852118 0.07934227048640105 -1.96538 -0.048125936468602123 -0.9972391926897562 -0.05654986120675491 0.660011 0.08209431653781138 0.05247481186845837 -0.9952421400400805 -3.01763
0.9939413366779166 -0.0539012386586341 0.09578765950779554 -1.94303 -0.051379306517178695 -0.9982694812991537 -0.02860436275347743 0.676549 0.09716370775516033 0.023509555031597195 -0.994990710869949 -3.19069
0.9920697811655698 -0.0544487699546567 0.11328230554029001 -1.92569 -0.05484471073211205 -0.9984948241502675 0.0003792754112581821 0.69405 0.11309114467017167 -0.006589202952672325 -0.9935627687275922 -3.3662
0.9900368828898476 -0.054415646273850544 0.12986881056802382 -1.9068 -0.05881804392502605 -0.997808631320602 0.030304669127716774 0.707142 0.1279351719684145 -0.03764136956469383 -0.991067968945978 -3.54819
0.9877107457759672 -0.051854607714563856 0.14744009745470094 -1.89803 -0.061349727419220214 -0.9962752125321966 0.06059630219340072 0.724149 0.14374871694825797 -0.06889702862021886 -0.9872129992170052 -3.73733
0.9850021391983586 -0.047178633116124906 0.16596675074228326 -1.90688 -0.06297497989156474 -0.9938357798509125 0.09123921632601384 0.742756 0.16063915364043138 -0.10032257605056907 -0.9819014426368176 -3.92904
0.9817755295982195 -0.040250316274444115 0.18573293063412938 -1.9449 -0.06380902665217496 -0.9903950578968025 0.12266229009475876 0.760087 0.17901178061746975 -0.13227827234053197 -0.9749139659820073 -4.12363
0.9778788399094731 -0.03351542384096827 0.20646958812876937 -2.02002 -0.06625137048258276 -0.9858872406233781 0.15374363299077284 0.767023 0.19840294949038173 -0.16402153864899008 -0.966298713904109 -4.30942
0.9732748119395331 -0.025234123362849123 0.2282528848934326 -2.13095 -0.0687224277987684 -0.9803991934068794 0.18464736522513125 0.767043 0.21911952984959865 -0.19539872206656944 -0.9559319908096193 -4.48471
0.9683383494673828 -0.014911133195822372 0.2491957043321595 -2.25812 -0.06985680539734163 -0.9745208852268538 0.21314096508261157 0.759719 0.2396682450606725 -0.22380058615536633 -0.9447075896519789 -4.65237
0.9629365864217001 -0.004054051295374714 0.26969741414892606 -2.398 -0.07146901061680326 -0.9679834265818075 0.2406247418375701 0.737158 0.2600871220417846 -0.2509813748688067 -0.9323963955405365 -4.81474
0.9567386112619451 0.009769157566079805 0.2907847885997703 -2.54616 -0.07158768346029275 -0.9608066976100347 0.26781652937129924 0.706354 0.2820043143240063 -0.27704702378503937 -0.9185415142030862 -4.9751
0.9500219153129198 0.0247185188843778 0.31120307718487233 -2.68563 -0.07096097551663742 -0.9536676052104268 0.29237414168482173 0.655156 0.3040113490955529 -0.29984511601220337 -0.9042510746605336 -5.14594
0.9429196744929593 0.04092525962715207 0.3304960069025676 -2.80004 -0.06956846390870466 -0.9463172570145515 0.31566418533916457 0.585234 0.32567271344629883 -0.3206380704172625 -0.8894540525039052 -5.33249
0.9356437703559574 0.05796365508494564 0.34815362942712785 -2.88414 -0.06726682668550021 -0.9390561807612242 0.3371181742383606 0.496654 0.34647641914241617 -0.3388417094504988 -0.8747230344028402 -5.53999
0.927981473133057 0.07642356521541306 0.3647051195165311 -2.94541 -0.057603421181535934 -0.9375551197231043 0.34303388075987223 0.40357 0.36814702414929873 -0.33933734860866877 -0.8656315223287879 -5.75746
0.9198125840055492 0.09402857383473497 0.3809244513123831 -2.99903 -0.048840695994386965 -0.9358686567689515 0.3489476231359976 0.305739 0.3893063019266683 -0.3395710302426933 -0.8562313464830037 -5.98867
0.9115556366167705 0.11203178591664029 0.3956200200906453 -3.04537 -0.039385783681453485 -0.9339503972213887 0.3552258655754225 0.217934 0.40928606303659093 -0.33938994456869004 -0.846935289222069 -6.22676
0.9037280046224424 0.13041812736997382 0.40775826872602855 -3.09623 -0.028754092106246534 -0.9318256275960076 0.36176539627561394 0.145488 0.42714037019261514 -0.3386622385336396 -0.8383668602366746 -6.4886
0.8948672985235222 0.15018063339915194 0.4203073820253974 -3.17137 -0.017356516462033914 -0.9292703728305483 0.36899231091674156 0.11293 0.4459946965710657 -0.3374942244412542 -0.8289670554969477 -6.75297
0.8875195317023172 0.16828248275681545 0.42894065655298014 -3.26217 -0.006660237859931958 -0.9261386514081034 0.37712443516646976 0.116743 0.46072195745215866 -0.3375621488928844 -0.8208453408263152 -7.02152
0.8799323335038346 0.18600830375683486 0.43717273403999174 -3.37207 0.004000213883977671 -0.9230398500081837 0.38468354992870724 0.152012 0.4750821894613381 -0.33674670930890294 -0.8129566821339539 -7.28764
0.8723403105140408 0.20329454986230178 0.44462760670987417 -3.49152 0.01443638459635331 -0.9197609314086717 0.3922134875983211 0.20764 0.4886859660887067 -0.3357248204266945 -0.805279374811879 -7.54263
0.8664330927354156 0.22003438585476953 0.44819478450162364 -3.60547 0.02529532015401112 -0.9158501363600882 0.400722690282836 0.272338 0.4986520255561473 -0.33586216930568713 -0.7990887063637109 -7.79792
0.8608387018664516 0.23507984046119973 0.4513249361353961 -3.71562 0.03581248985957185 -0.9126894231581508 0.4070816655479589 0.331358 0.5076161886099975 -0.3342685828252171 -0.7940971726414094 -8.03103
0.8555665003950323 0.2500176822709258 0.45331790385299314 -3.82347 0.04635545879724226 -0.9091309357597721 0.4139228346977952 0.388878 0.5156133578966844 -0.3331247517018745 -0.7894116574779411 -8.27133
0.8513043603890764 0.2646489128299925 0.45303624459909164 -3.92067 0.05775541147396687 -0.905486415837526 0.4204267631576079 0.435718 0.521483651160818 -0.331745841980896 -0.7861294409321968 -8.51773
0.8486256696309894 0.27631633085997737 0.451091740274009 -4.00344 0.06841041683324443 -0.9028996199529694 0.4243728209457868 0.459283 0.5245517016577643 -0.3292742953661318 -0.7851267099641185 -8.76195
0.8472072328908385 0.2886224475515735 0.44602352775026116 -4.0663 0.07993037714075532 -0.8992462224458614 0.4300783256884558 0.476134 0.525215231450484 -0.32871463944611284 -0.7849176048899827 -9.01539
0.8476656526345532 0.2972883886158808 0.43941160127813 -4.10934 0.0899198710806193 -0.8967733585886979 0.4332573832150952 0.474744 0.5228550067929751 -0.3277455679635044 -0.7868961078514738 -9.27303
0.848106815271775 0.30812881508686185 0.4310121381153138 -4.1326 0.10285419277338756 -0.8937728731082599 0.436567367452884 0.484278 0.5197459426667058 -0.3259243541206657 -0.7897072055341301 -9.51838
0.8499767339435808 0.31747534995309656 0.42041521609804144 -4.12632 0.12505635710682791 -0.896804141077936 0.4243857208868313 0.486599 0.5117621120225427 -0.3081423935741799 -0.8019649655568518 -9.7548
0.8536399080300952 0.3249701968561562 0.4070543926475204 -4.08423 0.14813557520570753 -0.9006977011175212 0.40841094813935436 0.483486 0.49935434190246586 -0.28833664761331207 -0.8170111497808779 -9.99343
0.8570360997588152 0.3335158750750077 0.39275473871507854 -4.02265 0.1727193483198881 -0.9041056109767299 0.39084660791203835 0.49077 0.485445311467884 -0.26713330992848 -0.83245579119885 -10.2155
0.8617060036113037 0.3404815708890879 0.376211460783872 -3.93576 0.197305866210762 -0.9079298332413 0.36977535487001545 0.49158 0.46747530255517966 -0.24440891513061466 -0.8495475994349105 -10.4272
0.8660588358848511 0.3489184773660034 0.3580474674374425 -3.83754 0.2230151101448154 -0.9106023684546256 0.34794767884255584 0.502856 0.4474442461724953 -0.22149316629958649 -0.8664493198391416 -10.6216
0.8715513634069192 0.3558844587077782 0.3372602452021466 -3.7239 0.24845502283788568 -0.9135708803766291 0.32196016547780604 0.507 0.42269175834189865 -0.19681081926088892 -0.8846452276770003 -10.808
0.8767085737252277 0.36296081715037165 0.31566045360515443 -3.60512 0.273443522123212 -0.9159412707353792 0.29373496348325917 0.517301 0.3957407193675296 -0.1712046546598358 -0.9022628493168036 -10.977
0.8824462525204549 0.36885877242127935 0.29194488764229487 -3.47487 0.29688643242578744 -0.9180981314879088 0.2625914454050221 0.520446 0.36489321404226427 -0.1450483607845231 -0.9196814205906462 -11.1398
0.8875001191212808 0.37509711106396937 0.2676671362554174 -3.34598 0.31912044449248567 -0.9193298658367413 0.23020586371228088 0.530107 0.33242394689106014 -0.11888967596920716 -0.9356065222524403 -11.2964
0.8920461558627053 0.38079813785069627 0.24340590383146435 -3.22157 0.3393477246717057 -0.9200682080413909 0.19574885519879798 0.538768 0.2984908333110184 -0.09201777415774565 -0.9499662897536669 -11.4476
0.8959509032888409 0.386811828446866 0.21828556587530504 -3.09453 0.3582740065082688 -0.919883568723145 0.15954296052688555 0.55158 0.2625104096153576 -0.0647366153483688 -0.9627551378605124 -11.5886
0.8983527015020414 0.39426833100568937 0.1936876528588551 -2.9778 0.376510035653277 -0.9182330922610646 0.12283395837084791 0.570586 0.22627995217507071 -0.037422873255153435 -0.9733431624052107 -11.7233
0.9003827647029501 0.40137992529641714 0.1679435399022964 -2.87516 0.3923526428969863 -0.9158460955296923 0.08535416167221913 0.588574 0.18806988232468688 -0.010958324327193764 -0.9820945140312709 -11.882
0.9014774437424703 0.40844594262201395 0.14321428133798475 -2.80273 0.40580773725782326 -0.9126693479520557 0.04852568073149552 0.59953 0.15052740217391136 0.014372656831081066 -0.9885013545415046 -12.0538
0.9017933497801699 0.41555343397647526 0.11867644164963595 -2.74337 0.41729723007770936 -0.9087041141328186 0.010947818392765199 0.597552 0.11239117430533194 0.03965068055467529 -0.9928726239905196 -12.2112
0.9011052303700945 0.4231766755561783 0.09450325425550113 -2.68618 0.4271256702188738 -0.9038345148919033 -0.025432882852630345 0.592938 0.07465270015034123 0.06328246957364066 -0.9951996299260387 -12.3632
0.9000893022078861 0.42981837115485333 0.07138218173122218 -2.6206 0.43407338791733663 -0.8987686205600062 -0.06160568641472072 0.581768 0.03767680921848229 0.08643572475806646 -0.9955447370824989 -12.5122
0.8982877095383618 0.4366193553243346 0.04942397645359606 -2.55349 0.4394020531809981 -0.8931495896039313 -0.0959669018498146 0.572375 0.002241997467983939 0.10792288518424217 -0.99415674030852 -12.6562
0.8956876546145105 0.4437225162525894 0.029222490339262892 -2.48805 0.4435890066688495 -0.8869429943001783 -0.1286892304133398 0.565518 -0.03118362605120252 0.12822813042505432 -0.9912543205625861 -12.7895
0.892282902307318 0.45135711025774694 0.010391403649425018 -2.42202 0.4471070551369458 -0.8802182453345586 -0.1590946945278781 0.563256 -0.06266181849258201 0.14660354565946498 -0.987208638993438 -12.9217
0.8890300356463778 0.45779888193849605 -0.0067660486595355965 -2.35286 0.4485715001202334 -0.8738803718111472 -0.1873945171105462 0.55596 -0.09170171753289968 0.16356429762963023 -0.9822614293264509 -13.0388
0.8856768817716003 0.46378989243769747 -0.021803595299015745 -2.28925 0.4490327549236332 -0.8675489872807913 -0.21384185669266256 0.546977 -0.11809337873490885 0.1796042603634498 -0.9766249349459959 -13.1497
0.8823844798244975 0.4692330708919686 -0.03489921125388592 -2.22779 0.4486779988066147 -0.8614296318419596 -0.23796437290383773 0.539058 -0.14172396816255908 0.19431756113619283 -0.9706466928199671 -13.2605
0.8790350249485821 0.4744761162099689 -0.04658154205208449 -2.16722 0.4478652099543875 -0.855309438436179 -0.26050435358070473 0.535418 -0.1634447265168209 0.20813019883787304 -0.9643482989592242 -13.3671
0.8758401907988825 0.4791644252125111 -0.05749272816748874 -2.1117 0.44642473307978636 -0.8496708672062018 -0.2806499155811422 0.536882 -0.1833273516854984 0.220138299784078 -0.9580867450769565 -13.4869
0.8731411671019785 0.48284134112864 -0.06699807168039472 -2.05396 0.4441779436552052 -0.8446739667137865 -0.29871699704943283 0.530479 -0.2008244424417217 0.23106304172907827 -0.9519870871313739 -13.5823
0.8703193832980038 0.4868092185500772 -0.07457181632792446 -1.9999 0.44283142010428855 -0.839803965489093 -0.3140535510342367 0.53324 -0.21550987082776873 0.24030414953441406 -0.946472086906075 -13.6817
0.8697523034236849 0.48674954385498076 -0.08127614807655846 -1.94394 0.43778616381693686 -0.837055180973187 -0.32814920200481296 0.527714 -0.2277590952292458 0.2498269512340763 -0.9411228872880746 -13.7786
0.86907252540311 0.4870691101899093 -0.08646749382438947 -1.88597 0.4335794576668861 -0.8341482447885376 -0.3408893656386055 0.525811 -0.23816338819967642 0.25876705280041334 -0.9361184823013795 -13.8716
0.8684593034599319 0.4873838968779813 -0.09074896857773997 -1.83553 0.430029453761748 -0.8316686838507805 -0.35128602192413444 0.526952 -0.2466842255420134 0.26605288452851655 -0.9318598368331974 -13.9877
0.8675152725494727 0.48843819297128926 -0.09404989920439334 -1.77865 0.4275501400948785 -0.8288523324221421 -0.360838868115985 0.527058 -0.2542009630160058 0.27282218143933423 -0.9278738748970244 -14.0914
0.8672722578393838 0.4882475257444521 -0.09722748781388106 -1.71893 0.42412724899544146 -0.8269057744596696 -0.36924641748406023 0.522633 -0.26068162083610075 0.27900034725726536 -0.9242315179588872 -14.204
0.8672459093046523 0.4877271076168139 -0.10003400067018892 -1.65052 0.4205692618804229 -0.8251750226059669 -0.37710433308117564 0.510935 -0.26646956440783787 0.28497096442090164 -0.9207526924648759 -14.3042
0.8669138841050833 0.4879995902635669 -0.10157124321593153 -1.59028 0.4186370310098789 -0.8234198092099431 -0.3830441933614127 0.511435 -0.27056118312328686 0.2895448457549409 -0.9181287646532351 -14.4185
0.8664118783595993 0.48870393534140205 -0.10246424068530892 -1.52791 0.41767571666328956 -0.821760189156983 -0.38763021970234257 0.510619 -0.27363744763317327 0.29305060160065466 -0.9161025554785316 -14.5287
0.8661493389589637 0.4891098830191867 -0.1027465082321916 -1.4614 0.41659030893118065 -0.8201233666851341 -0.3922373999527133 0.509031 -0.2761120010531483 0.29693296507797645 -0.9141077491873851 -14.6442
0.8663012667337727 0.4887304011562199 -0.10327008396017277 -1.3896 0.41496364039720834 -0.8191965331399645 -0.3958815697146805 0.502819 -0.2780778531342564 0.30009937533614345 -0.9124763407996394 -14.7652
0.8650670136937632 0.49144510864241486 -0.10070137541463783 -1.34319 0.41784303881072904 -0.8169559272434314 -0.3974798206943861 0.529253 -0.2776080991908745 0.3017693127759527 -0.9120685419037097 -14.9069
0.8653617230274995 0.49101552057370335 -0.10026388619344598 -1.27242 0.4169562809162959 -0.8164189061821328 -0.39950923572906405 0.525739 -0.27802256765113176 0.30391434349846835 -0.9112296766965873 -15.0304
0.8656331111324195 0.49067511526195684 -0.09958538132614499 -1.20505 0.4165053404464085 -0.8160966914863407 -0.40063635821611343 0.530709 -0.27785359146649463 0.30532625404264535 -0.9108091239669575 -15.1708
0.8669562023589956 0.4886703377659432 -0.09791958016141314 -1.13991 0.4154350896497397 -0.8171146564547167 -0.3996715207449781 0.528795 -0.2753191411416598 0.3058184742532892 -0.9114134250308197 -15.2928
0.868337353349879 0.4866427902514115 -0.09575508066754265 -1.07607 0.41431876336967005 -0.8178575517180313 -0.3993106402509388 0.530113 -0.27263565998811357 0.3070632179114067 -0.911801500935778 -15.4255
0.86919111653712 0.4853137895764497 -0.0947487655850984 -1.00962 0.4137582457015619 -0.8187501672378901 -0.3980606458341401 0.540786 -0.27075988817939856 0.3067876941711845 -0.9124529542163844 -15.5589
0.8712263210654035 0.4819164037396709 -0.09338777912267106 -0.948523 0.41133390914973716 -0.8205363669090574 -0.39689354462283777 0.53642 -0.26789757868715064 0.3073705424830221 -0.9131014384761721 -15.699
0.872133801566469 0.4805635747923741 -0.09187645371907677 -0.897924 0.41082683602890935 -0.8212661580280276 -0.39590808084245865 0.547977 -0.2657140247779462 0.3075395068290535 -0.9136823894415651 -15.8386
0.8742073134683414 0.47716170138454944 -0.0898792735299289 -0.855638 0.4085371934044946 -0.8228724240013946 -0.3949409264981895 0.540906 -0.2624098601113233 0.30854122017952784 -0.9142993933971982 -15.9891
0.8758054165675321 0.474584567137464 -0.08794521559424455 -0.831297 0.4069219064112509 -0.8239996067247594 -0.3942577966256035 0.541194 -0.25957548881511394 0.3095062790193254 -0.9147821756319953 -16.1673
0.8779129562241663 0.47126356206745623 -0.08473190875483849 -0.820086 0.404954443885606 -0.8251894660672405 -0.39379467171225496 0.530017 -0.25550095825856506 0.31140488139904926 -0.9152847973007088 -16.338
0.879864273007774 0.46805372498498155 -0.08224701582541007 -0.814185 0.403183242808122 -0.8268304426093426 -0.39216666341386847 0.521199 -0.25155940412401395 0.3118928176507479 -0.9162099849350306 -16.5096
0.8815060926461741 0.4650904514256212 -0.08147318958029069 -0.805188 0.40108319248902335 -0.8286082964004872 -0.39056441701606 0.51442 -0.24915714184122256 0.3116073861913316 -0.916963224748146 -16.6794
0.8830673706784815 0.4625395163587841 -0.07905197435596653 -0.808411 0.3997386458585993 -0.8297438594894271 -0.389530669712571 0.502881 -0.24576621787814465 0.3123816951202052 -0.9176146482612952 -16.8455
0.8842985995020535 0.46044125711530276 -0.07752312986964661 -0.81212 0.3985336877712036 -0.830811050635431 -0.38848925062803974 0.49422 -0.24328355191050466 0.3126449214174617 -0.918186400727912 -17.007
0.8857260181778455 0.45790362178786137 -0.07624758275760386 -0.819377 0.39677405330146864 -0.832035274663409 -0.38766951433212804 0.480271 -0.2409559531315667 0.3131159128331614 -0.9186395668493239 -17.1634
0.8871783886617678 0.4552688082212674 -0.07513201017074113 -0.825325 0.39499966633694733 -0.833491210758699 -0.3863517376455015 0.467439 -0.23851576527602913 0.31308579311234314 -0.9192864166656688 -17.3182
0.8882390029331855 0.4532928159251767 -0.07454593683685631 -0.832113 0.3935170153749742 -0.834525498011816 -0.38563136773154616 0.457186 -0.23701441365164475 0.31319772700125814 -0.9196365322901285 -17.4696
0.8889506766534777 0.452204403196665 -0.07264896562837411 -0.844594 0.39314135710632025 -0.8347728127402435 -0.38547921402112406 0.44686 -0.234960779301409 0.31411069520041945 -0.9198521094995565 -17.615
0.8893262871698371 0.45153584282546205 -0.07220898553928258 -0.85349 0.39270789379868526 -0.8350731256454624 -0.38527053478421963 0.437899 -0.2342632388935858 0.3142741756311162 -0.9199741721561912 -17.7573
0.8903794397854865 0.4494036693337895 -0.07253133941000313 -0.861529 0.3908628254325046 -0.8364105556058505 -0.38424423764844123 0.422601 -0.23334674821433138 0.3137733648040227 -0.9203779498865448 -17.8965
0.8906335446232059 0.4489514506576431 -0.07221138514321242 -0.871889 0.39046279634628855 -0.836456256077901 -0.38455134421501813 0.411718 -0.2330465487007699 0.3142984674167827 -0.9202748391204234 -18.0312
0.890917420361768 0.4483752716019387 -0.07228945920270886 -0.881513 0.3900037529570879 -0.8368649096625855 -0.3841278376462957 0.396521 -0.23272993527975544 0.3140330218166871 -0.9204455651657846 -18.173
0.8907491534155298 0.4485524400226184 -0.07325745176616588 -0.890981 0.38996495281098686 -0.8370724996925261 -0.38371469327826224 0.382418 -0.23343796021350427 0.31322569946966583 -0.9205413515552123 -18.3185
0.8904805461091984 0.4489589122741681 -0.07402899493211705 -0.901508 0.390159520805835 -0.837088340562497 -0.38348227914583755 0.367145 -0.2341365954429695 0.3126003921685332 -0.9205764767201333 -18.4738
0.890403431084034 0.44879639036566643 -0.07591791559657102 -0.910745 0.38941524133386507 -0.837454542354039 -0.383439251130442 0.347978 -0.23566395509425564 0.3118520313952355 -0.9204405525529596 -18.6355
0.8896394606216832 0.45002186162795227 -0.07760125103162117 -0.919397 0.39004182470757515 -0.837179619181977 -0.3834027389118456 0.330622 -0.23750580010506211 0.31082247229444626 -0.9203153729201866 -18.8044
0.889132061527815 0.4508756725594317 -0.07845575222619072 -0.928857 0.3902881044475231 -0.8365593353305011 -0.384504452507574 0.310877 -0.2389965955616451 0.3112548897053186 -0.91978313799747 -18.9826
0.8886316589478368 0.4514732882003728 -0.08065757718378236 -0.934428 0.3901019917425098 -0.836561271233884 -0.3846890634136538 0.286224 -0.24115184169759418 0.3103821990918461 -0.9195154592135836 -19.1667
0.8876886122472892 0.4531667858127276 -0.0815401246175338 -0.938951 0.391367895254489 -0.8358851901013832 -0.38487286151824934 0.261871 -0.24256978016758984 0.30973506938242495 -0.9193606955619275 -19.351
0.8866345878181293 0.4547667861681686 -0.08406115561215485 -0.938123 0.3923273700700431 -0.8358676786101323 -0.3839328828699512 0.234457 -0.2448639262498646 0.30742868124685996 -0.9195266519075546 -19.5456
0.885340825235303 0.4570853200032094 -0.08511541228964462 -0.937462 0.3942905777056776 -0.8351298844367319 -0.38352707395073615 0.20874 -0.24638701975590252 0.3059919710682849 -0.9195990159507295 -19.7482
0.8840688067214393 0.45928837812419776 -0.0864669341550538 -0.933019 0.39613142954422786 -0.8345744081667268 -0.3828386706700412 0.180142 -0.24799644253371245 0.3042034565109373 -0.919759762947598 -19.9624
0.8828993125200737 0.46141120617803877 -0.08711201274743019 -0.928705 0.398392526999775 -0.8342729017417778 -0.3811457986782582 0.152011 -0.24854013434919242 0.30180858873246325 -0.9204017478172257 -20.1769
0.8818565264250083 0.4636393025938544 -0.085835097086815 -0.926892 0.40142129841421165 -0.8337153311768052 -0.3791829212137573 0.121001 -0.24736614154137407 0.2999288976591524 -0.9213319968219374 -20.4029
0.880426606288038 0.4664791467585198 -0.08512459444585567 -0.918218 0.4050010399632619 -0.8331276714481236 -0.3766595819783479 0.096054 -0.24662349557332208 0.29714556821004545 -0.9224323079361026 -20.6361
0.8797338143947516 0.4676084251905078 -0.08608586702423511 -0.897267 0.4067672246927886 -0.8339315240833679 -0.37295929812208456 0.0696164 -0.2461886283445836 0.29308799673621017 -0.9238455419835981 -20.8826
0.8790797199031087 0.4687687429496907 -0.08645641496406564 -0.875499 0.40912480299012993 -0.8350655720062373 -0.36780753938463945 0.0526553 -0.24461345350033237 0.2879606849610942 -0.9258741287471955 -21.1331
0.8779792996805682 0.47105993901983795 -0.08517560204099375 -0.858952 0.41313064796339155 -0.8355133007167332 -0.36227143420200547 0.0595903 -0.24181690810563153 0.282878168433084 -0.9281726804739387 -21.396
0.8774495575158938 0.4721367262697508 -0.08467104417948616 -0.847507 0.4161935277042289 -0.837135668413217 -0.35494622151456373 0.0719968 -0.23846429819214304 0.2762078644384314 -0.9310445714948827 -21.6577
0.8735542706840562 0.4796467181525522 -0.08271615280664561 -0.851706 0.4255038647972761 -0.8350800066002739 -0.34869448464102104 0.125966 -0.2363247706276842 0.2694075135217503 -0.9335792384397801 -21.8969
0.8717073239141444 0.4836076935723083 -0.0790565629920324 -0.867972 0.4324843446844811 -0.8351209205629988 -0.3398975428579093 0.171764 -0.23039885641486113 0.2621004516510448 -0.9371337792476817 -22.1548
0.871078027751863 0.4853599508546704 -0.0751584171884774 -0.886132 0.43785614092450714 -0.8367448660693815 -0.3288465127703678 0.213065 -0.2224973470013146 0.2535423972689489 -0.9413879027077476 -22.4288
0.8707242929397291 0.4866938860908326 -0.07048593424515798 -0.910162 0.44316782388688086 -0.8386955454868988 -0.31653129679669895 0.259959 -0.21317008597825254 0.24437439150254076 -0.9459596562337041 -22.7144
0.8707933031491127 0.48743271742954364 -0.06425238649192867 -0.943182 0.44837959586386944 -0.8409538437475476 -0.30290653789441163 0.307467 -0.20167984828338853 0.23495952558999647 -0.9508518602447561 -23.0107
0.870727929030037 0.4878008534126084 -0.06231533532762455 -0.953182 0.45231277093621697 -0.8441471582149435 -0.2877998132828394 0.348366 -0.19299230776138387 0.22240931340114062 -0.9556610625411966 -23.2904
0.8707300169827362 0.48865059010701856 -0.05522534122398505 -0.995024 0.45781052947274264 -0.8464909961443917 -0.27177658572872254 0.395063 -0.17955154309871613 0.21136128840101528 -0.9607745048326023 -23.5775
0.8711902840867384 0.4883421400286231 -0.05049201110207889 -1.02664 0.46164231085375407 -0.8498471883782069 -0.25425603873902786 0.432075 -0.16707443174368036 0.19819614193500537 -0.9658180074836072 -23.8537
0.8715426730027604 0.48853423414814107 -0.04180515758244032 -1.08797 0.4665546069767936 -0.852502679809753 -0.2357243721508642 0.477582 -0.15079843448767324 0.18593946053078328 -0.9709203619111035 -24.1421
0.8719530636147504 0.48829846541224553 -0.035531162785600166 -1.14275 0.47031393132488786 -0.8555781320183641 -0.21631196456436536 0.510253 -0.13602448623163185 0.17190307934418353 -0.975677544303141 -24.4199
0.8719569597609994 0.4888397438950151 -0.02695858143543179 -1.22674 0.4749866236420472 -0.8580231118182221 -0.19540738713493624 0.534153 -0.11865398301567046 0.15758186562682472 -0.9803515634404253 -24.6873
0.8719087303976241 0.48926167696393347 -0.019954380743149702 -1.31305 0.47874716294354963 -0.8603126850711822 -0.17510921700217472 0.546093 -0.10284123603839716 0.1431261519082099 -0.9843467807688722 -24.9459
0.8720056098546943 0.4893561967906877 -0.011693119536556593 -1.41511 0.4820170249287114 -0.862597289791235 -0.1535757250469295 0.545767 -0.08523968594977646 0.12828261108727784 -0.9880676938508887 -25.1977
0.8720230226177762 0.4894429753162167 -0.004628383969170945 -1.51521 0.4846678507220561 -0.8647587703553857 -0.13148894847059706 0.536978 -0.0683587777905626 0.11241816137550859 -0.9913068316580541 -25.4525
0.8717974640561683 0.4898431044684234 0.004786926986173782 -1.62895 0.4873575624582349 -0.8663032588211392 -0.10955030840048637 0.52845 -0.04951553271450625 0.09783862611776238 -0.993969725524569 -25.7019
0.8715301332534265 0.49017707497623125 0.01271463719540095 -1.72539 0.48932674288819517 -0.8677655569037673 -0.08684628343184535 0.51476 -0.031536732958482236 0.08191076497775167 -0.9961405829776561 -25.9459
0.8703819070221073 0.4918528538369542 0.02271796868127053 -1.82983 0.49224420230837473 -0.8681476056641804 -0.06336702670429184 0.505267 -0.011444702807469585 0.066336301916781 -0.997731684284735 -26.1873
0.8697862494294799 0.49239401632804825 0.03193764217553645 -1.92479 0.49336841911337737 -0.8688680407707252 -0.04069312901225892 0.494337 0.007712543352593247 0.05115134809147578 -0.998661131847765 -26.4364
0.8691014282784888 0.4930270952762026 0.03983705169563779 -2.01185 0.49397778934711567 -0.8692759648578874 -0.0185806499381859 0.485212 0.025468627682451332 0.0358270881303379 -0.9990334172389197 -26.6816
0.8684433711151942 0.49348550227522864 0.0477301813346934 -2.09535 0.49389925335121293 -0.8695120085915844 0.0035205758255522236 0.476568 0.043239318972340464 0.02051648018531383 -0.9988540610798027 -26.9281
0.8679088890835481 0.493702496268223 0.054699226944141616 -2.17043 0.4930896971967513 -0.8696155369034161 0.025127047072814657 0.46736 0.059972583470929264 0.005163637739866583 -0.9981866689538154 -27.176
0.8679272619700161 0.4930689467921713 0.059877221365807656 -2.23745 0.4910903276821962 -0.8699346527804951 0.045210507060557494 0.455668 0.07438116687861383 -0.009834307344111871 -0.9971813919306945 -27.421
0.8674382256684455 0.4930414103148205 0.0667914093574267 -2.31497 0.48934790221509306 -0.869692215965605 0.06460712102023117 0.447017 0.08994195487572135 -0.02335845036828957 -0.9956730525375915 -27.6652
0.8661420595187783 0.4944801226287454 0.07271410494278442 -2.38544 0.48864692332508974 -0.8683682313627423 0.08462150486056864 0.445321 0.10498627080477348 -0.03776272083688194 -0.993756438901154 -27.904
0.8655953742895656 0.49471820906033354 0.07745025263123786 -2.45215 0.48666299693420073 -0.867552467402107 0.10252728280578693 0.443835 0.1179142715006482 -0.0510549696763381 -0.9917104489959855 -28.1437
0.8650867176119895 0.495085759037981 0.08071593528603668 -2.51168 0.48472770087671735 -0.8664665043934435 0.11947741530087588 0.439729 0.12908922113826984 -0.06423307529608477 -0.9895504459217438 -28.3788
0.8653488114375384 0.4939897106800254 0.08453165256816393 -2.57466 0.48126204429608843 -0.8661357383400768 0.13489153972744133 0.430945 0.1398509179933754 -0.07604635765343958 -0.9872480297392624 -28.6166
0.8650047948512584 0.4938764121429011 0.08861599411611934 -2.64035 0.47875263871822493 -0.8652320634548082 0.148893879290158 0.422639 0.15020857433805046 -0.08636877849426028 -0.9848745190615605 -28.8463
0.8642769581136331 0.4944669466660212 0.09234597083050015 -2.70484 0.4770480309469528 -0.8639517204754545 0.16128422383214489 0.417466 0.15953217808166653 -0.09534077481478967 -0.9825780482049429 -29.0741
0.8645358772427394 0.49337236613205326 0.09571533470341313 -2.77076 0.4739158734350869 -0.8637108619718414 0.17148554404998004 0.40808 0.16727660286598933 -0.10289438881259819 -0.9805260235631159 -29.3054
0.8646812032788967 0.49254902516751026 0.09859956644273071 -2.83832 0.4713827509341461 -0.8634622049673478 0.17953084056696927 0.397416 0.1735647395582292 -0.10875880837643026 -0.9787986528304088 -29.5259
0.8642147353026265 0.4931354258521379 0.09975140628302556 -2.89808 0.47056872136018923 -0.8624096283911663 0.1865870074138248 0.391101 0.17803923658353285 -0.11431134951456376 -0.9773612155231614 -29.7437
0.86428713499803 0.4928934034459919 0.10031869774036957 -2.95989 0.46927846205594476 -0.8619410329745526 0.19192545616766954 0.384729 0.18106759325540328 -0.11880129845328925 -0.9762688042534741 -29.9666
0.864644976119688 0.49232655065995995 0.10001816228190877 -3.02023 0.4683388272366256 -0.8619566216520641 0.19413790277218654 0.376609 0.18179056128855123 -0.1210179734809119 -0.9758621018980945 -30.186
0.8646246839779148 0.4925204627583082 0.09923582831030983 -3.08055 0.46860979507763667 -0.861786075052172 0.19424114086224864 0.371442 0.1811877915682695 -0.12144280386467753 -0.9759214259232654 -30.4047
0.8655580045254491 0.4912663416166084 0.0972970831862729 -3.14045 0.4680003410527248 -0.8626048205412874 0.19206406314942587 0.363246 0.17828354264052537 -0.12070751912605582 -0.9765473225860469 -30.6204
