1.0 0.0 0.0 0.0 0.0 -1.0 0.0 0.0 0.0 0.0 -1.0 0.0
0.9997424536636667 0.017361780299338988 -0.014614887183593793 -0.119225 0.017710483736370002 -0.9995531907025915 0.02407815861092379 -0.0749629 -0.01419031741630409 -0.024330794091161807 -0.9996032449679814 0.208962
0.9989697409222612 0.03497513275438489 -0.02891706780646473 -0.257585 0.03636536343302783 -0.9981347325466702 0.04903688434608244 -0.159479 -0.027148058201173945 -0.05003794333104046 -0.9983782785913892 0.433876
0.9975324091922684 0.05565276317542844 -0.04280026357405393 -0.400973 0.0587728952167157 -0.995414176326125 0.07547426287700273 -0.235249 -0.03840363783437408 -0.0778035186859928 -0.996228775473367 0.655825
0.9953753990653001 0.07567687555447099 -0.0591677736771279 -0.535134 0.0814106781599757 -0.9915086032642647 0.10140508436207661 -0.315342 -0.050991336687005714 -0.10575301489442336 -0.9930841774107634 0.878214
0.9926171384579041 0.09451583597942663 -0.0760129803964571 -0.669438 0.10366660646414556 -0.9864493875477243 0.12716461972941925 -0.400568 -0.06296388761703031 -0.13410578867383002 -0.9889647042742831 1.09845
0.9890887469109071 0.115686410152807 -0.0912146108919392 -0.810901 0.12879790591664944 -0.9796091801911868 0.15419777403269058 -0.479302 -0.07151608326591498 -0.16426353396632892 -0.9838205838684182 1.31586
0.9846126644850058 0.13679097650504385 -0.10874801001643036 -0.94438 0.15483557685254012 -0.9714060839165305 0.1799893448809994 -0.5554 -0.08101756029700125 -0.19405784930465128 -0.9776388423373813 1.53091
0.9795625359126224 0.1560014991689499 -0.12696759623412723 -1.07496 0.17985877119654542 -0.961943238122369 0.205708602285661 -0.637803 -0.09004477030955746 -0.22434067595443247 -0.9703417956844936 1.74502
0.97339872200161 0.17747911226408802 -0.14490028542271433 -1.2066 0.20774637043618305 -0.9503930076734837 0.23150502486110833 -0.70999 -0.09662491177861456 -0.2554492037084896 -0.9619819804697352 1.96207
0.9668264931792517 0.19607923952080922 -0.16370541810108485 -1.32541 0.23359393074040338 -0.9380082650810125 0.25607493075456644 -0.793934 -0.10334605753466114 -0.2858206193902908 -0.9526941617976844 2.17581
0.9597358844984413 0.2147816072870353 -0.18104113669879798 -1.45279 0.2597915070517574 -0.9238051486310425 0.2812337465997895 -0.871711 -0.10684289807830835 -0.3169430682851033 -0.942407388869725 2.39579
0.952292258694281 0.23094011051475968 -0.19951470969924873 -1.55416 0.2841807019904628 -0.9093624264482005 0.3038112999551679 -0.961362 -0.11126896533693788 -0.34601537931090837 -0.9316075217779083 2.61441
0.9438432631619775 0.248445633276073 -0.21779499968961832 -1.60178 0.3102022351712527 -0.8932792029554371 0.32531037312397193 -1.05442 -0.11372980206836111 -0.37460249982261207 -0.9201839485929655 2.84795
0.9358921938616136 0.2643304509865747 -0.23288455111949805 -1.58099 0.33393479747367694 -0.8762259542570217 0.3474415463392172 -1.16855 -0.1122201074010821 -0.4029360864549192 -0.9083221662644172 3.07721
0.9275364277477556 0.2783685790378698 -0.24937343363993242 -1.57423 0.3565166273371957 -0.8592201127631807 0.36692872912234353 -1.29645 -0.11212524083828608 -0.4292455381569671 -0.8962009809966134 3.28831
0.919222938915131 0.2912550113807452 -0.26495227290557666 -1.59745 0.3777552571205382 -0.8421407285480313 0.38483757487852854 -1.42773 -0.11104122788417496 -0.45383864056092993 -0.8841381871878298 3.50273
0.9111002780190043 0.3034886959979961 -0.27891019127154354 -1.64408 0.3976859232467278 -0.825130978982791 0.4012540018171766 -1.55252 -0.10836138539669375 -0.4765012895306128 -0.8724702466162226 3.71629
0.9037319026923543 0.313820648322219 -0.29117906645684355 -1.71718 0.41520808636437434 -0.808192923038364 0.41764392030572967 -1.67006 -0.1042635750091612 -0.49833803771870216 -0.8606905989314522 3.92539
0.8974046091268776 0.32261308946867384 -0.3009746866786536 -1.82042 0.43007313610904285 -0.7919150717469648 0.433483121629127 -1.77267 -0.09849906149384867 -0.5184508787180105 -0.8494154585603878 4.12798
0.8916638365300729 0.3309033175244027 -0.3089313792346383 -1.95347 0.4433436001295794 -0.7763136332689649 0.44808882492747193 -1.8498 -0.0915535627303228 -0.5365073506039627 -0.8389146606772953 4.32499
0.8866851635279025 0.3377785229133746 -0.3157452932950154 -2.1127 0.4546535637813618 -0.7612025039493031 0.4624509540721243 -1.89681 -0.0841401076800098 -0.5536031226788461 -0.8285191759035069 4.5014
0.8824959600592971 0.3449554239532801 -0.31969772592909074 -2.30039 0.4642499531252889 -0.7477678779910985 0.47467376340793954 -1.90356 -0.0753184008206912 -0.5673173328304911 -0.8200476707898822 4.6702
0.8804128122899241 0.34940960862110604 -0.32060287796430054 -2.50053 0.469627868045263 -0.7361856608819738 0.4873195443105399 -1.90312 -0.06574911034384989 -0.5796064165578368 -0.8122397776358748 4.81653
0.8797858165126384 0.352477540906214 -0.3189615967791408 -2.70393 0.47207913372819116 -0.7266453995141051 0.49912699272171984 -1.89516 -0.055840921926770065 -0.5896999631352332 -0.8056896082963176 4.95306
0.8802676632608885 0.3545021330903753 -0.3153681636620743 -2.90572 0.4722321872518836 -0.7191573585319458 0.5097150723616637 -1.88512 -0.04610425512376298 -0.5976126933924077 -0.8004582852065153 5.09158
0.8827446977664767 0.3551591938973706 -0.3076097292923974 -3.10479 0.4685595499878479 -0.713969417866548 0.5202880149172073 -1.87803 -0.034838867380520916 -0.6034149628087395 -0.796665950055712 5.22408
0.8872355131364632 0.35368748205583117 -0.29617276928590663 -3.30585 0.4607151602505725 -0.7121256251976252 0.5297344948671745 -1.87687 -0.023551758846549697 -0.606450541242975 -0.7947723294638135 5.36021
0.8928200764707062 0.35151773247247337 -0.28161604146116004 -3.49929 0.45025796314052907 -0.712975314995548 0.5375257824844702 -1.87968 -0.011835441664136997 -0.6067136754387613 -0.7948323334868839 5.50002
0.9000607885423679 0.3475146828030881 -0.2629146670780468 -3.69093 0.4357625817540571 -0.7160569223076678 0.5453195910274173 -1.88692 0.0012446973647513848 -0.6053891552146768 -0.7959286535091763 5.64088
0.9088946555804748 0.34138659823445533 -0.2395113684215368 -3.87826 0.4167811187077692 -0.7239341908696765 0.5497388347011403 -1.90287 0.014283001993661629 -0.5994785048988611 -0.8002634053974201 5.78429
0.9185057775301443 0.3333008170863499 -0.21273857659887854 -4.06259 0.3944510505678693 -0.7349626910797707 0.5515779286979184 -1.92329 0.027486457568220962 -0.5905424693028888 -0.8065383354807117 5.92732
0.9283096370128805 0.32421235656649416 -0.1820097955567624 -4.24365 0.36915537306782564 -0.7453292142177745 0.5551654464830004 -1.94625 0.044334279786283945 -0.582555328087483 -0.811581025747101 6.07468
0.9379679121885576 0.3126791295332777 -0.14982642510235022 -4.41523 0.34138323318830677 -0.757308757370722 0.5567233910188355 -1.97413 0.060610921479025706 -0.5733369061589572 -0.8170747262237026 6.22333
0.9472724944374363 0.2992051844980441 -0.11467815333256984 -4.58858 0.3107995445922548 -0.7708679515310649 0.5560271975214403 -2.00571 0.07796450707548949 -0.5623511882016353 -0.8232148424103424 6.37197
0.9556167599633295 0.28448759457899186 -0.07657294958303865 -4.76764 0.2781266131361416 -0.785412533108138 0.5529672141294424 -2.0428 0.09717095832915529 -0.5497217126577016 -0.8296769512828931 6.52864
0.9620517427452024 0.270310851212557 -0.037262420716609256 -4.94579 0.24567823392967966 -0.7986536716594288 0.5493582784650715 -2.07772 0.11873773475232 -0.5376656549024275 -0.8347556492077377 6.69354
0.9668300296083515 0.25540872040255286 0.002465641872742702 -5.13314 0.2132589785091037 -0.812512898194505 0.5425342370328524 -2.11645 0.14057134107906805 -0.5240125721868668 -0.8400300722339266 6.86675
0.9699757100152583 0.23958590155416049 0.04178178738248728 -5.32234 0.18133921953510546 -0.8269717970556575 0.5321970822288815 -2.15917 0.16205927754619318 -0.5086415659882864 -0.8455888764111018 7.04532
0.9716327432212609 0.22213258104263897 0.08115989612895524 -5.51719 0.1487430942423512 -0.8407975626303127 0.5205141214127975 -2.21004 0.18386218810712118 -0.4936765895951123 -0.8499871297085627 7.23028
0.9715273409907594 0.20453221412516734 0.11958762098344822 -5.71498 0.11742317208267514 -0.8540545850413086 0.506756908613943 -2.26438 0.20578246855713106 -0.4782858341567042 -0.8537542014418193 7.42414
0.9691716561404352 0.18983298737531457 0.1570660301853014 -5.92446 0.09088452842095386 -0.8679649818778276 0.48823845887795825 -2.31247 0.2290115792437299 -0.4589120036978621 -0.8584599404947831 7.62059
0.9649160172622941 0.17120650169059293 0.19906133077406327 -6.14118 0.05733384554716005 -0.8772566847372154 0.47658529062345595 -2.38111 0.25622238345906945 -0.4484518289211658 -0.856294953477956 7.82211
0.9595876925932696 0.15526699275993508 0.2346990012394841 -6.35003 0.03066170095412693 -0.8867336873206746 0.4612626452090827 -2.44796 0.2797343745736744 -0.4354256868054142 -0.8556594830608195 8.029
0.9529586787176372 0.14164689913948653 0.2679662527649758 -6.5579 0.0074948357431912915 -0.8948263804278667 0.44635140453183825 -2.51428 0.30300756441699167 -0.42334608165723026 -0.8537941854168087 8.23575
0.9441543744502591 0.1310131652618465 0.30233767170915354 -6.76374 -0.013848650403461095 -0.900966912817957 0.4336667348198184 -2.57848 0.32921229030587923 -0.4136353134529885 -0.8488374964480571 8.4473
0.935544012418674 0.12338542971966462 0.33095836076531093 -6.96384 -0.02924009853727306 -0.9067305073274525 0.4206956188495801 -2.64982 0.35199775207392814 -0.40325652234600534 -0.8446784948844781 8.65586
0.9264146457295598 0.12088131638784129 0.3565720285245564 -7.16622 -0.038211910845042454 -0.9119809082583729 0.40844910679520885 -2.72676 0.37456074814019813 -0.39201853313405477 -0.8402533639516591 8.86269
0.9176223035798008 0.12127412208519629 0.37849953142027126 -7.3655 -0.04374833027591084 -0.9157056830226595 0.399461119106822 -2.81575 0.39503846846980595 -0.3831131548152187 -0.8349664179094634 9.0687
0.9093459788207798 0.12620402839199135 0.39643717537601253 -7.56468 -0.043607910267340025 -0.9187186317215437 0.3924976762858735 -2.91154 0.4137490072067769 -0.37420398039749414 -0.8299295994782199 9.26929
0.90189836534022 0.1362572463988806 0.40989425636428933 -7.77048 -0.03696426958463808 -0.9211153603093957 0.38753081913077103 -2.99821 0.43036377794920566 -0.3646648540864432 -0.825715788164063 9.46294
0.895155778469631 0.14839337332610347 0.42032789465526577 -7.98931 -0.02978660594662339 -0.9209394762870781 0.38856561752458585 -3.06375 0.4447571139156844 -0.3603468992082238 -0.8199641588828189 9.65258
0.8892315138319647 0.16739332782605065 0.42573088754215643 -8.20764 -0.01379404699297089 -0.9204110126752324 0.3907087048092331 -3.08662 0.4572494276384254 -0.3533030449139564 -0.8161494467184666 9.79613
0.8816213353991385 0.18880069548381045 0.43254840001307326 -8.44865 0.002921415970603927 -0.9186642910252174 0.39502833534300014 -3.11917 0.4719483936806723 -0.34700175472173705 -0.8104656044042025 9.96791
0.874862653204882 0.2129925129596198 0.43502819155827277 -8.69878 0.023290235368900514 -0.915589017480525 0.4014403019198602 -3.13846 0.48381081319434804 -0.34107321866747836 -0.805975282836906 10.1218
0.8675441146036845 0.23952071554711835 0.4358864944458654 -8.95822 0.04533577754678392 -0.9108346471352019 0.41027419228160183 -3.14927 0.49528968946540525 -0.33616970773983884 -0.8010480953771587 10.2658
0.8608598652211908 0.2701465875861744 0.43120889794494965 -9.21814 0.0721568484424325 -0.9036780937103227 0.4220891993061808 -3.154 0.5036999917353666 -0.3322449761299972 -0.7974331283325072 10.3981
0.8528697922399661 0.3020290903332831 0.42590086414212264 -9.48473 0.09963621177577102 -0.8948648158241862 0.4350742312559078 -3.15507 0.5125287726435765 -0.32862652052504054 -0.7932962039617196 10.525
0.8442348256348879 0.33590848279915997 0.41765182912181353 -9.75342 0.12928487700215494 -0.883857935680642 0.4495337252230264 -3.14895 0.5201470751275717 -0.3255159607729247 -0.7896115370980288 10.6453
0.835346441022178 0.36994363477667663 0.4066177941996664 -10.0236 0.1600975997028697 -0.8713316485192162 0.4638425561094683 -3.14221 0.5258945541084838 -0.3223706955928321 -0.7870908794936153 10.7546
0.8256887195085042 0.40343652002847874 0.39430586196976264 -10.2965 0.19041709510772267 -0.8572626701274696 0.47837437671415645 -3.13457 0.5310173898914641 -0.3199057497345618 -0.7846533265841832 10.854
0.8140875187871582 0.4387056754893761 0.3805244302911158 -10.5715 0.22256571047075946 -0.8408960365833406 0.49331365294412355 -3.11012 0.5364009845979164 -0.31690879752988776 -0.7822038083329347 10.9487
0.8013532824543408 0.4734229295963851 0.36565509217297876 -10.8494 0.25473225184430237 -0.8231452614643389 0.5074872987564676 -3.08425 0.5412433801627363 -0.3135324676348233 -0.7802262461419984 11.0343
0.7879240734661975 0.5055129772445369 0.35161382835406046 -11.1323 0.2835471694871113 -0.8047253275191072 0.5215535925723389 -3.06063 0.5466046625562957 -0.311245525408206 -0.7773992319169659 11.0907
0.7751833205907463 0.5350455294323513 0.33588257012289074 -11.4184 0.31113375010479777 -0.7860756384192003 0.5341169162548323 -3.02795 0.5498059739795749 -0.30953412108893785 -0.7758234456743811 11.1126
0.7613093048001591 0.562816194958925 0.32194110193738135 -11.7071 0.33603464489912394 -0.7671234132141487 0.546445227196829 -2.97838 0.5545167804965128 -0.3078304721606223 -0.7731439326264873 11.1068
0.7475126629941946 0.587978845717315 0.30903995801879935 -11.993 0.35857089382452334 -0.7488250323610015 0.5573939226538334 -2.90962 0.5591526918161173 -0.30584628148545306 -0.7705882943156555 11.0763
0.734960003507604 0.6101920524133595 0.29580306356708813 -12.2699 0.3784470230470274 -0.7310557260504276 0.5677458728654263 -2.82338 0.5626825428169471 -0.30532471989744625 -0.7682220847050678 11.0495
0.722959717331879 0.6294631999657228 0.28478996998546496 -12.5467 0.395015912734044 -0.714787173836975 0.5770976735397918 -2.73056 0.5668259660621588 -0.30472180100390345 -0.7654103136165841 11.0532
0.7119175457567514 0.64614380326771 0.2750847024871109 -12.8191 0.4087651390937131 -0.6997868253637171 0.5858408146493955 -2.63996 0.5710380627465921 -0.304625318294637 -0.7623115808831121 11.092
0.7024427772451485 0.6593713348581489 0.26796191420331666 -13.0887 0.4216983801162188 -0.6888579625708429 0.5896144363989949 -2.56385 0.5733625562447202 -0.3011712970555631 -0.7619391241604476 11.1709
0.6950974182686072 0.6689925691206899 0.26322712925839453 -13.3458 0.43091890589613624 -0.6807898320143595 0.5923125029637114 -2.51318 0.5754550161894442 -0.2982853450760844 -0.7614968005548333 11.2913
0.6892380341495762 0.6758223163506148 0.26118026151322626 -13.5959 0.436960065127795 -0.6752708872805583 0.5942012540165504 -2.4657 0.5779418948001096 -0.29542076012666624 -0.760729742235074 11.4304
0.6846150305333477 0.680398547349104 0.26145760025872705 -13.8401 0.4399295731822808 -0.6717017415167189 0.5960526328127935 -2.40829 0.5811748709360027 -0.2930436609255277 -0.7591845508069067 11.5789
0.6816886651027597 0.682213665626633 0.2643578603005601 -14.0805 0.44044710988930447 -0.6711648499507911 0.596275177733143 -2.32985 0.584214778365437 -0.29003837439691477 -0.7580045079790875 11.7213
0.679435502478317 0.6821691572868747 0.2702085098929199 -14.3166 0.43750720538571297 -0.6722932454969448 0.5971676793788896 -2.21677 0.5890287286776602 -0.2875187522679171 -0.7552338206719025 11.8504
0.6787930178119157 0.6800864378829283 0.27698822353577124 -14.5451 0.43277430198627515 -0.6752252684051039 0.5973083294643963 -2.0664 0.5932507416852378 -0.2855753384222198 -0.7526621310886779 11.9406
0.6782631468017424 0.6759977359728526 0.28807319321689057 -14.775 0.42456683168678344 -0.680492516054541 0.5972210152240186 -1.89817 0.5997517062268727 -0.2827666821839844 -0.7485592123036207 12.014
0.6797037897038714 0.6687777762482708 0.30122922211932424 -15.0051 0.4138625544203284 -0.6887447601342 0.5952717374748814 -1.72413 0.6055745571858813 -0.27994096053293294 -0.7449245024195559 12.0362
0.6813887611870082 0.6601292373691854 0.3161309002587568 -15.2347 0.4013214967922795 -0.6981693735199539 0.5928748452170656 -1.56009 0.6120869320124706 -0.2771081302472604 -0.7406488181388184 11.9795
0.6828437057590986 0.650162616993455 0.33318620164917423 -15.4283 0.3880073396531153 -0.7091776956977114 0.5886572010093795 -1.42013 0.6190111290441346 -0.27268217284800056 -0.7365253931334612 11.8233
0.6845148331325438 0.6378702507530362 0.35293198555215255 -15.5717 0.3718887421727254 -0.72194366724532 0.5835204407469947 -1.27992 0.627007341796501 -0.26817696494784493 -0.7313979141374743 11.6197
0.6853581882288357 0.6239874654488924 0.3753981843194709 -15.6922 0.3541203385616918 -0.7360369248446424 0.5769301786890637 -1.11579 0.6363041251199311 -0.26246768987421953 -0.7254155858040615 11.4127
0.6862320660634447 0.6086903530051772 0.398223060187037 -15.8115 0.3352603859020743 -0.750534700922689 0.5694718047065033 -0.944628 0.6455122192112926 -0.25728139627521124 -0.719110741109872 11.2136
0.6866883420361976 0.5898039457957351 0.42495932327148633 -15.9544 0.31285662860402147 -0.7674440709695773 0.5595983629999 -0.781036 0.6561858356061212 -0.2513183309220078 -0.7115189707186116 11.0225
0.6876651398672953 0.5686165279305256 0.4514331618030815 -16.1041 0.2888684577316648 -0.7847340421771662 0.5484045014184467 -0.630588 0.666086833332579 -0.24671385695278508 -0.7038896243364139 10.8333
0.6856264087379506 0.5475527136010075 0.4796899555642933 -16.2696 0.26532463756583213 -0.8015957991645738 0.5357676842272854 -0.476164 0.6778785026401564 -0.24006290965053573 -0.6948744743250094 10.6571
0.6842829359079782 0.5230772913194653 0.508081697102984 -16.4352 0.24149147189143108 -0.8199855038762781 0.518946666273593 -0.332612 0.6880688429429627 -0.23240895150285615 -0.6874207929881632 10.4822
0.6799476357580678 0.4976863261403208 0.5384974776170861 -16.6128 0.21697229241018115 -0.838059180428826 0.5005794986066001 -0.184632 0.7004243263574479 -0.22352881441083744 -0.6778205014417908 10.3148
0.6735116832573644 0.47127491523026954 0.5694576075447004 -16.7957 0.19271532001875658 -0.8557047477309363 0.48023972153582106 -0.0358316 0.7136125124645027 -0.2137038581435463 -0.667149041120995 10.1499
0.6663502542578211 0.4415439725218578 0.6008462856506266 -16.9809 0.17161158916046076 -0.8749981601184756 0.45268938827313354 0.104268 0.7256216652749273 -0.19853750305395582 -0.6588293092787706 9.98888
0.6571813020649053 0.41156512200129913 0.6314482453600867 -17.1664 0.15202704947273085 -0.89292224044676 0.4237660306633311 0.247947 0.7382415000830638 -0.18249389816537742 -0.6493808317832559 9.82847
0.6454808262338071 0.3794583826902847 0.6628467686958995 -17.3546 0.13304901139953446 -0.9104486251367524 0.39163919818144327 0.389306 0.7520987059755709 -0.16460448594333837 -0.6381636934809133 9.67116
0.632375487644445 0.3448861189014563 0.6936532329741865 -17.5436 0.11431873466900329 -0.9271705079521662 0.3567717422770479 0.520101 0.7661804418869804 -0.14631614460753406 -0.6257468468135168 9.51493
0.6170529346287057 0.3098878275619686 0.7233361667959273 -17.7275 0.097758058894371 -0.9422635239178287 0.3202855185848395 0.650456 0.7808258690561594 -0.12692117956778726 -0.6117205051245336 9.36501
0.5989895439205621 0.2740420179902944 0.7524044780898398 -17.9097 0.0813477965242976 -0.9555803533620448 0.28328205779595544 0.778008 0.7966141238231208 -0.10847654421245506 -0.5946753543583634 9.22313
0.5793460817315611 0.2369874780729686 0.7798686125360489 -18.0895 0.06697391612379651 -0.9674036666870488 0.2442225219743187 0.901085 0.8123254348728287 -0.08925850613285073 -0.5763335032267359 9.08298
0.5588341263844243 0.19670203647878615 0.8056132620763238 -18.2642 0.052374580898417886 -0.977893969961251 0.20243588315597347 1.00941 0.8276239015784116 -0.0709344229448731 -0.5567827091223341 8.94526
0.5361724827052722 0.16017280266107792 0.8287724308140079 -18.4348 0.04292744381621947 -0.9857353026222521 0.16273643639831226 1.13174 0.8430161940064196 -0.051677717170091765 -0.5353999534843258 8.8088
0.5119729955038469 0.12272381196169377 0.8501896952165491 -18.602 0.03504571129586781 -0.991901868284048 0.122075721641863 1.24726 0.8582863449890046 -0.03270397028199737 -0.5121279140343841 8.67378
0.48741390858557926 0.08491375587591496 0.8690324135383986 -18.7659 0.028540741187831165 -0.9962777406042443 0.08133934883530486 1.35682 0.8727044790819959 -0.014843100738986127 -0.4880231291144658 8.54021
0.4596693066801946 0.04882908777469927 0.8867467782198254 -18.9274 0.02448250035171425 -0.9988045875099035 0.042308428778438475 1.46582 0.8877526320280203 0.0022618921863351432 -0.46031527040829295 8.41636
0.4314725451363073 0.012345489974746316 0.9020415908764301 -19.1144 0.021814203287819783 -0.9997567643988973 0.003248472497269155 1.52302 0.9018622862325019 0.01827569194124479 -0.43163690268042865 8.31069
0.40184853634831047 -0.021248796206806492 0.9154595799348447 -19.3244 0.022338982496735483 -0.99920571851374 -0.032998514367338666 1.5267 0.915433626046002 0.03371084023281705 -0.4010546790090677 8.3594
0.3711075687478 -0.053521226087859704 0.9270461966785413 -19.5131 0.0242049263294331 -0.997440833825358 -0.0672748434346815 1.52405 0.9282743635151642 0.0474052884795188 -0.3688623654761895 8.46223
0.3394783863257744 -0.08436677004384321 0.9368226477461022 -19.6865 0.02853807919735265 -0.9945871126241632 -0.09991022689222409 1.5205 0.9401808353999638 0.06065248151806609 -0.33523316248892604 8.57706
0.30780504303962125 -0.1134596358360287 0.94466023866538 -19.8527 0.033805460432662277 -0.9909332826149605 -0.13003238154734614 1.51579 0.9508486979137705 0.07195929711923713 -0.3011787064747318 8.69632
0.27463933481425706 -0.13841506520397062 0.9515327138345602 -20.0067 0.04195531169626807 -0.9869174428386882 -0.1556718113250231 1.5235 0.9606315566299346 0.0826754543097597 -0.265239102813713 8.82224
0.24105707926403908 -0.16036522993771649 0.9571700358680869 -20.1462 0.052528622077349485 -0.9826521812761938 -0.17786352772784503 1.53729 0.9690883491195973 0.09315408557955052 -0.22845150019313076 8.95143
0.2065139274875752 -0.1809420009480502 0.9615674651560192 -20.2677 0.06286406434003505 -0.978267843575282 -0.1975857678103853 1.55117 0.9764220947767971 0.1012522519230232 -0.19065118492211935 9.08428
0.17149972617600043 -0.19782726976377515 0.965117720933238 -20.378 0.08158297101068598 -0.9734153347835807 -0.21402524348599428 1.56945 0.9818004190071556 0.11544244170139552 -0.15080112695664258 9.22624
0.13703146118394155 -0.2117837756123549 0.9676621368190292 -20.4743 0.10147314125552842 -0.9687369872477883 -0.2263887169048277 1.58663 0.9853555603179645 0.12921409337009004 -0.11125707988715211 9.36647
0.10067117604173718 -0.22439655203088815 0.9692840150085124 -20.5677 0.11960781904045292 -0.9644380482392365 -0.23569730743663136 1.59539 0.9877040467360451 0.13966187219545845 -0.07025153034702965 9.5182
0.0642729404398261 -0.23402997987435945 0.9701025500673761 -20.6673 0.13778283654694587 -0.96072122823164 -0.24089543702230465 1.59084 0.9883748676895303 0.1491465391656691 -0.029503063817294856 9.66768
0.027578491340072883 -0.24077500416022612 0.9701890662067106 -20.7756 0.1561673355697406 -0.957603178256582 -0.24209071914045244 1.57116 0.9873455272175259 0.15818833826972362 0.011191939912720314 9.81817
-0.009385991817294197 -0.24569211753891412 0.9693024742240421 -20.8912 0.17301212029965585 -0.9551248671695314 -0.24042315683769322 1.52916 0.9848749714491798 0.16544446649443745 0.05147250838406721 9.96057
-0.04485243822221813 -0.2491428616072581 0.9674275648831124 -21.0177 0.18816597201493615 -0.9531755544024971 -0.23674866306943845 1.47299 0.981112544900531 0.17141819331575883 0.08963245639367895 10.0892
-0.08031385584331108 -0.2507919399811035 0.9647036267165655 -21.1491 0.20170760480515326 -0.9518957633789916 -0.2306696725295611 1.40874 0.9761473898563414 0.17606208706488014 0.12703706063590503 10.2128
-0.11687525291415019 -0.2500877552802908 0.9611432202929585 -21.2856 0.21366821526503352 -0.9514448215104522 -0.22158214144284932 1.34562 0.9698897200412574 0.17946828767169137 0.1646361584782708 10.3388
-0.15266738808640462 -0.2479856909673298 0.9566586463782845 -21.4303 0.22483804775924937 -0.9513372288485238 -0.21072572051513214 1.2815 0.9623619490060302 0.18292231707002862 0.20099478854698521 10.4612
-0.1879468382774688 -0.24513008277722753 0.951097906894518 -21.578 0.23348538574344962 -0.9517461126774772 -0.1991580067372239 1.21829 0.9540233543397856 0.18463634398714995 0.23611196465516807 10.5842
-0.22238131077957593 -0.2410071590989578 0.9447021233590022 -21.7334 0.24102439955144644 -0.9524791441911549 -0.18625444612612585 1.16154 0.9446977249029568 0.1862767541695282 0.2699021663848639 10.7058
-0.25580843485491067 -0.23611748291251144 0.9374489740354621 -21.8908 0.2466074043095362 -0.9535700155064885 -0.17288439393614513 1.11332 0.934744260638595 0.186956571935878 0.3021595727644435 10.8287
-0.2885182050649955 -0.23120077946174455 0.9291412405669842 -22.0545 0.25091893491885864 -0.9547508266061018 -0.15965759360002446 1.06893 0.9240113275524594 0.1870750081417792 0.3334756481116642 10.9536
-0.3204133974112758 -0.22581892732762207 0.9199679705402606 -22.2217 0.25335447414394274 -0.9562196110557785 -0.14647718547125954 1.03116 0.9127687358748708 0.18614474876541015 0.3635978098345097 11.0817
-0.35223666061289033 -0.21878586724358073 0.9099791641651768 -22.3919 0.2546861680182528 -0.9580069087842886 -0.13174869464913136 1.00334 0.9005910785370116 0.18535238605436405 0.3931668885390734 11.2146
-0.3812279342045152 -0.21341159684176464 0.8995113965457057 -22.567 0.2550468202512053 -0.9595093314221123 -0.11955317809928981 0.97122 0.8886036133518179 0.1838405103543265 0.4202217094472316 11.3413
-0.4091013610824179 -0.2065700429427824 0.888799692686226 -22.7448 0.25471339729697806 -0.9611728780413231 -0.10614981749956626 0.949624 0.8762175309807174 0.1829631544228959 0.445833290059949 11.4704
-0.4362820931477074 -0.2001738183906521 0.877261863772478 -22.9226 0.2534101772564409 -0.9628133341256155 -0.09366838149971063 0.927148 0.8633893775473004 0.18144124685644758 0.4707842995233201 11.6041
-0.46140448364166253 -0.19437240639609127 0.8656357606448356 -23.1104 0.2514761957319823 -0.9643415269687651 -0.08249328665849068 0.904801 0.8508029298583427 0.17962401564195954 0.4938315376209954 11.7364
-0.4846574139564016 -0.1889999469866523 0.8540411062332629 -23.3014 0.2517915907593624 -0.9651948572263985 -0.07070984660272736 0.888914 0.8376802408556396 0.1807703173166272 0.515377440772569 11.8688
-0.5075999762463729 -0.18355826083761068 0.8418127042240177 -23.5051 0.2510221707968527 -0.9661625858534647 -0.05931043302305487 0.917761 0.8242148590526123 0.18120767802501703 0.5365012987325048 11.9759
-0.5284274053147079 -0.17783385647860145 0.8301443228754345 -23.725 0.24957955893505224 -0.9671483164234941 -0.04831332943387001 0.978388 0.8114644299500443 0.18165696664083392 0.5554513708658038 12.0558
-0.5479333855932902 -0.17435807353369323 0.8181492939225053 -23.9482 0.2473728472878121 -0.9680678494992168 -0.040636353068190745 1.03005 0.7991093037732672 0.18012190582930515 0.573568147357769 12.1351
-0.5668476861020789 -0.16974570680471024 0.8061452076283081 -24.1722 0.24571539066008058 -0.9688389216414125 -0.031226442408135477 1.09275 0.7863254081825682 0.1803816479968901 0.590893233598459 12.2222
-0.5848864864249471 -0.16569121901947026 0.7940114721698432 -24.4023 0.24311601087169765 -0.9697180025191722 -0.023272319352809337 1.14746 0.7738232377328251 0.1794252366030723 0.607457143520939 12.3182
-0.6016341754254194 -0.16190917331501598 0.7821903467549467 -24.6261 0.2395672102757196 -0.9707366547299622 -0.016670300668894286 1.19965 0.7619999151711796 0.17735773667965632 0.6228164757928173 12.4188
-0.616652321493985 -0.15870019049154666 0.7710733842728758 -24.8486 0.23639244924626024 -0.9715962901378359 -0.010920573691361221 1.24605 0.750905136708648 0.17554172873804386 0.6366526345945847 12.5282
-0.6306616997720479 -0.15538352143790696 0.760343199947357 -25.0681 0.2337001036934847 -0.9722965950880421 -0.004857233147985696 1.28332 0.7400338383981407 0.17462901375703554 0.6495033684130971 12.6502
-0.6434887254194459 -0.15188388457617547 0.750235660218913 -25.2878 0.2296210685716818 -0.9732801019716852 -8.929717296227158e-05 1.30953 0.7302030026821694 0.1722124522560349 0.6611705121690674 12.7838
-0.6551115316399322 -0.14920070849338682 0.7406537853123101 -25.5284 0.22609054557673805 -0.9740990681602378 0.0037510812000479815 1.34277 0.7209104981294108 0.1699121949550056 0.6718764020951897 12.8935
-0.6657868826997472 -0.1466761853962735 0.7315831623694948 -25.7829 0.2225015266932646 -0.9749069961208202 0.007029902833253304 1.39882 0.7121944239069267 0.16745878762333294 0.6817159650496708 12.9295
-0.6758594157460592 -0.14412703795643816 0.7228011117017592 -26.0395 0.2183930955927762 -0.9758133440524187 0.009631893201262523 1.47636 0.7039307536574888 0.1643645779939809 0.6909889865664001 12.9135
-0.6844010868414008 -0.14245310652751908 0.7150540292669985 -26.2984 0.2151196364838151 -0.976521685343259 0.011355177384480622 1.56055 0.6966481854777069 0.16159365858541935 0.6989769632653127 12.8573
-0.6919303459498705 -0.13978784532390687 0.7083020222005527 -26.5526 0.21146905633784596 -0.9772885718037103 0.013707138047207884 1.6592 0.6902993803888815 0.15926834500792605 0.7057764233191435 12.7695
-0.7000358751353217 -0.1379323518356048 0.7006600030261634 -26.7861 0.20753727101175276 -0.9781151462156714 0.014800063665069155 1.75797 0.683284753718769 0.15577364045497155 0.713341796248395 12.6772
-0.7071746028657572 -0.1357496023398997 0.6938848078220314 -27.0215 0.20371109951963373 -0.9788985921648957 0.01610385637314235 1.86623 0.6770567694028029 0.15274027537667992 0.7199059239120731 12.5703
-0.7126824592075212 -0.13456300957353506 0.6884595186301317 -27.2614 0.201008629066446 -0.9794480847717526 0.01664272446967334 1.97419 0.6720708618730229 0.15024728181054808 0.7250837957986606 12.4477
-0.7172503538932729 -0.13407322905464789 0.6837955097036207 -27.5038 0.19858904410546316 -0.9799495433899743 0.01616428071579376 2.07978 0.6679179001952656 0.14738813269948328 0.7294946311921058 12.3162
-0.7219856894115957 -0.13265911514396977 0.6790715893439232 -27.7394 0.1959789743055103 -0.9804637179548923 0.016826746691785632 2.19552 0.6635728339187967 0.1452324238704579 0.7338791706689111 12.184
-0.7261208820001139 -0.1315398103212993 0.6748672039920246 -27.9748 0.19419711834341397 -0.9808014623692212 0.017775563043424633 2.30508 0.6595725463893191 0.14396447379486826 0.7377250750343762 12.0469
-0.7296748800824637 -0.12973299140950056 0.671374649742292 -28.1994 0.19257516406501224 -0.9810840940558034 0.01971817882152821 2.42621 0.6561168916907844 0.14367794309025514 0.7408557707863102 11.9089
-0.7326762922932819 -0.12903536981442099 0.6682329863514855 -28.4215 0.19160517490287954 -0.9812558062840167 0.02060338769089118 2.54015 0.6530489320577793 0.1431325119277931 0.7436667105413781 11.7695
-0.7360326365774755 -0.12663656108669655 0.664995593435735 -28.6351 0.18973578696304724 -0.9815638145658664 0.02308265756837087 2.66605 0.6498125029870718 0.1431630515567508 0.7464904899800372 11.633
-0.7377239908055181 -0.1263275679060564 0.6631776978886734 -28.8623 0.1888996484929182 -0.9817240380370661 0.023126520262438666 2.77067 0.6481359704485099 0.14233502284096405 0.7481046083828319 11.5033
-0.7386407757197999 -0.12665830318757018 0.6620932552727733 -29.0739 0.18858822231871405 -0.9817967646167303 0.02257421960529426 2.87746 0.6471818035503775 0.14153722910162653 0.74908138805574 11.3639
-0.7399570012770775 -0.12629029633300107 0.6606923620817466 -29.2886 0.18783125460233926 -0.981939667789218 0.022669552631480405 2.98029 0.6458970940138578 0.1408731694614806 0.7503143968166482 11.2407
-0.7409502165071697 -0.12594888262937334 0.6596435822642336 -29.4847 0.1869695897764079 -0.9821080771112813 0.022496608002612897 3.08928 0.6450078675154437 0.14000215654479686 0.751241803287055 11.1111
-0.7407009102956665 -0.12612736545034434 0.659889421927436 -29.689 0.18698639668181535 -0.9821123041697561 0.022170012501636097 3.19124 0.6452892753975703 0.13981169365588558 0.7510355792996435 10.9828
-0.7402258048312932 -0.1256963288302078 0.6605044971689995 -29.8883 0.18663289643695177 -0.9821777976974632 0.022247149878479394 3.29554 0.6459364673320578 0.13973978184028257 0.7504924207091048 10.8484
-0.7398054522899621 -0.12602529104693241 0.6609126408070737 -30.0824 0.1872374178936592 -0.9820609719491972 0.022324800440606675 3.39413 0.6462430209314135 0.14026358540524214 0.7501307116141203 10.7196
-0.738116127240524 -0.12601942044757475 0.6627998856197151 -30.2726 0.18737379890856215 -0.9820434555055336 0.021947915193120705 3.4956 0.648132426429988 0.14039144264807624 0.7484748497051639 10.5852
-0.7365975702620893 -0.1268118896158406 0.6643363335962036 -30.4578 0.1881412872402018 -0.9819137205111341 0.021173131737706193 3.59433 0.6496359561474305 0.14058517035605939 0.7471338128851962 10.455
-0.7346299548087424 -0.12703191315521556 0.6664695961091034 -30.6406 0.1887843837786496 -0.9817949122149309 0.020957261037455502 3.69156 0.6516742176417762 0.1412148837375235 0.7452375934371379 10.3266
-0.7333805079977397 -0.1275188955337684 0.6677514221406237 -30.8104 0.18936083610498114 -0.9816935436185744 0.020500247979693693 3.78539 0.6529130908770323 0.14148044988426609 0.7441019943945495 10.2101
-0.7314476302803422 -0.12811560196664967 0.6697542509682152 -30.9844 0.1893828098079598 -0.9817187701783036 0.019037006824638505 3.87382 0.6550713819932253 0.1407645154586986 0.7423387607293342 10.0934
-0.7283688447067953 -0.12930292871861998 0.6728741180081723 -31.1664 0.19115622177085 -0.9813884031228475 0.01833306014502753 3.95967 0.6579803378056079 0.1419773039636092 0.7395297967089921 9.97189
-0.7263631701723089 -0.13023035128691984 0.674860430475012 -31.3348 0.19356234539301792 -0.9809030935350102 0.01904572233865036 4.04315 0.6594923528466324 0.14446167899180867 0.7376995728883678 9.86178
-0.7232240232320662 -0.13030187277031666 0.6782097272765788 -31.5076 0.19488455788472406 -0.9806340331050348 0.01941396956391396 4.13281 0.6625458635582135 0.14621325202833413 0.7346119136069055 9.74645
-0.720520443735788 -0.13061071108854375 0.6810221232146042 -31.6631 0.19778574922154044 -0.9800137468362232 0.021303835732103704 4.2273 0.6646285335160208 0.15004632005141444 0.7319528770866138 9.61227
-0.7174237955897281 -0.13108022898437202 0.6841937379799908 -31.817 0.20067276930975056 -0.9793933595445664 0.022783479487624117 4.32287 0.6671083399112797 0.15364446247558666 0.7289443339318884 9.47917
-0.7141826815392076 -0.13133404584080033 0.6875277927419031 -31.9717 0.20346897606596703 -0.9787776140460493 0.02438766124477322 4.4167 0.6697338823503957 0.15730782131035137 0.7257484248597835 9.34729
-0.7110586233392194 -0.13122261711479066 0.6907794575206181 -32.1247 0.2062471588217108 -0.9781412611333958 0.02649118242627932 4.51544 0.6722036474558186 0.1613080841926884 0.7225800705258751 9.21476
-0.7079680133433328 -0.130874712231596 0.6940123210584893 -32.2818 0.2090794117095187 -0.9774698875042329 0.028955459272199474 4.61376 0.6745866079918102 0.16560322678244938 0.7193806222003375 9.08327
-0.7051026317360236 -0.13088060570569812 0.6969221949177994 -32.4249 0.21183466330994818 -0.9768176398728345 0.030876752640558322 4.7124 0.6767247255267791 0.169403558059962 0.7164817376439757 8.94217
-0.7024499980414903 -0.13095926986471912 0.6995810674167866 -32.566 0.21417521448764792 -0.9762610529774324 0.032300680156392966 4.80681 0.678743676029973 0.17252253787808491 0.7138228044644024 8.80218
-0.7004931885331961 -0.13065524987037286 0.7015971055384328 -32.7027 0.21613443688870299 -0.9757686014005219 0.03408139832332181 4.90392 0.6801435128040255 0.1755130827094667 0.7117583577229146 8.66163
-0.6990175793884272 -0.1299108860481875 0.7032052228134537 -32.8501 0.2176013873183681 -0.9753693450081684 0.03611477613745606 4.99536 0.6811931150144325 0.1782632954494891 0.7100691075891294 8.52572
-0.6985318990347417 -0.12926432101483148 0.7038067357900835 -32.9865 0.2183344548270466 -0.9751494630044776 0.03759774777104849 5.08768 0.6814567131273226 0.1799284861122708 0.7093958612925877 8.39133
-0.6970748509532932 -0.1273821367121254 0.7055922642823529 -33.1319 0.2190595101797535 -0.9748739579284996 0.040419019689112934 5.18171 0.6827148622728605 0.182741777925782 0.7074643873950643 8.2346
-0.6965333574984599 -0.12521237950791486 0.7065147853441485 -33.2641 0.2185884869547765 -0.9748812808992892 0.04272659035053389 5.27931 0.6834181408645397 0.18419649337087482 0.7064073163318235 8.07461
-0.6977959220312387 -0.12226127653953181 0.7057854004267141 -33.3875 0.21694143147811426 -0.9751204819536697 0.04556820144211507 5.38328 0.6826545733420379 0.18491140022553137 0.7069586321432345 7.91665
-0.7006390409731607 -0.1195987287929176 0.7034209822967525 -33.5038 0.21415758330432239 -0.9756470812896199 0.04742680976302936 5.48235 0.680618442137342 0.18387201212301046 0.7091894100875826 7.76808
-0.7042092922496695 -0.11664784123208369 0.7003445964988335 -33.613 0.21062042906723463 -0.9763306916655642 0.04916721846286311 5.57754 0.6780326744108673 0.18213089152512135 0.7121095637495056 7.60984
-0.7091264033939796 -0.11320213455118089 0.6959346382689792 -33.7086 0.20592749380474729 -0.9772441175991581 0.05087044243112304 5.67848 0.6743393888130919 0.17938564979088706 0.7163010382124868 7.44452
-0.7154711778328766 -0.10977188816070997 0.689964583337485 -33.8077 0.20009907895361062 -0.9784035727570157 0.05183442310110291 5.77087 0.6693738509176717 0.1751473133848762 0.7219848103123132 7.28583
-0.7228797276266473 -0.10564520633221047 0.6828499028084056 -33.9085 0.19290988425940103 -0.979803938115141 0.05263097385652151 5.86356 0.6634988138206797 0.1697743597634402 0.7286604084382968 7.12704
-0.7315369727666013 -0.10071457564258575 0.6743220534200337 -34.008 0.18381561839429322 -0.9815409766682784 0.052812210287069346 5.95383 0.6565557675550496 0.16258500968482897 0.7365464267213464 6.96829
-0.7418371907137488 -0.09482751018271819 0.6638413408236035 -34.078 0.17246663507020382 -0.9836300860455706 0.05222177336652299 6.05221 0.6480222544492544 0.15323053592065067 0.746047961326868 6.80101
-0.753661843375726 -0.08741225546468576 0.6514237664025463 -34.1394 0.15911726861615236 -0.9859000525045797 0.05179557220074221 6.15926 0.6377111577098505 0.14268911684513153 0.7569440502879448 6.62917
-0.7667513277676029 -0.07848166369337248 0.6371287388201372 -34.1998 0.1493687392561678 -0.9870690024978445 0.05817013014368787 6.27238 0.6243247400989658 0.139769140985523 0.7685591754240712 6.45644
-0.7808248054199979 -0.06920158478550893 0.6209055998330151 -34.2653 0.1384982557811424 -0.9882911660817181 0.06402190398932908 6.37355 0.609205102068592 0.13598423330670223 0.7812665562441443 6.28921
-0.7960433917076195 -0.0576019769174484 0.6024922661527131 -34.2937 0.1252775648758664 -0.9895842140270827 0.07091272866823387 6.50036 0.5921321222982275 0.13192837300445728 0.7949682095146915 6.10879
-0.811541474729556 -0.04532351350617736 0.5825343027815901 -34.3364 0.1111079389162038 -0.990766131331202 0.0777013443693038 6.61846 0.5736335596036646 0.12778204932798415 0.8090836095027324 5.93635
-0.8266871672345926 -0.032277361402054845 0.5617352574572526 -34.3829 0.09577835406897395 -0.9918552992834595 0.08396173042021583 6.72975 0.5544500287866193 0.12321216345896972 0.8230455202200404 5.76247
-0.8414736048148469 -0.01851700934815098 0.5399808262935891 -34.435 0.07952596630116224 -0.99277208983167 0.08988436090402503 6.84023 0.5344135038374059 0.11857781418148634 0.8368640922516438 5.58946
-0.8560051569207692 -0.0034209739558818224 0.5169559635619291 -34.4815 0.061548180484026355 -0.993540169184121 0.09534019979365453 6.95531 0.5132903591576167 0.1134294016328281 0.8506860631520089 5.42274
-0.8698369370876395 0.011978629936525986 0.4931938921994454 -34.5264 0.04324862539346155 -0.9940048131392536 0.10041906122631372 7.07079 0.4914399854301341 0.1086781665323899 0.8641040428325678 5.25452
