1 0 0 0 0 1 0 0 0 0 1 0
0.999702 0.0198601 -0.0142069 -0.0222606 -0.0198245 0.999801 0.00263591 0.0464756 0.0142563 -0.00235354 0.999896 -0.0971249
0.998835 0.0395365 -0.027687 -0.0257163 -0.0393804 0.999206 0.00616087 0.0995368 0.0279087 -0.00506337 0.999598 -0.166796
0.997248 0.060563 -0.0427816 -0.0141645 -0.0601668 0.998134 0.0104907 0.154534 0.0433372 -0.00788778 0.99903 -0.266074
0.994673 0.0835207 -0.0604259 0.0137151 -0.0827169 0.996451 0.0156853 0.218872 0.0615216 -0.0106035 0.998049 -0.387174
0.99125 0.106415 -0.0781127 0.0478912 -0.105007 0.99423 0.021926 0.283401 0.0799953 -0.0135317 0.996704 -0.510191
0.986805 0.129678 -0.0969619 0.0980213 -0.127484 0.991432 0.0285117 0.350991 0.0998286 -0.0157743 0.99488 -0.644212
0.981335 0.152082 -0.117719 0.154964 -0.148909 0.988221 0.0353398 0.409303 0.121707 -0.0171505 0.992419 -0.800275
0.974966 0.173881 -0.138601 0.215578 -0.169572 0.984607 0.0424026 0.464564 0.14384 -0.0178381 0.98944 -0.956437
0.967766 0.195681 -0.15856 0.267132 -0.190105 0.980504 0.0497558 0.51416 0.165205 -0.0180088 0.986096 -1.11322
0.959759 0.217132 -0.178098 0.314028 -0.210194 0.975988 0.0571771 0.561537 0.186236 -0.0174411 0.98235 -1.27066
0.951459 0.237695 -0.195528 0.344177 -0.229424 0.971206 0.0642493 0.60765 0.205169 -0.0162716 0.978593 -1.41139
0.942882 0.257902 -0.210869 0.350912 -0.248268 0.966057 0.0714206 0.648524 0.222131 -0.014989 0.974901 -1.54683
0.934186 0.276715 -0.225236 0.353541 -0.265813 0.960867 0.0779964 0.688526 0.238004 -0.0129923 0.97118 -1.67671
0.925763 0.293946 -0.237832 0.337077 -0.282218 0.955777 0.0827481 0.733314 0.251638 -0.00948425 0.967775 -1.79908
0.917294 0.310292 -0.249592 0.314962 -0.297998 0.95063 0.0866284 0.779429 0.264149 -0.00508558 0.964471 -1.92113
0.909807 0.324477 -0.258789 0.270487 -0.311646 0.945896 0.0903572 0.812782 0.274106 -0.00155666 0.961699 -2.01525
0.90318 0.337017 -0.265881 0.206674 -0.323893 0.941499 0.0931538 0.836269 0.28172 0.00198264 0.959498 -2.09429
0.897984 0.348137 -0.269134 0.0960833 -0.335341 0.937428 0.0937168 0.870076 0.28492 0.006096 0.958532 -2.16205
0.893423 0.358003 -0.271358 -0.0213928 -0.34562 0.93367 0.0938705 0.892841 0.286964 0.00992119 0.957894 -2.21685
0.890153 0.365194 -0.272527 -0.138566 -0.353246 0.930845 0.0935565 0.888272 0.287846 0.0129895 0.95759 -2.25783
0.888015 0.367713 -0.276085 -0.225344 -0.356631 0.92978 0.0912685 0.882543 0.290257 0.0174131 0.956795 -2.27884
0.887141 0.367909 -0.278629 -0.302256 -0.35791 0.929612 0.0879175 0.86224 0.291362 0.0217291 0.956368 -2.28729
0.885351 0.370282 -0.281162 -0.363912 -0.361648 0.928523 0.0840417 0.829126 0.292182 0.0272753 0.955979 -2.28934
0.885261 0.369275 -0.28277 -0.411543 -0.362407 0.928732 0.0782724 0.785358 0.291521 0.0331865 0.955991 -2.29151
0.885265 0.368224 -0.284123 -0.448243 -0.363399 0.928885 0.0715636 0.73943 0.290267 0.0398973 0.956119 -2.30436
0.885614 0.367325 -0.284203 -0.484403 -0.364803 0.928901 0.0638049 0.698838 0.287433 0.0471718 0.956642 -2.30805
0.886346 0.365825 -0.28385 -0.516679 -0.365873 0.929049 0.0548847 0.661246 0.283787 0.0552061 0.957303 -2.31142
0.887595 0.363446 -0.283008 -0.541634 -0.366407 0.9294 0.0444003 0.624561 0.279163 0.0642863 0.958093 -2.31452
0.889549 0.359774 -0.281558 -0.558118 -0.365797 0.930121 0.0328139 0.589722 0.273687 0.0738034 0.958989 -2.32174
0.892592 0.353816 -0.279472 -0.579021 -0.362794 0.931644 0.0207689 0.556125 0.267716 0.0828523 0.959933 -2.32476
0.896191 0.346031 -0.277697 -0.582393 -0.357619 0.933824 0.00949488 0.519161 0.262604 0.0908003 0.960629 -2.32135
0.899337 0.338425 -0.276899 -0.559985 -0.352545 0.9358 -0.00129609 0.482097 0.258683 0.0987849 0.960902 -2.32757
0.902708 0.331093 -0.274784 -0.548225 -0.347583 0.937575 -0.0121619 0.447503 0.253602 0.106489 0.961436 -2.33637
0.905855 0.324366 -0.272443 -0.531809 -0.342938 0.939102 -0.0221686 0.415802 0.24866 0.113512 0.961921 -2.34827
0.908976 0.317676 -0.269918 -0.514156 -0.338236 0.940519 -0.0321144 0.387577 0.243659 0.120487 0.962354 -2.3571
0.911902 0.311435 -0.267314 -0.493255 -0.33373 0.941772 -0.041256 0.362042 0.238899 0.126832 0.962731 -2.36326
0.914736 0.30593 -0.263961 -0.463182 -0.329495 0.942888 -0.0490386 0.338526 0.233881 0.131831 0.963293 -2.38064
0.917346 0.302005 -0.259387 -0.451523 -0.326507 0.943531 -0.0561661 0.319996 0.227775 0.136215 0.964145 -2.40468
0.919737 0.29901 -0.254336 -0.436098 -0.323894 0.944108 -0.0613337 0.304398 0.221779 0.138788 0.965176 -2.43398
0.921875 0.297212 -0.248644 -0.432813 -0.322252 0.944359 -0.0659641 0.299065 0.215202 0.140936 0.966352 -2.46719
0.923123 0.298215 -0.242738 -0.424892 -0.3228 0.944041 -0.0678006 0.293329 0.208934 0.140944 0.967727 -2.50602
0.924042 0.300939 -0.235791 -0.425831 -0.324307 0.94361 -0.0665989 0.276282 0.202451 0.138008 0.969526 -2.55734
0.925083 0.30388 -0.227794 -0.441353 -0.325955 0.943112 -0.0655968 0.273821 0.194901 0.134933 0.971503 -2.60794
0.92545 0.308423 -0.220069 -0.445818 -0.329198 0.942093 -0.0640447 0.286511 0.18757 0.131716 0.973389 -2.66835
0.925875 0.313015 -0.211636 -0.459384 -0.332236 0.941199 -0.0614236 0.297951 0.179964 0.127183 0.975423 -2.72658
0.926182 0.318255 -0.202268 -0.47732 -0.335767 0.94015 -0.0582172 0.306855 0.171633 0.121834 0.977607 -2.79526
0.926222 0.324098 -0.192578 -0.496072 -0.339851 0.938909 -0.0544109 0.31583 0.163178 0.115844 0.979778 -2.86395
0.926136 0.330044 -0.182631 -0.513821 -0.344087 0.937583 -0.0505375 0.32723 0.15455 0.109645 0.981891 -2.93615
0.92632 0.335457 -0.171498 -0.536014 -0.347722 0.936453 -0.0464294 0.330229 0.145024 0.102642 0.984097 -3.02067
0.92626 0.341333 -0.159829 -0.555024 -0.351854 0.935115 -0.0420724 0.328068 0.135096 0.0952063 0.986257 -3.10135
0.926214 0.346538 -0.148499 -0.566392 -0.355679 0.933785 -0.0393438 0.335372 0.125031 0.0892584 0.988137 -3.17891
0.926706 0.350073 -0.136665 -0.571212 -0.357953 0.933 -0.0373246 0.344259 0.11444 0.0835082 0.989923 -3.25442
0.927543 0.352476 -0.124247 -0.575592 -0.359292 0.932505 -0.0368096 0.353627 0.102885 0.0787832 0.991575 -3.32749
0.928759 0.353593 -0.111318 -0.574882 -0.359524 0.932368 -0.0380365 0.365653 0.090338 0.0753479 0.993065 -3.39888
0.930639 0.352443 -0.0985307 -0.559825 -0.357561 0.933051 -0.0397133 0.372137 0.0779363 0.0721892 0.994349 -3.44326
0.93294 0.349356 -0.0870984 -0.51552 -0.354 0.934179 -0.0448047 0.391418 0.065711 0.0726328 0.995201 -3.51182
0.936072 0.344001 -0.0738041 -0.482709 -0.348132 0.935956 -0.052932 0.410092 0.0508676 0.0752415 0.995875 -3.57911
0.939209 0.337937 -0.0608438 -0.431322 -0.341554 0.937658 -0.0645007 0.445738 0.0352519 0.0813609 0.996071 -3.64167
0.943459 0.328206 -0.0466998 -0.383298 -0.331004 0.940409 -0.0779594 0.47954 0.0183292 0.0890089 0.995871 -3.69017
0.948624 0.314652 -0.0335217 -0.303403 -0.316425 0.943902 -0.0945895 0.523884 0.00187725 0.100337 0.994962 -3.726
0.954118 0.298683 -0.0215368 -0.185992 -0.299134 0.94727 -0.114927 0.585097 -0.0139262 0.116095 0.99315 -3.74923
0.96025 0.279023 -0.0092543 -0.0369782 -0.277578 0.950701 -0.138356 0.650504 -0.0298072 0.135425 0.99035 -3.79079
0.966205 0.25777 0.00464541 0.096001 -0.253625 0.953592 -0.162324 0.706891 -0.0462728 0.155659 0.986736 -3.82946
0.971918 0.234509 0.0200148 0.222793 -0.226735 0.955724 -0.187634 0.755054 -0.0631307 0.177826 0.982049 -3.84538
0.976925 0.210427 0.0368466 0.343617 -0.198018 0.956686 -0.21343 0.800691 -0.0801627 0.201207 0.976273 -3.86688
0.981224 0.185027 0.0546133 0.458912 -0.166987 0.956357 -0.239837 0.843063 -0.0966058 0.226213 0.969291 -3.88924
0.984588 0.158456 0.0741508 0.563712 -0.13361 0.954677 -0.265994 0.878382 -0.112939 0.251986 0.961129 -3.92006
0.98632 0.132468 0.0982152 0.597915 -0.0990953 0.95218 -0.289073 0.878822 -0.13181 0.275384 0.952274 -3.96081
0.98681 0.106024 0.122413 0.630729 -0.0631525 0.947995 -0.311978 0.881535 -0.149124 0.30013 0.942181 -4.01175
0.985914 0.0798468 0.147039 0.658712 -0.0264061 0.942046 -0.33449 0.884312 -0.165223 0.325893 0.930877 -4.06535
0.983762 0.0545257 0.171054 0.695835 0.0101493 0.934362 -0.356201 0.896245 -0.179249 0.352151 0.918631 -4.10447
0.980406 0.0292548 0.194858 0.731322 0.0472346 0.925207 -0.376553 0.912679 -0.191297 0.378376 0.90569 -4.1511
0.975733 0.00408473 0.218969 0.753458 0.0849462 0.914506 -0.395573 0.927975 -0.201865 0.404572 0.891962 -4.2177
0.96996 -0.0193117 0.242541 0.768807 0.121247 0.902636 -0.413011 0.944651 -0.210947 0.430009 0.877856 -4.29347
0.963406 -0.040265 0.265042 0.781864 0.155079 0.890164 -0.428454 0.9654 -0.21868 0.453875 0.863828 -4.37851
0.95636 -0.0600893 0.285986 0.792649 0.187389 0.877061 -0.442358 0.988291 -0.224243 0.476641 0.850039 -4.46361
0.949404 -0.0776844 0.304331 0.803873 0.216286 0.864309 -0.454098 1.00981 -0.22776 0.496942 0.837375 -4.53417
0.942727 -0.0933288 0.320279 0.809614 0.242218 0.851669 -0.464781 1.03004 -0.229392 0.515735 0.825491 -4.61616
0.936545 -0.106523 0.334 0.814488 0.264548 0.839897 -0.473922 1.05201 -0.230043 0.532205 0.814777 -4.69787
0.930626 -0.119749 0.34586 0.822349 0.285544 0.828702 -0.481403 1.07608 -0.228964 0.54676 0.805399 -4.79767
0.928263 -0.112923 0.354393 0.839655 0.286611 0.824447 -0.488013 1.10009 -0.237071 0.554573 0.797665 -4.87323
0.927168 -0.107422 0.358948 0.856499 0.285959 0.821914 -0.492662 1.12467 -0.242099 0.559421 0.792764 -4.94854
0.926941 -0.102656 0.360916 0.873031 0.284388 0.819688 -0.497242 1.14958 -0.244794 0.563551 0.788993 -5.02393
0.927382 -0.100392 0.360427 0.889535 0.283028 0.818303 -0.500308 1.16191 -0.244708 0.565984 0.787286 -5.06785
0.927099 -0.102845 0.360459 0.908935 0.285897 0.815939 -0.502517 1.17334 -0.242431 0.568933 0.785854 -5.09582
0.927986 -0.105123 0.357512 0.928184 0.286442 0.814909 -0.503893 1.18476 -0.238365 0.570008 0.786328 -5.12382
0.929386 -0.10871 0.352766 0.947504 0.286945 0.81395 -0.505138 1.19629 -0.23222 0.570689 0.787663 -5.15161
0.931343 -0.112565 0.346343 0.973053 0.286797 0.812827 -0.507044 1.21055 -0.224438 0.571558 0.789296 -5.17114
0.933651 -0.116943 0.338584 0.998654 0.285807 0.813 -0.507309 1.22479 -0.215943 0.570415 0.792477 -5.19041
0.936 -0.12164 0.33035 1.02419 0.284833 0.813161 -0.507615 1.23882 -0.206879 0.569219 0.795758 -5.21062
0.937927 -0.128113 0.322335 1.06204 0.285451 0.813038 -0.50745 1.25834 -0.19706 0.567957 0.799136 -5.19868
0.940022 -0.13394 0.313758 1.09937 0.285095 0.813543 -0.506856 1.27806 -0.187365 0.565902 0.802925 -5.18887
0.942596 -0.133115 0.30629 1.13515 0.279719 0.815751 -0.506286 1.29888 -0.182462 0.562894 0.806154 -5.1896
0.945235 -0.128041 0.300272 1.17737 0.271429 0.819305 -0.505074 1.32123 -0.181342 0.558912 0.80918 -5.17226
0.94879 -0.119544 0.29245 1.21816 0.259346 0.823354 -0.504824 1.34264 -0.180441 0.554814 0.812188 -5.15871
0.950301 -0.114739 0.289466 1.25748 0.252922 0.82669 -0.502642 1.36149 -0.181623 0.550869 0.814614 -5.12836
0.952801 -0.106442 0.284363 1.28925 0.242676 0.829836 -0.502493 1.38343 -0.182489 0.54778 0.816494 -5.14924
0.954929 -0.0973238 0.280474 1.31815 0.232421 0.832886 -0.50231 1.40293 -0.184714 0.544854 0.817958 -5.17776
0.955664 -0.0884267 0.280915 1.33047 0.225181 0.834166 -0.503469 1.41971 -0.18981 0.544398 0.817087 -5.19762
0.956209 -0.0788119 0.281921 1.34156 0.217468 0.835958 -0.503902 1.43537 -0.195958 0.54314 0.81648 -5.23061
0.955567 -0.0702055 0.286334 1.34523 0.212639 0.836873 -0.50443 1.45354 -0.204211 0.542897 0.81461 -5.29038
0.955425 -0.0564067 0.289841 1.34943 0.203698 0.836545 -0.50866 1.46684 -0.21377 0.545022 0.810737 -5.36149
0.954847 -0.0429167 0.294025 1.35799 0.195599 0.835684 -0.51322 1.48169 -0.223686 0.547552 0.806338 -5.44072
0.952927 -0.0344016 0.301286 1.38067 0.193202 0.834684 -0.515763 1.50387 -0.233732 0.549689 0.802031 -5.56173
0.949948 -0.0270804 0.311275 1.40583 0.193369 0.833499 -0.517601 1.52467 -0.245431 0.551878 0.79701 -5.71572
0.946157 -0.0195464 0.32316 1.42586 0.194713 0.831845 -0.519767 1.54179 -0.258655 0.5547 0.790851 -5.89873
0.941752 -0.0122938 0.336125 1.44346 0.197197 0.829757 -0.522148 1.55953 -0.272483 0.55801 0.783843 -6.08171
0.936815 -0.00474614 0.349835 1.46671 0.200481 0.826766 -0.525643 1.57895 -0.286732 0.562561 0.775468 -6.25316
0.931561 0.00206556 0.363618 1.48551 0.20459 0.823723 -0.528815 1.60578 -0.300613 0.56701 0.766918 -6.4478
0.926049 0.00909086 0.377329 1.50443 0.208508 0.821015 -0.531502 1.635 -0.314619 0.570869 0.758396 -6.65199
0.920085 0.0159601 0.391428 1.51992 0.213395 0.817517 -0.53493 1.66544 -0.328536 0.575704 0.748773 -6.85617
0.913704 0.0219974 0.405817 1.53321 0.219188 0.814209 -0.537638 1.69695 -0.342241 0.580188 0.739116 -7.0567
0.908477 0.0328112 0.416679 1.55601 0.220404 0.809451 -0.544275 1.7304 -0.355139 0.586292 0.728128 -7.2387
0.902015 0.0377018 0.430087 1.57885 0.22733 0.805438 -0.54738 1.76529 -0.367039 0.591512 0.717938 -7.4133
0.895674 0.042233 0.442734 1.59907 0.233926 0.801931 -0.549736 1.80145 -0.378257 0.595944 0.708382 -7.58812
0.88992 0.0477703 0.453639 1.61763 0.239133 0.798044 -0.553152 1.83852 -0.388441 0.600736 0.698763 -7.76237
0.884434 0.0529628 0.463682 1.63328 0.243489 0.795249 -0.555263 1.87703 -0.39815 0.603987 0.690442 -7.9384
0.87837 0.0523773 0.475134 1.64709 0.253679 0.791399 -0.55621 1.91425 -0.405147 0.609085 0.681845 -8.10069
0.875085 0.0579911 0.480515 1.65865 0.255388 0.788026 -0.560194 1.95278 -0.411143 0.612926 0.674771 -8.25981
0.873798 0.0634901 0.482157 1.67096 0.253351 0.786867 -0.562751 1.99085 -0.415116 0.61388 0.671469 -8.42396
0.872221 0.0689385 0.48426 1.68263 0.251318 0.786205 -0.564575 2.02887 -0.419648 0.614129 0.668412 -8.5869
0.871636 0.0710883 0.485003 1.69338 0.251016 0.785142 -0.566197 2.06788 -0.421039 0.615255 0.666504 -8.74737
0.867668 0.0520486 0.494445 1.76748 0.268171 0.788447 -0.553587 2.06759 -0.418656 0.612916 0.670145 -8.89718
0.85805 0.0385988 0.512143 1.74377 0.287174 0.790687 -0.540724 2.02238 -0.425809 0.611037 0.667355 -9.10725
0.853294 0.0320928 0.52047 1.69738 0.298941 0.787714 -0.538671 2.03336 -0.427267 0.615227 0.662551 -9.32347
0.851752 0.0302113 0.523106 1.68032 0.303223 0.785785 -0.539104 2.05894 -0.42733 0.617794 0.660123 -9.52778
0.853717 0.0291276 0.519952 1.66991 0.301131 0.786987 -0.538515 2.09112 -0.424877 0.616304 0.663086 -9.75035
0.855465 0.027371 0.517171 1.6475 0.299687 0.788282 -0.537435 2.12116 -0.42238 0.614738 0.666134 -9.96606
0.854233 0.0270336 0.519216 1.61928 0.301942 0.787201 -0.537749 2.13771 -0.423261 0.616127 0.664284 -10.1557
0.856362 0.0275169 0.515677 1.59671 0.298598 0.788356 -0.537932 2.16972 -0.421334 0.614636 0.666891 -10.3543
0.856804 0.0254747 0.515043 1.56981 0.297578 0.791287 -0.534172 2.18052 -0.421152 0.610937 0.67039 -10.5461
0.858468 0.03127 0.511949 1.55256 0.291073 0.792157 -0.536471 2.21543 -0.422313 0.609549 0.670928 -10.7218
0.858795 0.0288662 0.511538 1.53194 0.291689 0.79328 -0.534464 2.22882 -0.421217 0.608195 0.672838 -10.8996
0.855109 0.0268714 0.517789 1.49973 0.295724 0.795032 -0.529633 2.22675 -0.425884 0.606006 0.671881 -11.0588
0.853949 0.0341235 0.519269 1.4814 0.292938 0.793222 -0.533867 2.26531 -0.43011 0.607998 0.667369 -11.204
0.850624 0.0378416 0.524449 1.4681 0.293845 0.792933 -0.533809 2.28622 -0.436046 0.608167 0.663357 -11.3422
0.84222 0.0342409 0.538077 1.44028 0.302594 0.795985 -0.524282 2.27014 -0.44625 0.60437 0.660027 -11.4722
0.834873 0.03841 0.549138 1.4173 0.306167 0.796653 -0.521196 2.29322 -0.457484 0.603249 0.653333 -11.5946
0.824491 0.0381006 0.564621 1.40076 0.314401 0.798753 -0.513004 2.292 -0.470534 0.600476 0.646579 -11.7126
0.814213 0.042627 0.579035 1.39661 0.319201 0.80021 -0.507754 2.31573 -0.484984 0.598238 0.637924 -11.8199
0.79933 0.0514569 0.598714 1.38693 0.322262 0.804246 -0.499364 2.32368 -0.507204 0.59209 0.626269 -11.9193
0.780358 0.0624981 0.622235 1.36194 0.325662 0.808837 -0.48966 2.35018 -0.53388 0.584737 0.61082 -12.011
0.758069 0.0692156 0.648517 1.35437 0.33217 0.814764 -0.475239 2.35622 -0.561277 0.575673 0.59465 -12.0893
0.734179 0.0821101 0.674005 1.33292 0.33559 0.819076 -0.465333 2.39329 -0.590259 0.567816 0.573784 -12.1645
0.710517 0.0841694 0.698653 1.34919 0.342613 0.825841 -0.447921 2.40389 -0.614671 0.557614 0.557931 -12.2435
0.67837 0.0893662 0.729296 1.34877 0.343794 0.83863 -0.42255 2.32627 -0.649358 0.537362 0.53817 -12.2906
0.643433 0.0862139 0.760656 1.33761 0.356903 0.845271 -0.397704 2.29788 -0.67724 0.527368 0.513099 -12.3362
0.612759 0.0852165 0.785692 1.34332 0.36704 0.849778 -0.37842 2.31305 -0.699897 0.520249 0.489424 -12.3857
0.593855 0.0820172 0.800405 1.39566 0.371987 0.854117 -0.363513 2.3401 -0.713445 0.513605 0.476707 -12.4676
0.556076 0.0826813 0.827038 1.39403 0.373954 0.863772 -0.337788 2.30003 -0.742286 0.497099 0.449397 -12.4809
0.516314 0.0870699 0.851984 1.36923 0.375681 0.870983 -0.316678 2.28412 -0.769626 0.483571 0.416986 -12.4861
0.475449 0.0909797 0.875056 1.33597 0.38688 0.871704 -0.300836 2.31404 -0.790141 0.481563 0.379247 -12.486
0.450963 0.0910787 0.887905 1.34713 0.394313 0.872129 -0.289729 2.36675 -0.800744 0.480761 0.357381 -12.5323
0.435678 0.0939134 0.895219 1.38446 0.394738 0.873896 -0.283784 2.41522 -0.808961 0.477004 0.343662 -12.5858
0.413081 0.0900706 0.906252 1.39163 0.389551 0.882012 -0.265222 2.39604 -0.8232 0.462581 0.329251 -12.6218
0.384769 0.0888517 0.918755 1.37196 0.386833 0.888229 -0.247902 2.36692 -0.838073 0.450779 0.307388 -12.6289
0.360253 0.0882172 0.928698 1.34595 0.389243 0.890522 -0.235582 2.3696 -0.847793 0.446349 0.286472 -12.6329
0.350322 0.0752698 0.933629 1.36199 0.40668 0.885709 -0.224003 2.41345 -0.843765 0.458149 0.27967 -12.6652
0.350283 0.0638078 0.934492 1.39705 0.403441 0.890128 -0.212003 2.39938 -0.845331 0.451264 0.286051 -12.7165
0.334781 0.0639424 0.940153 1.37919 0.404956 0.891129 -0.204809 2.35752 -0.850874 0.449274 0.272436 -12.6601
0.332463 0.0666888 0.94078 1.3565 0.393001 0.896992 -0.202467 2.37349 -0.857359 0.437031 0.272005 -12.6636
0.339925 0.0665431 0.938125 1.36849 0.382093 0.901711 -0.202409 2.41144 -0.859367 0.427243 0.281086 -12.6707
0.355092 0.0631548 0.932721 1.39333 0.36549 0.908944 -0.200689 2.42692 -0.86045 0.412154 0.299673 -12.6882
0.375242 0.0655567 0.924637 1.4154 0.333542 0.921157 -0.20067 2.39664 -0.86487 0.383694 0.323787 -12.714
0.381258 0.077531 0.921237 1.38013 0.306714 0.92945 -0.205156 2.37762 -0.872134 0.360765 0.330576 -12.6713
0.401235 0.0834702 0.912197 1.35922 0.290618 0.932814 -0.213186 2.4214 -0.868682 0.350627 0.350015 -12.6763
0.439436 0.0835154 0.894411 1.38999 0.263297 0.939984 -0.217131 2.44324 -0.858849 0.330903 0.391068 -12.7558
0.455222 0.0835579 0.886482 1.38341 0.231801 0.950162 -0.208593 2.366 -0.859709 0.300434 0.413159 -12.7254
0.470742 0.0876396 0.877936 1.35712 0.206557 0.956474 -0.206233 2.33994 -0.85778 0.278419 0.432143 -12.7019
0.489604 0.09488 0.866802 1.326 0.181332 0.961277 -0.207644 2.34715 -0.852916 0.258834 0.453433 -12.7033
0.514357 0.104718 0.851189 1.32646 0.160187 0.96334 -0.215312 2.39766 -0.842513 0.24709 0.478719 -12.7176
0.539074 0.119433 0.833785 1.33954 0.138033 0.964012 -0.22733 2.45306 -0.830907 0.237629 0.503179 -12.7244
0.561465 0.126709 0.817774 1.35785 0.114925 0.966714 -0.228691 2.45374 -0.819512 0.222378 0.528205 -12.7389
0.579612 0.131194 0.804302 1.35783 0.0945105 0.969501 -0.226247 2.4323 -0.809431 0.207143 0.549525 -12.7586
0.595631 0.13409 0.792021 1.36122 0.0764942 0.972042 -0.222094 2.42008 -0.79964 0.192865 0.568711 -12.7821
0.609057 0.135599 0.781489 1.36251 0.0637498 0.973748 -0.218641 2.42276 -0.790598 0.182977 0.584413 -12.8123
0.61869 0.137235 0.773591 1.36521 0.0522423 0.975283 -0.214796 2.42532 -0.783929 0.173301 0.596218 -12.8402
0.625816 0.137655 0.767769 1.35771 0.0448726 0.976347 -0.211627 2.43695 -0.778717 0.166885 0.604825 -12.888
0.629634 0.136503 0.76484 1.36348 0.0403643 0.977389 -0.207666 2.43673 -0.775875 0.161621 0.609877 -12.9292
0.62789 0.130087 0.767395 1.36254 0.0416015 0.978943 -0.199985 2.42038 -0.777228 0.157487 0.609245 -12.9684
0.620829 0.11876 0.774934 1.35449 0.0541703 0.979621 -0.193526 2.43826 -0.782106 0.16212 0.601733 -13.0126
0.608206 0.110227 0.786131 1.33012 0.0668923 0.9797 -0.18912 2.48796 -0.790995 0.167603 0.588475 -13.0719
0.594249 0.0967428 0.798478 1.3531 0.079144 0.980913 -0.177747 2.45395 -0.800413 0.168815 0.575239 -13.111
0.562658 0.0854667 0.822301 1.29907 0.0943252 0.981537 -0.166558 2.43805 -0.82133 0.171272 0.544199 -13.1311
0.533024 0.0725779 0.843016 1.26791 0.121567 0.979433 -0.161187 2.46985 -0.837355 0.188394 0.513229 -13.1681
0.514954 0.0600677 0.855151 1.29541 0.154485 0.974734 -0.161494 2.56353 -0.843221 0.215261 0.492656 -13.2656
0.489257 0.0412995 0.871196 1.31079 0.178692 0.972966 -0.146476 2.56483 -0.853672 0.227333 0.468642 -13.368
0.454725 0.022609 0.890384 1.30516 0.201212 0.971252 -0.127422 2.53604 -0.867643 0.237089 0.437097 -13.4499
0.411086 0.00364205 0.911623 1.27397 0.227194 0.968054 -0.106318 2.51256 -0.882866 0.250813 0.39712 -13.5126
0.370209 -0.0196203 0.928779 1.26782 0.259386 0.962223 -0.0830632 2.50694 -0.892038 0.271652 0.361309 -13.5998
0.327927 -0.0328484 0.944165 1.25858 0.285203 0.956232 -0.0657887 2.52401 -0.900657 0.290844 0.322938 -13.6894
0.282991 -0.0496938 0.957872 1.24959 0.314896 0.948142 -0.0438425 2.53067 -0.905994 0.314025 0.283961 -13.784
0.23851 -0.0617122 0.96921 1.23796 0.340795 0.939857 -0.0240223 2.54508 -0.909414 0.336022 0.245194 -13.8755
0.195238 -0.0722157 0.978131 1.22696 0.362217 0.932117 -0.00348042 2.55779 -0.911456 0.354961 0.208141 -13.967
0.147186 -0.0880634 0.985213 1.21996 0.38551 0.922396 0.0248549 2.55648 -0.910923 0.37614 0.169712 -14.0509
0.110977 -0.0943022 0.989377 1.20633 0.400087 0.915528 0.0423869 2.57173 -0.909772 0.391117 0.139332 -14.142
0.0728327 -0.0975325 0.992597 1.19663 0.413264 0.908728 0.0589676 2.58588 -0.907729 0.405897 0.106492 -14.223
0.0376302 -0.100756 0.994237 1.18671 0.425388 0.901905 0.0752994 2.59955 -0.904268 0.420086 0.0768015 -14.3033
0.00591351 -0.102794 0.994718 1.17615 0.436459 0.895248 0.0899196 2.60944 -0.89974 0.433609 0.0501614 -14.3804
-0.0213445 -0.104958 0.994285 1.16491 0.44269 0.890711 0.103528 2.61968 -0.896461 0.442352 0.0274555 -14.4544
-0.0426333 -0.102423 0.993861 1.15406 0.441498 0.890435 0.110703 2.63854 -0.896284 0.443494 0.00726062 -14.5223
-0.0595376 -0.100007 0.993242 1.14212 0.443143 0.888938 0.116069 2.64694 -0.894513 0.447041 -0.00860325 -14.5894
-0.0728314 -0.0989453 0.992458 1.13336 0.442811 0.888432 0.12107 2.65705 -0.893688 0.448275 -0.0208879 -14.6552
-0.0805593 -0.0960471 0.99215 1.12332 0.442782 0.88833 0.12195 2.66563 -0.893044 0.449113 -0.0290301 -14.7177
-0.0838408 -0.0927148 0.992191 1.11561 0.442066 0.888892 0.120417 2.68067 -0.893092 0.448695 -0.033535 -14.7803
-0.084242 -0.0876876 0.992618 1.10488 0.442114 0.889447 0.116096 2.69441 -0.893036 0.448613 -0.0361554 -14.8357
-0.0811808 -0.0846152 0.993135 1.09474 0.437026 0.892507 0.111765 2.70271 -0.895815 0.443085 -0.0354708 -14.8914
-0.074759 -0.0813807 0.993914 1.08368 0.429265 0.897001 0.105734 2.71448 -0.900121 0.434539 -0.0321198 -14.9426
-0.0655761 -0.0762918 0.994961 1.07261 0.422304 0.901284 0.0969422 2.72835 -0.904116 0.426519 -0.0268801 -14.9896
-0.0541513 -0.071995 0.995973 1.06001 0.413073 0.90647 0.0879847 2.73801 -0.909128 0.416157 -0.0193424 -15.0335
-0.0423828 -0.068941 0.996754 1.04932 0.404702 0.910952 0.0802148 2.7439 -0.913502 0.406775 -0.0107043 -15.0743
-0.0269158 -0.0670807 0.997423 1.03979 0.394431 0.916113 0.0722567 2.74892 -0.918572 0.395343 0.0018051 -15.1162
-0.0122103 -0.0632282 0.997959 1.0306 0.38406 0.92118 0.0630628 2.75854 -0.923263 0.384034 0.0130389 -15.1493
0.00440536 -0.0632026 0.99803 1.02246 0.371963 0.926526 0.0570332 2.75858 -0.928278 0.370964 0.0275944 -15.1849
0.0200918 -0.0608817 0.997977 1.01564 0.360375 0.931517 0.0495721 2.76368 -0.932627 0.358638 0.0406587 -15.2087
0.0377634 -0.0605052 0.997493 1.00745 0.351899 0.935063 0.0433968 2.76214 -0.935316 0.349362 0.0566057 -15.2394
0.0555971 -0.0564325 0.996892 0.999991 0.345 0.93802 0.033859 2.77677 -0.93699 0.342034 0.0716221 -15.2616
0.0685932 -0.0632888 0.995675 0.99282 0.334021 0.941877 0.0368589 2.76374 -0.940107 0.330034 0.0857481 -15.2783
0.0840511 -0.0638302 0.99445 0.985617 0.325443 0.945009 0.0331502 2.76887 -0.941854 0.320839 0.100203 -15.2944
0.100794 -0.0653739 0.992797 0.983202 0.320137 0.946933 0.0298526 2.77466 -0.942034 0.314808 0.116375 -15.3116
0.115407 -0.0726572 0.990693 0.980184 0.313224 0.94913 0.033121 2.77294 -0.942676 0.306476 0.132294 -15.3209
0.124727 -0.0771486 0.989227 0.976708 0.308661 0.950552 0.0352159 2.77326 -0.943 0.30093 0.142372 -15.3128
0.134726 -0.088826 0.986929 0.974729 0.30743 0.9506 0.0435886 2.76433 -0.94202 0.297528 0.155378 -15.32
0.144115 -0.0974037 0.984795 0.967455 0.306917 0.950501 0.0490986 2.77076 -0.940803 0.295161 0.166875 -15.3344
0.153271 -0.109055 0.982184 0.966458 0.305951 0.950321 0.0577728 2.76908 -0.939664 0.291635 0.17902 -15.3576
0.160064 -0.123216 0.979427 0.959436 0.30757 0.949044 0.0691294 2.77125 -0.938007 0.290164 0.189803 -15.3867
0.162517 -0.134482 0.977534 0.950494 0.311456 0.947041 0.0785066 2.78239 -0.936297 0.29169 0.195793 -15.4132
0.165322 -0.1527 0.974388 0.943139 0.315439 0.944266 0.0944613 2.78317 -0.934476 0.291729 0.204273 -15.4549
0.166602 -0.170078 0.971281 0.936361 0.320988 0.940741 0.109672 2.79043 -0.932351 0.293487 0.211319 -15.5053
0.162324 -0.187666 0.968768 0.924976 0.329038 0.935885 0.126164 2.79731 -0.930303 0.298267 0.213663 -15.5543
0.158642 -0.206737 0.965486 0.913112 0.336075 0.930778 0.144083 2.79976 -0.928415 0.301607 0.217136 -15.6136
0.152463 -0.226035 0.962155 0.899095 0.345152 0.924411 0.162476 2.81045 -0.926123 0.307303 0.218951 -15.6805
0.142269 -0.246462 0.958691 0.886921 0.354794 0.916878 0.183061 2.82179 -0.924093 0.314082 0.217883 -15.7481
0.127811 -0.267789 0.955005 0.870389 0.366639 0.907445 0.205386 2.83123 -0.921585 0.323876 0.21416 -15.8239
0.113705 -0.288161 0.950845 0.856397 0.376818 0.898047 0.2271 2.84785 -0.919319 0.332461 0.210694 -15.9087
0.0958406 -0.30874 0.946349 0.835725 0.3876 0.887258 0.250209 2.8597 -0.916876 0.342808 0.2047 -15.9976
0.0747323 -0.329249 0.94132 0.812345 0.398582 0.875135 0.274456 2.87718 -0.914121 0.35467 0.196631 -16.093
0.0505401 -0.349342 0.935675 0.790192 0.409575 0.861713 0.299606 2.89415 -0.910919 0.36807 0.18663 -16.1933
0.0225642 -0.370022 0.928789 0.767438 0.419257 0.846885 0.327208 2.908 -0.907626 0.382003 0.174241 -16.2991
-0.00975313 -0.388804 0.921313 0.739878 0.429776 0.830286 0.35494 2.92472 -0.902927 0.399402 0.158999 -16.4102
-0.0368401 -0.40827 0.912159 0.714126 0.425417 0.819529 0.383992 2.9453 -0.904287 0.402179 0.143492 -16.5316
-0.0663463 -0.426444 0.902123 0.682661 0.421076 0.807698 0.412777 2.96774 -0.904641 0.407229 0.125976 -16.6613
-0.0991425 -0.444336 0.8904 0.649373 0.415247 0.794696 0.442814 2.98889 -0.904331 0.413622 0.10572 -16.7881
-0.133109 -0.462924 0.876394 0.61815 0.408982 0.779809 0.474023 3.00456 -0.902828 0.421507 0.0855281 -16.9221
-0.168563 -0.480973 0.860422 0.580783 0.402395 0.763282 0.505505 3.02335 -0.899855 0.431423 0.0648797 -17.0587
-0.205152 -0.496522 0.843482 0.53692 0.395036 0.746489 0.535508 3.04059 -0.895513 0.443046 0.0430015 -17.1915
-0.241771 -0.510083 0.825493 0.497502 0.387812 0.729034 0.564064 3.06812 -0.889508 0.456493 0.0215576 -17.3298
-0.275926 -0.52171 0.807321 0.451518 0.381236 0.711634 0.590173 3.10432 -0.882388 0.470602 0.00253854 -17.4822
-0.311272 -0.530703 0.788379 0.40644 0.374895 0.693737 0.615014 3.14385 -0.873293 0.486977 -0.0169809 -17.6317
-0.34598 -0.538169 0.768607 0.34437 0.367608 0.675951 0.638767 3.17739 -0.863277 0.503524 -0.0360271 -17.7792
-0.381359 -0.542923 0.748249 0.283493 0.359244 0.658761 0.661088 3.21412 -0.851814 0.520896 -0.0561804 -17.919
-0.415229 -0.546583 0.727267 0.228115 0.35087 0.641369 0.682352 3.24618 -0.839382 0.538485 -0.0745308 -18.0667
-0.447508 -0.547464 0.707175 0.157649 0.344349 0.624312 0.701225 3.27195 -0.825372 0.557298 -0.0908625 -18.2242
-0.478392 -0.54606 0.687783 0.0661475 0.337486 0.608749 0.718051 3.30433 -0.81076 0.575602 -0.106927 -18.3598
-0.506311 -0.542007 0.670786 -0.0358829 0.332342 0.595129 0.731731 3.3456 -0.795787 0.593391 -0.121185 -18.4979
-0.532114 -0.534421 0.656762 -0.165061 0.327275 0.58558 0.741659 3.38526 -0.780919 0.609562 -0.136686 -18.5887
-0.554342 -0.527743 0.643639 -0.335723 0.323937 0.575549 0.750913 3.40156 -0.766714 0.624736 -0.14809 -18.5996
-0.57031 -0.522462 0.633932 -0.472035 0.314987 0.573654 0.756158 3.41404 -0.758696 0.630897 -0.162585 -18.5159
-0.570004 -0.529448 0.628379 -0.588736 0.297325 0.580041 0.758428 3.40853 -0.766013 0.619114 -0.173202 -18.4035
-0.561434 -0.539958 0.627158 -0.708634 0.283224 0.586725 0.75869 3.42724 -0.777604 0.603553 -0.176471 -18.3144
-0.550351 -0.549976 0.628268 -0.799965 0.262326 0.600469 0.755438 3.41054 -0.792705 0.580543 -0.18619 -18.1504
-0.533005 -0.559093 0.635146 -0.911574 0.242796 0.618027 0.747774 3.39217 -0.810585 0.552752 -0.193658 -17.9888
-0.512918 -0.571079 0.640989 -0.96697 0.218762 0.635073 0.740872 3.37833 -0.830143 0.520208 -0.200805 -17.8143
-0.484065 -0.577054 0.657859 -1.08075 0.200614 0.658593 0.725313 3.38026 -0.851781 0.48305 -0.203027 -17.6477
-0.453841 -0.583909 0.673174 -1.17176 0.177496 0.681067 0.71043 3.36517 -0.873271 0.441887 -0.205449 -17.4611
-0.421794 -0.590237 0.688331 -1.23859 0.152142 0.702323 0.695463 3.35188 -0.893889 0.398045 -0.206426 -17.2653
-0.385549 -0.592915 0.707029 -1.31763 0.126034 0.725233 0.676919 3.35221 -0.914083 0.350077 -0.204879 -17.0668
-0.345825 -0.595046 0.725545 -1.3901 0.0994663 0.745642 0.658937 3.33564 -0.933063 0.300026 -0.198665 -16.8787
-0.305913 -0.592785 0.745057 -1.46719 0.0718708 0.765948 0.638926 3.3315 -0.949385 0.248989 -0.191703 -16.6806
-0.26471 -0.589613 0.763134 -1.54213 0.0442803 0.783089 0.620391 3.31141 -0.96336 0.198001 -0.181174 -16.4858
-0.223348 -0.582232 0.781799 -1.63321 0.0175363 0.799516 0.600446 3.29359 -0.974622 0.147807 -0.168354 -16.2909
-0.184059 -0.571019 0.800093 -1.72348 -0.008693 0.814906 0.579593 3.2812 -0.982924 0.0997132 -0.154946 -16.0897
-0.152428 -0.562751 0.812507 -1.74374 -0.0384238 0.824856 0.564101 3.26863 -0.98761 0.0547579 -0.147348 -15.8377
-0.120694 -0.553269 0.824268 -1.79662 -0.0648996 0.832953 0.549596 3.23767 -0.990614 0.0128308 -0.136431 -15.5992
-0.0887719 -0.539433 0.837391 -1.87563 -0.0858177 0.841716 0.533127 3.22027 -0.992391 -0.0245406 -0.121008 -15.3915
-0.0603767 -0.527443 0.847497 -1.94339 -0.104413 0.84772 0.520144 3.19244 -0.992748 -0.05709 -0.106248 -15.1798
-0.0369265 -0.515822 0.855954 -2.00961 -0.120698 0.85256 0.508575 3.16885 -0.992045 -0.0845338 -0.0937356 -14.9578
-0.0198226 -0.506638 0.861985 -2.05435 -0.132061 0.855923 0.500038 3.14843 -0.991091 -0.103925 -0.0838676 -14.7295
-0.00808993 -0.498058 0.867161 -2.11995 -0.139303 0.859284 0.49224 3.12602 -0.99026 -0.116816 -0.0763277 -14.4993
-0.00305968 -0.490981 0.871219 -2.18067 -0.140762 0.862757 0.485716 3.11092 -0.990087 -0.12115 -0.0717451 -14.2653
-0.0022475 -0.489332 0.872149 -2.23226 -0.136886 0.864081 0.484459 3.08175 -0.990628 -0.118297 -0.0689206 -14.0422
-0.00781587 -0.48917 0.872208 -2.29696 -0.127177 0.865634 0.484342 3.05441 -0.991898 -0.107141 -0.0689709 -13.8181
-0.0224939 -0.492563 0.870041 -2.33349 -0.11464 0.865779 0.487193 3.02916 -0.993196 -0.0887845 -0.0759379 -13.5721
-0.040925 -0.496514 0.867119 -2.38402 -0.0971337 0.865707 0.491121 3.0124 -0.994478 -0.0641315 -0.0836511 -13.3305
-0.0650173 -0.501785 0.862602 -2.45403 -0.0748122 0.864436 0.49722 2.98768 -0.995121 -0.0322094 -0.0937382 -13.0822
-0.0924746 -0.509622 0.85547 -2.52441 -0.0508371 0.860443 0.507088 2.94768 -0.994465 0.00339627 -0.10547 -12.8383
-0.122588 -0.521035 0.844744 -2.58466 -0.0250531 0.852503 0.522194 2.89206 -0.992188 0.0428436 -0.117554 -12.6017
-0.159347 -0.528992 0.833591 -2.65108 0.00454562 0.843971 0.536448 2.86227 -0.987262 0.0892604 -0.132072 -12.3555
-0.198673 -0.538666 0.81882 -2.70894 0.0297347 0.831763 0.554403 2.8239 -0.979662 0.134481 -0.149226 -12.0946
-0.239207 -0.545913 0.803031 -2.79358 0.0578893 0.817544 0.573023 2.78037 -0.969293 0.183544 -0.16395 -11.8539
-0.28316 -0.547354 0.787606 -2.89884 0.0861505 0.803365 0.589288 2.74793 -0.955245 0.2347 -0.180319 -11.6032
-0.326042 -0.549168 0.769554 -3.00669 0.114575 0.785073 0.608785 2.7155 -0.938442 0.286642 -0.193035 -11.3697
-0.371274 -0.548089 0.74957 -3.11377 0.139041 0.765336 0.628497 2.68789 -0.918107 0.337545 -0.207935 -11.1218
-0.416759 -0.546641 0.72636 -3.23321 0.1597 0.742594 0.650489 2.64599 -0.894938 0.387074 -0.222173 -10.8773
-0.461037 -0.540734 0.70367 -3.36182 0.180022 0.719476 0.670841 2.61793 -0.868985 0.435933 -0.234353 -10.6374
-0.503962 -0.533608 0.679256 -3.50013 0.196714 0.69484 0.691799 2.58407 -0.84109 0.482233 -0.245192 -10.4003
-0.544744 -0.525642 0.653494 -3.64303 0.207801 0.670338 0.712424 2.54461 -0.812509 0.523856 -0.255926 -10.156
-0.583485 -0.514782 0.628212 -3.79179 0.214059 0.648694 0.730384 2.51616 -0.783474 0.560613 -0.268296 -9.90755
-0.61913 -0.503037 0.603102 -3.94699 0.21845 0.627346 0.747529 2.48478 -0.754358 0.594532 -0.278512 -9.67272
-0.651624 -0.493101 0.576493 -4.09682 0.218717 0.605574 0.765198 2.44754 -0.7264 0.624678 -0.286742 -9.44572
-0.669605 -0.480455 0.566473 -4.13799 0.218321 0.601665 0.768387 2.44583 -0.709974 0.638156 -0.297975 -9.44287
-0.688689 -0.469712 0.552436 -4.17493 0.212253 0.597926 0.772995 2.4361 -0.693372 0.649576 -0.312071 -9.40972
-0.709484 -0.452923 0.539996 -4.23687 0.20576 0.59971 0.773367 2.43447 -0.674089 0.659766 -0.33228 -9.36538
-0.728014 -0.439508 0.526248 -4.29416 0.195955 0.60217 0.774004 2.43479 -0.657045 0.666572 -0.352246 -9.32546
-0.745193 -0.429661 0.510079 -4.45443 0.183206 0.603539 0.776056 2.40596 -0.641266 0.671727 -0.371024 -9.11986
-0.760669 -0.423564 0.492022 -4.60678 0.167526 0.604168 0.779105 2.37361 -0.627239 0.675033 -0.388594 -8.91445
-0.773363 -0.418915 0.475943 -4.77186 0.151819 0.606482 0.780524 2.3424 -0.615599 0.67585 -0.405418 -8.71292
-0.784958 -0.417356 0.458003 -4.92973 0.133811 0.607559 0.78298 2.30959 -0.605019 0.675856 -0.42104 -8.5178
-0.794364 -0.417037 0.441776 -5.09157 0.11679 0.608804 0.784733 2.27982 -0.596193 0.674924 -0.434891 -8.328
-0.802619 -0.418736 0.424941 -5.24352 0.0981616 0.609916 0.786421 2.24703 -0.588456 0.672874 -0.448403 -8.13719
-0.808599 -0.421395 0.410725 -5.40316 0.0822356 0.61023 0.788001 2.21739 -0.582672 0.670918 -0.458762 -7.95741
-0.814317 -0.425567 0.394833 -5.55459 0.0643883 0.609759 0.790025 2.18639 -0.576936 0.668718 -0.469112 -7.7781
-0.8178 -0.429053 0.383691 -5.71262 0.0505201 0.610544 0.790425 2.1574 -0.57337 0.665759 -0.477611 -7.60111
-0.820143 -0.433366 0.37373 -5.86642 0.0369092 0.611687 0.790297 2.13023 -0.571069 0.661915 -0.48565 -7.42033
-0.821851 -0.437368 0.365203 -6.01313 0.0257123 0.611836 0.790623 2.10433 -0.569213 0.659129 -0.491576 -7.24808
-0.822016 -0.44146 0.359886 -6.16674 0.0182411 0.611158 0.791358 2.07251 -0.569274 0.657038 -0.494303 -7.08457
-0.821719 -0.44425 0.357103 -6.32174 0.0132908 0.611427 0.791247 2.04078 -0.569829 0.654893 -0.4965 -6.92163
-0.82053 -0.4466 0.356923 -6.47425 0.0111367 0.611735 0.791044 2.01169 -0.571596 0.653015 -0.496948 -6.76218
-0.818679 -0.44819 0.35916 -6.62274 0.0124165 0.611401 0.791282 1.98131 -0.57421 0.652229 -0.494958 -6.61003
-0.816261 -0.4491 0.363515 -6.76875 0.0166155 0.610673 0.791768 1.94807 -0.577546 0.652292 -0.490982 -6.45671
-0.813931 -0.441595 0.377644 -6.9197 0.0250767 0.622649 0.782158 1.91318 -0.580511 0.646057 -0.495703 -6.31629
-0.810879 -0.432012 0.394914 -7.07309 0.0360574 0.636583 0.770427 1.88201 -0.584203 0.638926 -0.500589 -6.1767
-0.806799 -0.421466 0.414184 -7.22257 0.050121 0.649606 0.758678 1.84882 -0.588787 0.632825 -0.502959 -6.04429
-0.801978 -0.408993 0.435515 -7.36792 0.0673968 0.662402 0.746176 1.81493 -0.59364 0.627733 -0.50364 -5.91569
-0.796139 -0.395001 0.458525 -7.51252 0.0865913 0.675522 0.732301 1.77945 -0.598976 0.622683 -0.503587 -5.78618
-0.788709 -0.379512 0.483762 -7.65907 0.107799 0.689282 0.716497 1.75093 -0.60534 0.617221 -0.502704 -5.66175
-0.780019 -0.36249 0.510176 -7.81271 0.131581 0.702004 0.699979 1.71785 -0.611854 0.613091 -0.49986 -5.54825
-0.76939 -0.345803 0.537193 -7.96127 0.155753 0.713987 0.682688 1.68367 -0.619596 0.608887 -0.495447 -5.43891
-0.756692 -0.327654 0.565835 -8.11283 0.181749 0.725908 0.663414 1.65357 -0.628087 0.604805 -0.489719 -5.33022
-0.743336 -0.309415 0.593154 -8.25038 0.206985 0.73679 0.643738 1.6216 -0.636183 0.601252 -0.483611 -5.22377
-0.726766 -0.292367 0.621646 -8.39469 0.232164 0.747172 0.622838 1.58953 -0.646545 0.596947 -0.475122 -5.11538
-0.709427 -0.274742 0.649112 -8.54442 0.257564 0.75622 0.601577 1.55195 -0.65612 0.593927 -0.465693 -5.0187
-0.688288 -0.258037 0.678077 -8.70796 0.285031 0.763326 0.579814 1.51318 -0.667178 0.592318 -0.45182 -4.94685
-0.666993 -0.242701 0.70451 -8.84883 0.308458 0.770766 0.557562 1.47867 -0.678302 0.589166 -0.439207 -4.8633
-0.643623 -0.227355 0.730872 -8.9844 0.330984 0.778338 0.533603 1.45751 -0.690152 0.585311 -0.425687 -4.78095
-0.619141 -0.213784 0.755698 -9.12148 0.351491 0.785097 0.51008 1.42606 -0.70231 0.581397 -0.410917 -4.69691
-0.59247 -0.202005 0.779928 -9.25633 0.37095 0.790977 0.486667 1.39774 -0.715182 0.577616 -0.393679 -4.6182
-0.563852 -0.192775 0.803136 -9.39404 0.388584 0.79617 0.463918 1.36874 -0.72883 0.573632 -0.373989 -4.55446
-0.534099 -0.184977 0.825008 -9.53084 0.403984 0.801382 0.441223 1.34492 -0.742729 0.568913 -0.353273 -4.50415
-0.503902 -0.180148 0.844836 -9.66761 0.416297 0.806347 0.420245 1.31506 -0.756901 0.56343 -0.331304 -4.44634
-0.471337 -0.18034 0.863387 -9.7973 0.422534 0.813109 0.400516 1.29142 -0.77422 0.553555 -0.307034 -4.39997
-0.438477 -0.182017 0.880185 -9.92744 0.426235 0.820097 0.381931 1.26447 -0.791316 0.542599 -0.281994 -4.3444
-0.404938 -0.183175 0.895875 -10.056 0.431142 0.825779 0.36373 1.24741 -0.806383 0.533503 -0.255403 -4.29601
-0.371851 -0.187391 0.909247 -10.1801 0.434742 0.830279 0.348916 1.21379 -0.820272 0.524999 -0.227258 -4.24425
-0.339435 -0.19283 0.920717 -10.2965 0.437468 0.834162 0.33599 1.18391 -0.832777 0.516798 -0.198777 -4.21541
-0.306243 -0.199097 0.930964 -10.4118 0.4408 0.837139 0.324039 1.16863 -0.843819 0.509571 -0.168594 -4.19898
-0.272326 -0.207869 0.939547 -10.5302 0.438528 0.842331 0.313476 1.1428 -0.85653 0.497353 -0.138226 -4.17317
-0.238826 -0.216748 0.946626 -10.6324 0.435443 0.847433 0.3039 1.13918 -0.868028 0.484749 -0.107999 -4.15497
-0.205858 -0.226637 0.95204 -10.7421 0.431109 0.852375 0.296138 1.11693 -0.878566 0.471365 -0.0777592 -4.13048
-0.168342 -0.236779 0.956931 -10.838 0.430488 0.855663 0.287457 1.12062 -0.886829 0.460307 -0.0421085 -4.14451
-0.135751 -0.247961 0.959276 -10.9283 0.425282 0.859908 0.282469 1.12654 -0.894884 0.446278 -0.0112791 -4.13546
-0.105446 -0.259023 0.960161 -11.0164 0.416385 0.86533 0.279174 1.10572 -0.903122 0.429204 0.016609 -4.11214
-0.076513 -0.269358 0.960061 -11.116 0.409296 0.869524 0.276585 1.08471 -0.909249 0.414083 0.0437158 -4.09611
-0.0476897 -0.27843 0.959335 -11.2085 0.401537 0.874068 0.273648 1.07506 -0.914668 0.398231 0.0701137 -4.08212
-0.0230241 -0.29139 0.956393 -11.295 0.393691 0.876697 0.276596 1.03129 -0.919015 0.382865 0.0945289 -4.06697
0.00336464 -0.300298 0.953903 -11.3792 0.388984 0.879178 0.275407 1.02427 -0.921306 0.3701 0.119764 -4.07305
0.0263334 -0.308809 0.950826 -11.4489 0.382213 0.881987 0.275876 1.02033 -0.923759 0.356128 0.141251 -4.06781
0.0431951 -0.316432 0.947696 -11.5192 0.376814 0.883686 0.27789 0.998779 -0.92535 0.345076 0.157399 -4.04408
0.0640989 -0.322774 0.94437 -11.5901 0.372484 0.885654 0.277434 0.998537 -0.925883 0.333955 0.17699 -4.0515
0.0830661 -0.326772 0.941512 -11.6562 0.368614 0.887844 0.275629 1.01214 -0.925933 0.324134 0.194192 -4.06047
0.0962216 -0.332317 0.938315 -11.7235 0.36428 0.889034 0.277518 0.995483 -0.926367 0.315082 0.206592 -4.05229
0.106881 -0.335928 0.93587 -11.7777 0.360835 0.890195 0.278329 0.990124 -0.926554 0.307923 0.216348 -4.04219
