1.0 0.0 0.0 0.0 0.0 -1.0 0.0 0.0 0.0 0.0 -1.0 0.0
0.9998956037839449 -0.0026359260055879635 -0.014206809199574889 -0.0222606 -0.002353496526932549 -0.9997999996673484 0.019860053355105642 0.0464756 -0.014256317464120146 -0.019824544364574724 -0.9997018279732709 -0.0971249
0.9995976562140692 -0.006160873608116547 -0.027686988419184322 -0.0257163 -0.0050633660316502386 -0.9992052949757431 0.039536575684640786 0.0995368 -0.027908565276071863 -0.0393804790324167 -0.9988344656925932 -0.166796
0.9990293715970029 -0.010490706589090737 -0.04278153528987932 -0.0141645 -0.007887796742326418 -0.9981332049412879 0.060563089883067356 0.154534 -0.043337020537288044 -0.06016685357316234 -0.9972471370638556 -0.266074
0.9980494381861524 -0.015685273783928914 -0.06042591433010022 0.0137151 -0.01060345695267787 -0.9964496321411573 0.08352064000236592 0.218872 -0.06152142421106753 -0.08271700424988379 -0.9946723136646394 -0.387174
0.9967034017799326 -0.021925951933794756 -0.07811262069670545 0.0478912 -0.013531704068113874 -0.9942297448160953 0.1064147898928306 0.283401 -0.07999513651043698 -0.10500698621862839 -0.9912488643019761 -0.510191
0.9948796189693823 -0.028511664445795074 -0.0969619964205954 0.0980213 -0.015774332556425887 -0.9914307559096516 0.12967739459449584 0.350991 -0.09982842376666302 -0.1274838861462408 -0.9868040051506259 -0.644212
0.9924178839749035 -0.0353397454597738 -0.11771935251951232 0.154964 -0.017150523275637077 -0.988219155062466 0.1520814292377521 0.409303 -0.1217070380797538 -0.14890938170063014 -0.9813324578976227 -0.800275
0.9894401465960158 -0.04240256200147444 -0.1386009344837401 0.215578 -0.017838150749469817 -0.9846051857035999 0.17388050110181744 0.464564 -0.14384017756487266 -0.1695719641370326 -0.9749642825749131 -0.956437
0.9860948792686383 -0.04975573587626038 -0.1585599439567948 0.267132 -0.01800887758276327 -0.9805022558313711 0.19568087959175232 0.51416 -0.1652046288951346 -0.1901044267159622 -0.9677642985430991 -1.11322
0.9823502103176599 -0.057176978366302186 -0.17809788722427 0.314028 -0.017441121285590874 -0.975986524027244 0.21713155506632198 0.561537 -0.18623606411528004 -0.21019300193421597 -0.9597577977597952 -1.27066
0.9785913466716051 -0.06424913545635495 -0.1955275551234781 0.344177 -0.016271721793851262 -0.97120388913163 0.23769357754356557 0.60765 -0.20516872882902334 -0.22942330816354833 -0.9514571658156638 -1.41139
0.9749016617098056 -0.07142067572569576 -0.21086924165070944 0.350912 -0.014988953773597477 -0.9660548857257307 0.25790170420185066 0.648524 -0.22213077513085225 -0.24826809066879885 -0.9428790346038225 -1.54683
0.9711775931909448 -0.07799591634595611 -0.22523480973685772 0.353541 -0.012992444262928865 -0.9608645895498316 0.27671363707144736 0.688526 -0.23800268669895003 -0.26581173334258335 -0.9341835170572712 -1.67671
0.967774952874632 -0.08274797748081206 -0.2378327412517855 0.337077 -0.009484337322646093 -0.9557752534416541 0.29394508373859846 0.733314 -0.2516380097164456 -0.2822170036184503 -0.9257601605894312 -1.79908
0.9644684131761604 -0.08662817685644016 -0.2495921452289495 0.314962 -0.005085625592725865 -0.9506279601697508 0.3102911822076641 0.779429 -0.2641492313026678 -0.2979967119248608 -0.9172911987390818 -1.92113
0.9616983794936191 -0.09035700834070157 -0.2587891765956712 0.270487 -0.0015566000206577238 -0.9458924432662756 0.3244765981825678 0.812782 -0.27410546122929175 -0.31164578741814286 -0.909803879585487 -2.01525
0.9594945065599874 -0.09315372694953897 -0.2658809414693288 0.206674 0.001982674354091371 -0.941496625568693 0.3370165768106515 0.836269 -0.28172035937008805 -0.3238927093933652 -0.9031761466725154 -2.09429
0.9585323548220055 -0.09371674270124739 -0.2691336041761579 0.0960833 0.00609606295431115 -0.9374235804568694 0.34813771530800874 0.870076 -0.28491851953819664 -0.3353419194507171 -0.8979795288776191 -2.16205
0.9578903411613326 -0.09386991419322421 -0.2713568379812494 -0.0213928 0.009920797621946552 -0.9336679995270118 0.3580022966878454 0.892841 -0.2869628409469938 -0.3456190183838042 -0.8934202941768479 -2.21685
0.9575891134156045 -0.09355617690914386 -0.27252583662849456 -0.138566 0.012989283070656249 -0.9308414438028494 0.36519239453243935 0.888272 -0.28784434750959814 -0.3532441765424753 -0.8901484052367907 -2.25783
0.9567902728931261 -0.09126824164752029 -0.2760841932521079 -0.225344 0.017412914970020343 -0.9297765289738553 0.36771238293206393 0.882543 -0.29025706552872105 -0.3566310617934167 -0.888011892755247 -2.27884
0.9563666399870793 -0.08791723262787654 -0.2786277267733415 -0.302256 0.021729123191478898 -0.9296079916887651 0.36790872100795596 0.86224 -0.29136007812525305 -0.3579099635319423 -0.8871357071380962 -2.28729
0.9559740948795308 -0.08404104372092579 -0.28115944389182235 -0.363912 0.027274744738677695 -0.928519694786984 0.37027998148985264 0.829126 -0.2921807971422854 -0.3616466222197894 -0.8853485767867453 -2.28934
0.9559887891009551 -0.07827221315125743 -0.2827700404245355 -0.411543 0.03318656902173078 -0.9287278889593495 0.3692738278103061 0.785358 -0.2915203024659779 -0.36240580695887564 -0.8852558637663073 -2.29151
0.9561136204721182 -0.07156339806511652 -0.2841222004790751 -0.448243 0.039897312127184385 -0.9288811635623536 0.368222743002213 0.73943 -0.2902670309089961 -0.3633984920667964 -0.8852607450524698 -2.30436
0.9566389515947605 -0.0638047871632971 -0.28420215591498255 -0.484403 0.047171718559895215 -0.9288960098745124 0.36732415086312514 0.698838 -0.2874312878929218 -0.3648028946900727 -0.8856083235640687 -2.30805
0.9572968923922477 -0.05488467705348122 -0.28384913605801193 -0.516679 0.055206086208512396 -0.9290450797438657 0.3658244494962741 0.661246 -0.2837868000131137 -0.3658728085393184 -0.8863419995181699 -2.31142
0.9580895143336559 -0.04440031532607101 -0.28300723404684297 -0.541634 0.0642862732178739 -0.9293951378320062 0.3634445664059139 0.624561 -0.27916260064639026 -0.3664059084856183 -0.8875894054275166 -2.31452
0.9589833371225879 -0.03281377438670181 -0.28155677106353455 -0.558118 0.07380297479522853 -0.9301164897027588 0.3597727567429088 0.589722 -0.27368609762390167 -0.36579580614533574 -0.8895444610439008 -2.32174
0.9599294152053488 -0.020768997452143372 -0.2794712267270996 -0.579021 0.08285203638479259 -0.931638345520043 0.3538156769047551 0.556125 -0.2677145081806552 -0.36279283606696255 -0.892586298465353 -2.32476
0.960622323504776 -0.009494723242278798 -0.277695159869303 -0.582393 0.0907997055998665 -0.9338197525035704 0.3460290208886357 0.519161 -0.26260267524772624 -0.3576178408087645 -0.8961859823094837 -2.32135
0.9608980416385791 0.0012957577666819486 -0.2768993943419764 -0.559985 0.09878475174366698 -0.9357940460353518 0.3384244025299117 0.482097 -0.2586822885280037 -0.35254478356174224 -0.8993306673217134 -2.32757
0.9614292325083504 0.01216181592201844 -0.2747834076356927 -0.548225 0.10648806682532075 -0.9375709976834607 0.3310904950714321 0.447503 -0.2536022919892688 -0.3475812344421358 -0.9027032529915193 -2.33637
0.9619169019588483 0.022168758916115805 -0.2724415898023117 -0.531809 0.1135117775767385 -0.9390968929241317 0.32436415037980304 0.415802 -0.24865829983586107 -0.3429366877841471 -0.9058495891119991 -2.34827
0.9623479503445235 0.032114377901491215 -0.26991681903819137 -0.514156 0.1204861465038164 -0.9405138285057982 0.3176740891071028 0.387577 -0.24365859510461854 -0.33823424593226337 -0.9089708927739532 -2.3571
0.9627264737425768 0.04125610534526704 -0.2673119348755752 -0.493255 0.1268307839037719 -0.9417661365871536 0.3114329722942984 0.362042 -0.23889681665844406 -0.33372814947116275 -0.9118957359484771 -2.36326
0.9632862777652647 0.04903840255471342 -0.2639598116077965 -0.463182 0.13183004721402528 -0.9428834360206242 0.3059275481702972 0.338526 -0.2338811358803643 -0.32949364356968036 -0.9147314103749182 -2.38064
0.9641393048619692 0.056165918771676294 -0.25938540897439105 -0.451523 0.1362141340186089 -0.9435248971271336 0.3020041029436389 0.319996 -0.22777425340419644 -0.32650598473805204 -0.9173400304229592 -2.40468
0.9651696550191271 0.061333455145439676 -0.25433392284589423 -0.436098 0.13878732574308486 -0.9441035866682919 0.29900919024864436 0.304398 -0.2217783020120359 -0.3238929219973624 -0.9197324392651749 -2.43398
0.9663465901485431 0.06596420776740795 -0.24864229527958792 -0.432813 0.1409354256033032 -0.9443534897259895 0.297209845483559 0.299065 -0.2152010072427621 -0.32225022844982354 -0.9218694683878716 -2.46719
0.967720091238264 0.0678002787671906 -0.2427363738974807 -0.424892 0.14094286371196896 -0.9440358072113537 0.29821385593475946 0.293329 -0.2089328461072496 -0.32279949953787 -0.9231183829366769 -2.50602
0.9695193652775952 0.06659845404117297 -0.23578983496125322 -0.425831 0.13800701298286228 -0.9436054153834988 0.3009366784333257 0.276282 -0.20245064761387488 -0.32430458827815034 -0.9240347771066101 -2.55734
0.9714974638575498 0.06559675002844956 -0.22779320469244513 -0.441353 0.1349321680333671 -0.9431071326192428 0.3038786705784484 0.273821 -0.19489994291472812 -0.32595398875978665 -0.9250772991828418 -2.60794
0.9734440508846527 0.06317138662844515 -0.22003648722136446 -0.449036 0.13094431044928295 -0.9420572857650722 0.30883921042818907 0.277779 -0.1877771747530567 -0.329450218164118 -0.9253119940827392 -2.66576
0.9755140447518139 0.060046701716341994 -0.2115815259065516 -0.462552 0.12595672609270725 -0.9411523383127237 0.3136354240842369 0.282551 -0.1802976750930606 -0.3326058774307529 -0.9256706102359286 -2.72479
0.977624450514059 0.05645062169758 -0.20264195288005213 -0.473334 0.12037844696101643 -0.9401266194293272 0.31885885427197896 0.286753 -0.17250931355824914 -0.33611793577603394 -0.9258862079031742 -2.79327
0.9797596169318222 0.052451006329909386 -0.1931838113419152 -0.487891 0.11424070208351496 -0.9389797191699923 0.3244474517929028 0.29173 -0.16437808557430778 -0.33994996532198996 -0.9259664497488574 -2.86268
0.9818587435466172 0.04822928866538369 -0.18337759796629824 -0.503201 0.10777194037870906 -0.9376555750057946 0.3304349126947101 0.300738 -0.15600838627479677 -0.344203367757179 -0.9258430887772237 -2.93493
0.98389416135921 0.04432498492449925 -0.17316920902602878 -0.510885 0.10126466573086916 -0.9365327451907035 0.3356365365391268 0.308002 -0.14730155028944153 -0.34776675070657365 -0.9259376546967508 -3.01938
0.9859539423196763 0.04040237265075114 -0.16205700203470932 -0.522139 0.09439426424839131 -0.935267220279223 0.34112307097025785 0.310466 -0.137784420386678 -0.351628888112687 -0.9259441551969222 -3.0976
0.9878089714951797 0.037761047942204404 -0.15102165107011253 -0.529981 0.08864444793514713 -0.9339292299547826 0.3462922974689746 0.318727 -0.12796717424366796 -0.35545786908489496 -0.9258909793392076 -3.17296
0.9896074757073444 0.03600601258329503 -0.13921426321318245 -0.534655 0.08311898898784251 -0.9332497609084004 0.3494797811520037 0.327402 -0.1173383044609754 -0.3574191528475567 -0.9265437234604518 -3.24477
0.9912739979841549 0.035373444357892414 -0.1269825986297695 -0.537 0.07834128083774419 -0.9328271613620058 0.3517046072231699 0.337457 -0.10601181366815558 -0.35858361153231977 -0.9274585106101658 -3.31536
0.992782274378702 0.03673645417949217 -0.11416561922825277 -0.533039 0.0750769943588246 -0.9327043807503506 0.3527406739336294 0.35024 -0.09352433158006179 -0.35876590008447584 -0.9287304390075084 -3.38418
0.9941023009064778 0.03850799950449932 -0.10137923508593041 -0.515176 0.07201372672277997 -0.9333693737628748 0.3516185934858901 0.357142 -0.08108414454098672 -0.35684554935666546 -0.9306377466062701 -3.4352
0.9949961445610016 0.04364726878112445 -0.08987540395842675 -0.471547 0.07247261866596955 -0.9345032826197064 0.348498686248155 0.377009 -0.06877784419737998 -0.35326835508001747 -0.9329903951523935 -3.50404
0.9957311912386041 0.05175611767986486 -0.07642446648331033 -0.442136 0.07500053955575763 -0.9363004362987014 0.34309825422640505 0.395649 -0.053798827690720925 -0.34736550961425294 -0.9361852855442317 -3.56943
0.9959735483164143 0.06334881453616445 -0.06343200100007614 -0.390791 0.08112499843899088 -0.9379996423595092 0.3370095036667458 0.431694 -0.03815004170750993 -0.34079847216543574 -0.9393620046006863 -3.63199
0.9958542075142011 0.0766720736079016 -0.04894681302113987 -0.343515 0.08851286834221106 -0.9408412825663884 0.32708279251080635 0.466195 -0.020973066397079885 -0.33005919794409205 -0.9437272150035759 -3.6879
0.9949894644642886 0.0934731813025119 -0.03547858484009317 -0.268075 0.09989193371247947 -0.9442944221161024 0.31357558249901696 0.510883 -0.0041913224941015036 -0.3155484253448334 -0.9489002181884808 -3.7239
0.9932258544236711 0.11379911509894136 -0.02349815965275749 -0.150122 0.11562016070670317 -0.9476791180570777 0.2975504455327123 0.572119 0.011592262183228785 -0.2982516564937358 -0.9544168737277322 -3.74687
0.990476067648448 0.13722987900720934 -0.011185692796331151 -0.00108944 0.13491282648099162 -0.9511051382732895 0.2778444622465185 0.637759 0.02748979204317579 -0.2767073838151304 -0.960560948131668 -3.78822
0.9869241915123496 0.16116194543256535 0.002732682214592941 0.131924 0.155076622143405 -0.9540089652181888 0.2565504541954905 0.693807 0.04395317363156745 -0.25277207446178007 -0.9665269768092363 -3.82666
0.982280225938311 0.18653285884114604 0.01819478780118629 0.257897 0.17724682840842435 -0.9561302682096038 0.23323480021769136 0.743066 0.06090254140621458 -0.2258769638231861 -0.9722502135069366 -3.84242
0.9765424930362434 0.21244649977933017 0.03508908699395684 0.378434 0.20069995928843243 -0.9570811170464575 0.20908194980611539 0.790584 0.07800183097966334 -0.19713503018138723 -0.9772683839351417 -3.86368
0.9696290616275219 0.23876031730768874 0.053037663282457626 0.490699 0.22554537740080863 -0.9567622695142041 0.18367156112789104 0.831803 0.09459791530714812 -0.16613088368260007 -0.9815557874651751 -3.88542
0.9615698168243714 0.26474531269991014 0.07275580235123716 0.589894 0.25107503574172757 -0.9551182329838981 0.15719569793415708 0.8654 0.11110721758569839 -0.13288747279237165 -0.9848838031845286 -3.91486
0.952788693491554 0.2877713803374571 0.09685730851790253 0.623012 0.27440396883448126 -0.9526416264498708 0.13105874042897608 0.865402 0.12998525855858653 -0.09829325619603457 -0.9866317795124168 -3.9554
0.9427724150509509 0.31064781842035455 0.12115323491212127 0.654865 0.29908619614481563 -0.9484764197217994 0.10459411315815774 0.86766 0.1474029195593563 -0.0623731844817232 -0.9871078791920296 -4.00702
0.9315299630072836 0.3327165317528132 0.14680475986162086 0.673377 0.32437973255903846 -0.9426896451198948 0.07819221245529218 0.866564 0.16440716871406666 -0.025217900033629552 -0.9860701498338335 -4.05103
0.9193383962935169 0.3539232235825448 0.1719164474662164 0.695572 0.3500906405469847 -0.9352060597171692 0.05316172748969493 0.8704 0.17959247339982357 0.011312721919440636 -0.9836760471928281 -4.08534
0.9064051711576102 0.37379386165639233 0.19674301686907494 0.715976 0.375847310110136 -0.9262510553219854 0.028245034924449023 0.877448 0.19279124767924136 0.04834388795814705 -0.9800481637732767 -4.12643
0.8925853040879053 0.3924599447637088 0.22196095756318845 0.726683 0.4019805257263871 -0.915644839361178 0.0024869837110996357 0.883609 0.20421344682228543 0.08700413729994928 -0.9750523823003832 -4.18725
0.8786205109996703 0.409185196454494 0.24615741437782276 0.732129 0.4270047530148725 -0.9039955631738361 -0.021423413937246026 0.891318 0.21375906659925728 0.1239334368300824 -0.968993067406624 -4.25643
0.8645575536974326 0.42441404543837596 0.26909655215060513 0.736308 0.4507485736383869 -0.8916695065729221 -0.04184751379666148 0.902986 0.22218451725462526 0.15747447120925423 -0.9622036329227277 -4.3328
0.8508216794522722 0.4378257843459632 0.290535802158455 0.738533 0.47322806563012076 -0.878788581829928 -0.06152906910816751 0.916494 0.22838053260728883 0.18983996156548716 -0.9548838260850506 -4.4103
0.8382065854290173 0.4491555392775002 0.30930409256873115 0.740701 0.49320337872558095 -0.8663671659381511 -0.07847522537698139 0.928488 0.23272332791772163 0.21832827421256013 -0.9477196934338057 -4.47656
0.8266397763299443 0.45892126737014804 0.3256653966029494 0.736767 0.5111191117751914 -0.8544269580783429 -0.0933371677689486 0.938195 0.23542288284556917 0.24361002373540916 -0.9408667400691314 -4.55818
0.8160515375564443 0.4675810532867747 0.339746738996849 0.732268 0.5272411215064646 -0.8430623184514345 -0.10612599587234602 0.94944 0.2368051685338985 0.26573273380319967 -0.9345102601582871 -4.63951
0.8068311277207459 0.4745531764998506 0.3518846601015315 0.731843 0.5413690138136354 -0.8323521655783815 -0.11878326203396498 0.963091 0.23652298455609036 0.2863374846765253 -0.9284760215782631 -4.73661
0.7993288785478797 0.4808154140119496 0.3604023884048311 0.742595 0.5486072190973221 -0.8286468670494397 -0.1112406799846688 0.978342 0.2451600764269992 0.2866372400398562 -0.9261401781310657 -4.80969
0.7945333090011076 0.48510878754104336 0.3652208717176632 0.75305 0.5530886102692869 -0.8264092591352533 -0.10554963574504121 0.994269 0.2506188541952497 0.285862205732029 -0.9249178283803808 -4.88246
0.7913404000252806 0.48913872508247036 0.366774697753981 0.774375 0.5563214013422781 -0.8249053591083786 -0.1001880577855497 1.01362 0.2535485549089021 0.2833274715571581 -0.9248992778484775 -4.9446
0.7897566306623462 0.49220019330901915 0.3660921114028855 0.796263 0.558722899306356 -0.8235325516221781 -0.09809616816861075 1.02586 0.2532058176969047 0.28201614514993456 -0.9253938122546601 -4.98963
0.7886347689116407 0.49423228247170486 0.3657726783488511 0.821795 0.5612987860122042 -0.8215311549038088 -0.10015105762616916 1.03637 0.2509957650736542 0.28429036650091283 -0.9253000126606873 -5.01235
0.7887285718936831 0.4954551634602924 0.36391128160457764 0.845159 0.5630243532042312 -0.8198630601985107 -0.10405835007768792 1.04395 0.24680117012994177 0.2869647077995278 -0.9256027435676838 -5.03599
0.7902462768137868 0.49649323604742457 0.3591730621039175 0.868529 0.563614154616737 -0.8189469278664714 -0.10800469459115981 1.05181 0.24052007545651782 0.2877853295378784 -0.9270003761623649 -5.05963
0.7927811219017735 0.49751153158909744 0.3521084615456369 0.894103 0.5627947315544521 -0.8193117670865624 -0.10950031254770988 1.05944 0.23400893762999075 0.28497456772379626 -0.9295317707641402 -5.06735
0.7954646987348056 0.4978997112498991 0.3454443379243785 0.921591 0.5617870860118992 -0.8196254298062663 -0.1122916951744535 1.06737 0.22722496134228773 0.2833902474542136 -0.9316967235054742 -5.07727
0.7988994459655954 0.4979260180717855 0.3373860633799819 0.94799 0.5604068126140644 -0.8199228704617103 -0.11692172967235281 1.07495 0.21841217825847084 0.2824821534557641 -0.934077059651603 -5.09105
0.8017944631016853 0.4975485738080068 0.33101518944166064 0.979875 0.5597058979969323 -0.8193312809465705 -0.12419967717309005 1.08605 0.20941572693312172 0.2848537673334697 -0.9354161558092751 -5.09217
0.8049947343636505 0.49662978367258986 0.3245648403880379 1.01885 0.5585917683219663 -0.8187762517765911 -0.13259217884028957 1.10103 0.19989675837725482 0.2880352539117274 -0.9365238803651899 -5.0816
0.8087627778199292 0.4959347585183619 0.3161510469796452 1.0549 0.555077500136273 -0.8213235452494229 -0.13159256385292145 1.11767 0.1944009723624283 0.2819155003050621 -0.9395381379338942 -5.08869
0.8119159854689936 0.4945394391336228 0.31019860683329203 1.09928 0.550907469580443 -0.8248622962093392 -0.1268981964124394 1.13715 0.19311497223257112 0.2739214037523512 -0.942164355123858 -5.07328
0.8153193133211514 0.4937420618251776 0.30244535656899807 1.14211 0.5462861452659075 -0.8290748812136104 -0.11919013730654651 1.15567 0.1919006639280898 0.2623997288970782 -0.9456852105530138 -5.06112
0.8178307356673171 0.49126902380183735 0.29967921858321234 1.17548 0.541977654908443 -0.8326014691829611 -0.1141709905988358 1.16856 0.19342468657800554 0.25579198534583636 -0.9471839055088698 -5.02997
0.8198302859644858 0.49091345770688444 0.2947580011766603 1.2016 0.5385705814599616 -0.8359165051391085 -0.10576069790757452 1.18465 0.1944737283060825 0.24545381129306043 -0.949701213814346 -5.0535
0.8213938979565472 0.49050234202865745 0.2910661726552087 1.22323 0.5352484964586995 -0.8391888682399946 -0.09628650196563832 1.19698 0.1970307372935789 0.23488187645384506 -0.9518452566857021 -5.08268
0.8206730128932275 0.49149145919010395 0.29143086907864496 1.23428 0.534460904281265 -0.8406757941120017 -0.08726827023040698 1.20874 0.20210726781490163 0.22737712008321606 -0.9526029065455647 -5.10397
0.8201697177429383 0.4917391434806682 0.2924281943766158 1.24443 0.5328990732649505 -0.8426021174289502 -0.07771904153813644 1.21992 0.2081831208595594 0.21957751814142643 -0.9531240746702527 -5.1347
0.8183139771822284 0.49241848643981495 0.29645618387971745 1.24909 0.532682695358673 -0.8434679647314544 -0.06936092947183725 1.23421 0.21589669014049823 0.21467609714194946 -0.9525244314463949 -5.19042
0.814953781734803 0.4952882737267814 0.300898420642064 1.25821 0.5341740401679715 -0.8433416880440606 -0.05859088681374715 1.24455 0.22474080280796796 0.2084809898185921 -0.9518546361905745 -5.25259
0.8108710089226762 0.4996062824811758 0.3047651052762791 1.27136 0.5362707402572007 -0.8428377044119931 -0.045147504532546165 1.25269 0.234311544813131 0.20004541116172064 -0.9513568906779531 -5.33095
0.8067119845683005 0.5021758458341316 0.31150472518831684 1.29422 0.5380575289907769 -0.8421476077637414 -0.03579807584420068 1.26834 0.24435603010814677 0.19648619951177843 -0.9495700626869005 -5.4492
0.8017754902526655 0.5038972381320137 0.3213154783589283 1.31858 0.5400206060988746 -0.8411741218474815 -0.028352102615556 1.28222 0.2559957191413608 0.19624900034661952 -0.9465476858797186 -5.60223
0.7958013865634972 0.5058281444532344 0.33292347682705187 1.33904 0.5425130960736806 -0.8397883592581747 -0.02085790600735951 1.29158 0.2690347444702343 0.19721409669052598 -0.9427231334460691 -5.78669
0.7888810081240152 0.5080033505039886 0.34583139085103254 1.35694 0.5455881319453421 -0.8379419906815346 -0.013667864978093303 1.30154 0.2828433228867705 0.19946382160529544 -0.938197121381739 -5.97119
0.7807418120803388 0.5115827367723077 0.3587831187584842 1.38941 0.549757927496224 -0.8353074086561222 -0.005268225436554738 1.31503 0.296999064012945 0.20135698766307936 -0.9334060849891032 -6.13196
0.7722553191003194 0.5147896773667423 0.37230808505578983 1.41389 0.5542149805898521 -0.8323724781445847 0.0013464461491290297 1.33928 0.31059213996985446 0.20529891793209254 -0.9281082247695354 -6.32701
0.763708074451316 0.5177678796625457 0.38557282036940094 1.43742 0.5581348034171963 -0.8297050012463505 0.008669032312805386 1.36552 0.32440024388448013 0.20858100032492077 -0.9226366825956709 -6.52925
0.754131201076758 0.5212959224625356 0.39942044612971445 1.45757 0.5629977819009154 -0.8263135753411084 0.015471676756037347 1.39297 0.33811185891236567 0.21320515104220156 -0.9166372970984196 -6.73162
0.744626479807159 0.5236514557543253 0.4139088769963441 1.47568 0.5670429707572706 -0.8234048530421366 0.021603640929860835 1.4219 0.3521273560585259 0.21861747613819255 -0.9100619342891995 -6.93075
0.7336954606706716 0.5304195923871659 0.42467166964972286 1.49968 0.5731285200791182 -0.8188194352343323 0.0325335512117651 1.4533 0.36498584967525854 0.21952172670230496 -0.9047626987461783 -7.11388
0.7235035712150087 0.5335734420207325 0.4379976762601337 1.52229 0.5783274917317511 -0.8149438903475411 0.0374668906166003 1.4863 0.37693486804272985 0.22619866833242624 -0.8981950053848257 -7.29324
0.7133348308404893 0.5357374837757378 0.45181718381156205 1.54181 0.5829170868452873 -0.81145292608187 0.04185473231277956 1.52299 0.38905152483131783 0.23351551817986696 -0.8911281691180085 -7.48431
0.7037878719361597 0.5381239437059453 0.46379440760527946 1.55915 0.5880358081720534 -0.8075983185712832 0.044708434867216776 1.56108 0.3986182630324552 0.24126246506905435 -0.8848140501403623 -7.67703
0.6952726740502411 0.5394671399804405 0.47494327408686493 1.57351 0.5919449445111036 -0.8045867725835094 0.04734245506306517 1.60074 0.4076727748903201 0.24822435469747045 -0.8787420431208754 -7.8712
0.6866311227234111 0.5403765364774041 0.486344425415027 1.58646 0.5970907870836172 -0.8008078265254109 0.046791205963449795 1.63546 0.4147532920754875 0.25826347748052203 -0.8725134284996497 -8.03443
0.6796537836488307 0.54429601994443 0.4917444224843641 1.59674 0.6009528089095069 -0.7975769316071487 0.052218384041436444 1.67151 0.4206262662216922 0.2600247696677719 -0.8691724013816936 -8.19388
0.6762343924525331 0.5471633377574273 0.4932740904188104 1.6076 0.6020143207626117 -0.7963712213805012 0.05806578470717265 1.70685 0.42460075843206463 0.2576919858495408 -0.8679337741831661 -8.35623
0.6732736625611783 0.5489994755679454 0.4952798715146593 1.618 0.6022327358728491 -0.7957953675440631 0.0634465510371726 1.74214 0.42897355063518733 0.25555686025135455 -0.8664135179196536 -8.517
0.6696699998917215 0.5523313976933536 0.49645958382040334 1.62683 0.6034857967723651 -0.7943233393291624 0.06968016712804054 1.77843 0.4328359785635262 0.25294358999404293 -0.8652586641819198 -8.67463
0.6730130034307766 0.5396872583738945 0.5057580057319457 1.69977 0.6013061987491173 -0.797405892664371 0.05074147898933487 1.77724 0.43067894371442483 0.26996574874047863 -0.8611818286215871 -8.82489
0.670735356899394 0.5277308159034455 0.5211662565352114 1.67768 0.5997809858435292 -0.7992876431014723 0.03744372585436853 1.73506 0.4363219568456374 0.28747078030849793 -0.8526333915835204 -9.04062
0.6657704232090749 0.5256782218759524 0.5295395647403001 1.62923 0.6041279663830419 -0.7962867391920525 0.030932656219250038 1.74242 0.4379259569994678 0.29931561274384766 -0.8477210745014396 -9.25638
0.6633375921311125 0.5261334325315113 0.5321342406181984 1.61047 0.6067130202872909 -0.7943872331909708 0.02912447007357516 1.76523 0.43804400450134057 0.30353341647305127 -0.8461589184099084 -9.46097
0.6663233487619443 0.5254991636209408 0.529021572271264 1.59811 0.6052203193199125 -0.7955664692990415 0.02797066337004947 1.79405 0.43557038464176107 0.30153709881331214 -0.8481472855950666 -9.68385
0.669530428157304 0.5242553815316662 0.5261989174319769 1.57505 0.6036146122918877 -0.7968561053306138 0.025879474976126776 1.81974 0.4328722740014789 0.3002942595728614 -0.8499676182469398 -9.89901
0.6678788963795128 0.5245805167490206 0.5279707010982847 1.5458 0.6048897883021594 -0.795897407604206 0.025605869965159928 1.83391 0.4336428527932318 0.3022624654439159 -0.8488764799457649 -10.0894
0.670511832594819 0.524786281273794 0.5244170490527171 1.52171 0.6033673662194599 -0.7970348476302895 0.02613949204467489 1.86302 0.4316963096109693 0.29888929497354655 -0.8510602126867914 -10.2882
0.6742420780003759 0.5212314165773689 0.5231782015972041 1.49427 0.599468053813255 -0.8000240239386514 0.02448700835866094 1.87308 0.43131852813330873 0.2971184469092385 -0.85187144323258 -10.4809
0.6748834119770352 0.5234810278796875 0.5200961388899754 1.47557 0.5980238216585911 -0.8009121172547341 0.030121241066592724 1.90507 0.4323191980089345 0.2907015546648557 -0.8535764272450049 -10.6573
0.6767867575278623 0.5213138389136397 0.5197995442399369 1.45356 0.5966441794128209 -0.8020335396411227 0.027530427957681763 1.91488 0.4312486614561534 0.29150314346136164 -0.8538445463574857 -10.8351
0.6757254935942445 0.5165046792475567 0.5259448389538525 1.42035 0.5944286495901305 -0.8037407031986765 0.025602003205831447 1.91067 0.4359468291584069 0.29533675412497523 -0.8501332623828193 -10.9941
0.6710646710601033 0.5218649146042774 0.5266205637459154 1.40215 0.5965216957676943 -0.8018561274938504 0.03447632925647004 1.95332 0.4402659125272247 0.2910047451599997 -0.8494010622555953 -11.1389
0.6670141341637105 0.5218136492541681 0.5317919332576263 1.38798 0.596669261411791 -0.8015798655019025 0.038151169159796106 1.97153 0.4461815071382311 0.2918565309771217 -0.8460152646458908 -11.2773
0.6636526367023698 0.5124227133673006 0.5449661830088964 1.36018 0.5929145133556234 -0.804528537454348 0.03444143251713422 1.95439 0.45608941848091267 0.30026121169218856 -0.8377503489124203 -11.408
0.6575584230694399 0.5097624109030472 0.5547604930785399 1.33896 0.5920265533044091 -0.8050223269816527 0.03799491075850889 1.97732 0.4659629603658788 0.30344906902371327 -0.8311420949968235 -11.5348
0.6506017623434351 0.5022649793916817 0.5696027012859841 1.32217 0.5893080705347625 -0.8069914727190209 0.03848065697699568 1.97791 0.478992009159038 0.3106358856208654 -0.8210188802496133 -11.6528
0.6418045759908241 0.49707518643575954 0.5839547459068156 1.31739 0.5870083074821376 -0.8084381638436414 0.04299979288412792 2.00025 0.49346543261326314 0.31518882320123054 -0.810646576841492 -11.7604
0.6296705228641769 0.4882368750173981 0.6042679757435431 1.30552 0.580360988085105 -0.8127044054089677 0.051890971639934114 2.00459 0.5164263317694348 0.3180193442262615 -0.7950896430925659 -11.8575
0.6138742246441801 0.4787112328594453 0.6276894071526907 1.27965 0.572822595486599 -0.8172496635574263 0.0630655334970632 2.03004 0.5431691361054148 0.32084036988736775 -0.7759051144521695 -11.949
0.5973293130168521 0.4644465700617319 0.6538249577438203 1.27132 0.563691608223666 -0.8230421461021332 0.06966632298185046 2.03626 0.5704817811543438 0.3269419050802257 -0.753431833727166 -12.0275
0.5771211045722029 0.4543725657187774 0.6785844105043197 1.25181 0.5554778682504105 -0.8275108980259982 0.08167038344580439 2.07067 0.598644776592379 0.32980491986982313 -0.7299679077112358 -12.1066
0.5604174852848014 0.437706603886095 0.7030968433306756 1.26623 0.5451854618577849 -0.8340290420005227 0.08466622277274558 2.08335 0.623462151510397 0.33586974560712013 -0.7060357353702682 -12.1838
0.5400909099695785 0.41267168386102177 0.733487484765447 1.26588 0.5247580655217892 -0.8464957144640552 0.08985531739312147 2.00565 0.6579747575994558 0.3363734334535024 -0.673737435228769 -12.2296
0.5145023105079829 0.3881011354506972 0.7646338216060198 1.25462 0.5146918856435461 -0.8529880340637199 0.08662376461919136 1.97659 0.6858422816760701 0.3489826964277596 -0.6386168195869666 -12.2748
0.49043727694289035 0.3690674352976251 0.7894684956270741 1.26003 0.5074930315446188 -0.8573977624795238 0.08555641313635293 1.99098 0.708464607668227 0.3586897058711597 -0.6077989754709742 -12.3246
0.4772395587803647 0.3543440645794271 0.8041658332909036 1.31139 0.5007254051614917 -0.8616638401072535 0.08251966600442082 2.01728 0.7221609738562329 0.3632846136969635 -0.5886491461728839 -12.4064
0.4492915155163194 0.32899367378235955 0.8306023697872741 1.30941 0.4840573217970233 -0.8710732174977521 0.08318629077442477 1.97722 0.750883242122064 0.3646842639452661 -0.5506176026344939 -12.4187
0.41647204584033415 0.30817852547522007 0.8553227644985756 1.28479 0.4703960329039575 -0.8781217176566283 0.08734884777712856 1.96072 0.7779965342222198 0.36596208193703916 -0.5106791040590188 -12.4236
0.37837318853775737 0.29285222042987696 0.8781066604832588 1.25142 0.46834906279630656 -0.8788158796619293 0.0912787216817276 1.99069 0.798425253592089 0.3767230105041631 -0.46967742950144864 -12.4238
0.35641502439044626 0.281702959594874 0.8908489057883198 1.26242 0.46758398908824805 -0.8792558210877349 0.0909638072623071 2.04155 0.8089088598458289 0.38412581745936036 -0.4450997785037637 -12.4714
0.3429928349362797 0.27578484104026707 0.8979413325127478 1.30057 0.46403376863919504 -0.8808905556440764 0.09329785924434161 2.08897 0.8167181746140345 0.38467460330708814 -0.43011262807043277 -12.5274
0.3282043339588069 0.2574625264301833 0.908842650107731 1.30747 0.44948082808089684 -0.8887985000938821 0.08946625854799659 2.06949 0.8308121931931233 0.37914413316712803 -0.4074319893265377 -12.5629
0.3060090475107134 0.2404209192602843 0.9211711265685794 1.28786 0.4376114586580464 -0.8948305092255487 0.08817352783189425 2.04026 0.8454907888870007 0.3761331431038546 -0.37903718098103817 -12.5694
0.28488117208894675 0.22834689028065647 0.9309674620997136 1.26185 0.4331505155280789 -0.8970657688798988 0.08748506844985401 2.04271 0.8551159855171621 0.3783261873080821 -0.35446572092367784 -12.5733
0.2778825397327197 0.21695445215297457 0.9357948812654923 1.27755 0.44508948646448243 -0.8923635695716973 0.07471685713440152 2.0865 0.8512794154391831 0.3957499531171949 -0.34453640077248915 -12.6063
0.2840658199179643 0.20489393398556188 0.936656332797817 1.3124 0.4382069361222879 -0.8966464681627525 0.06324391089724937 2.07193 0.8528078863898081 0.39248386839102356 -0.3444925571970545 -12.6575
0.27033177081003495 0.1979003338982555 0.9422081466075687 1.29493 0.4362024877499075 -0.8976135946220155 0.06338157800604124 2.0309 0.8582820768089605 0.3938594833093435 -0.32897809051028665 -12.6005
0.2693718310620641 0.19680505546455568 0.9427123563281983 1.27737 0.4255536966373625 -0.9024639765256868 0.0668043587778537 2.0516 0.8639113773463956 0.3831795156542658 -0.32684949269413877 -12.6003
0.27834686787705104 0.1968605827718788 0.9400898532022092 1.28946 0.4160848641267556 -0.9068755922866838 0.06670866479922472 2.09077 0.8656768490537646 0.3725890109294586 -0.3343366895016952 -12.6055
0.2969146115059598 0.19501229431813671 0.9347790747224937 1.31413 0.4009291264323771 -0.9139186512024169 0.06331298889269307 2.10639 0.8666588423667273 0.3559816063354 -0.3495419100743605 -12.6232
0.3211439079194868 0.19452235138655893 0.9268374427143328 1.33623 0.3722540777445811 -0.9258289873906574 0.06532677636100856 2.0753 0.8708004892102045 0.3240397212044134 -0.3697360775918878 -12.6489
0.32791967371304964 0.19919892095729808 0.9234654717320923 1.30107 0.3492275941005585 -0.9338336744614923 0.07742580939508317 2.05748 0.8777862923916409 0.2971101787741314 -0.37578819374501515 -12.6056
0.3474595506546768 0.2070357774093458 0.9145534689297051 1.27998 0.33900336751607657 -0.9370863761849912 0.08334170853324555 2.10124 0.8742703114435543 0.28107883314292514 -0.3957854369319336 -12.6109
0.38863566062157673 0.21056215065924186 0.8970094224716847 1.31028 0.31919062135149956 -0.9440219419478534 0.08330618441776873 2.12231 0.864337706301463 0.2539412409018244 -0.4340900547521992 -12.6907
0.4106647164803144 0.20177889339404195 0.8891792669753488 1.30401 0.28860239687800493 -0.9538307406272357 0.08315993476891086 2.04543 0.8649064383818711 0.22246841666891692 -0.4499385029428041 -12.6593
0.4295481991868835 0.1993133015493047 0.8807738372594983 1.27769 0.2665369046849037 -0.9598698346968974 0.08722372888120106 2.01995 0.8628130869523803 0.19729193664330696 -0.46543470940534426 -12.635
0.4509147377146649 0.20037446312047485 0.8697850158751281 1.24673 0.2467914000343519 -0.9644747756715795 0.09424654880865088 2.02661 0.8577703096871563 0.17215830396015866 -0.4843465847889939 -12.636
0.47637049158942074 0.20772759048678652 0.8543537925785825 1.24699 0.2349622307554935 -0.9664282586392533 0.10396716319060724 2.07671 0.8472684963228927 0.15121398432041283 -0.509186042704128 -12.6507
0.5011070193169005 0.21944060039815103 0.8371006976990466 1.26002 0.22540884112443574 -0.9670229537959296 0.1185641648000535 2.1317 0.8355133808229948 0.12927656295204615 -0.5340458414191005 -12.6585
0.5261547881477628 0.22047002679035907 0.8213124291012777 1.27765 0.21008962975405018 -0.9695706143656895 0.12567884160965956 2.13207 0.8240288140465655 0.10642269986050035 -0.5564626874961276 -12.6728
0.5474951411455231 0.21783884014439467 0.8079574927844835 1.27732 0.19479081404877682 -0.9721756994216364 0.1301189771565511 2.11057 0.8138216077152649 0.08614318997226122 -0.5746944767762643 -12.6922
0.5668869294955006 0.21344913754887762 0.7956624126140455 1.2809 0.1803455006475827 -0.9745761094321979 0.13295453102535917 2.09785 0.8038126084874111 0.06812395029386345 -0.5909690498097366 -12.7153
0.5825427269939678 0.20894103828551552 0.7854855910496403 1.28087 0.169769386040088 -0.9763575775178202 0.1338067127879082 2.09634 0.7948725223518571 0.0554032791782664 -0.6042417975167655 -12.7451
0.594355159230781 0.2049705069191342 0.7776432575346268 1.28343 0.16006805951393832 -0.9777781458495411 0.1353813643840085 2.09853 0.788111769369799 0.04401123484232776 -0.613956716868916 -12.7731
0.6030462115956907 0.20167387580638094 0.7717920150515407 1.27585 0.15374920382029408 -0.9787583002663742 0.1356221662719757 2.1084 0.7827492887283327 0.036875974250319014 -0.6212436828800585 -12.8214
0.6080314638732224 0.197573735519265 0.7689358607667809 1.28107 0.14848390927589783 -0.9797491757579989 0.1343282594529868 2.10712 0.7799040118029485 0.032498794354337536 -0.6250548461848616 -12.8625
0.6072859108642853 0.18982910419238874 0.7714717970653566 1.27992 0.14436286440700513 -0.9812366265043732 0.12780471895247836 2.08986 0.7812574389059859 0.03375787327176484 -0.6232954517291357 -12.9014
0.5998518284885607 0.18548684890179806 0.7783138266428342 1.27186 0.14899076483793616 -0.9816381465091407 0.11911465615576247 2.11756 0.7861167444164621 0.044510428020636435 -0.6164732645828873 -12.9474
0.5865265037471309 0.18108792434120874 0.7894262625856574 1.24721 0.1544750192746131 -0.9818040019966715 0.11044623163977797 2.16582 0.7950623427268295 0.057166995033080495 -0.6038276292590569 -13.0076
0.5734305127980739 0.170817679772576 0.8012482557043425 1.2747 0.1565254347536087 -0.9828484974810987 0.0975121493678617 2.13479 0.8041624433330194 0.06949928975363756 -0.5903326295034081 -13.0447
0.542095518631651 0.16001357553558238 0.8249412732575572 1.22046 0.15903055239236913 -0.9834976876477552 0.0862646033857217 2.11868 0.8251313423239108 0.08442721146547716 -0.5585967363661413 -13.0642
0.5107929769898354 0.15589884425412084 0.8454502262215624 1.18862 0.1760529493690096 -0.9815476532103051 0.07462950821100013 2.15341 0.8414843395312444 0.11072377720061831 -0.528814099174836 -13.1011
0.4901765316233023 0.15646380807825894 0.8574648940961955 1.21574 0.20303117021639389 -0.9771917622681298 0.062246314556518974 2.24585 0.8476469263592665 0.14358041829217927 -0.5107634988100965 -13.2
0.4659159900061871 0.14171410619168828 0.8734067794349007 1.2306 0.21520230940033974 -0.975600338773676 0.04349649426619122 2.24578 0.8582600167113197 0.16769344379247286 -0.48504500061716516 -13.3026
0.4340384554193749 0.12308541247114124 0.8924464132114446 1.22451 0.22506906759100198 -0.9740252284882156 0.02487506949129563 2.21609 0.8723270797303501 0.1900653453559823 -0.45046712473146244 -13.384
0.39370347648122417 0.10251674028551695 0.9135030873334968 1.19299 0.23892932632374264 -0.9710184407178747 0.005997066642148802 2.19195 0.8876431431769645 0.21590161126554783 -0.40678759153132915 -13.4463
0.3607565615982466 0.07948548075455858 0.9292667871031584 1.20672 0.2553220616381642 -0.9667164282803786 -0.01643143735843966 2.16958 0.8970314086500246 0.2431900607385991 -0.36904369152352207 -13.5324
0.32205216795591485 0.06294302281071237 0.944627215886958 1.19734 0.2745933552133386 -0.9611054762827912 -0.029576219026616946 2.18529 0.9060247736058749 0.2689134420936955 -0.32680983809203823 -13.6221
0.28270911147840966 0.04159715782772275 0.958303310412598 1.18816 0.2979831591547757 -0.9534367991807368 -0.04652211117448954 2.19021 0.911746453323087 0.29871047257946526 -0.2819405228485696 -13.7169
0.24358254209691454 0.022399713563863277 0.9696214715123949 1.17642 0.3201566205305095 -0.9455514961872687 -0.0585841820673578 2.20305 0.915514764226164 0.3247008175078635 -0.23749125372029367 -13.8086
0.20622349341606155 0.0025216570287758255 0.9785016668402282 1.16524 0.3392609197141801 -0.9381522058564112 -0.06908304423980338 2.21421 0.9178092934362587 0.3462139221530226 -0.19432452493047953 -13.9004
0.16733541312065472 -0.025132309090372867 0.9855796398848375 1.15805 0.36064926856129687 -0.9288278200464252 -0.08491752348018256 2.21151 0.9175679618436672 0.3696582851061122 -0.14636183809472633 -13.9843
0.1366546705691895 -0.04211155337892675 0.9897232532802495 1.14426 0.3757527218782229 -0.922229255887394 -0.0911213014969125 2.2253 0.9165889989590393 0.38434335776411976 -0.1102034043479087 -14.0757
